feature	metadata	value	coef	stderr	N	N.not.0	pval	qval
HROV-vOTU46311	Smoking_Status	Former_Smoker	-9.00694876576647	1.78724729915643	77	54	3.42366615287464e-6	0.0406373094344384
HROV-vOTU54639	Smoking_Status	Never_Smoker	-2.47967252304757	0.492812459780025	77	8	3.52907593872674e-6	0.0406373094344384
HROV-vOTU25694	Smoking_Status	Never_Smoker	5.07543767882269	1.14248230032517	77	61	3.20131145588795e-5	0.146630875027038
HROV-vOTU46311	Age	Age	1.66012363486874	0.379209012257933	77	54	4.0451368786091e-5	0.146630875027038
HROV-vOTU16592	Age	Age	-1.31522875917658	0.300831936410297	77	52	4.13195706792144e-5	0.146630875027038
HROV-vOTU39998	Age	Age	-1.50194784639707	0.338307263758454	77	33	3.23484999075808e-5	0.146630875027038
HROV-vOTU49568	Sex	M	2.25981927695164	0.519384675096535	77	11	4.45686550234159e-5	0.146630875027038
HROV-vOTU40394	Smoking_Status	Former_Smoker	-5.42677749311654	1.30519543872488	77	40	8.85839987799229e-5	0.170007457658469
HROV-vOTU43358	Smoking_Status	Former_Smoker	-6.05078842966804	1.44908944120014	77	65	8.32190011254411e-5	0.170007457658469
HROV-vOTU01467	Age	Age	-1.00329815085639	0.240234672768848	77	53	8.30006547720842e-5	0.170007457658469
HROV-vOTU68816	Smoking_Status	Never_Smoker	3.93541592044117	0.945908239707819	77	63	8.77670341886888e-5	0.170007457658469
HROV-vOTU20831	Age	Age	-0.500205991470728	0.118413880499112	77	10	7.00775786070144e-5	0.170007457658469
HROV-vOTU40997	Age	Age	-0.974601139424171	0.237263603797976	77	43	1.0560589438223e-4	0.1870849036633
HROV-vOTU64197	Smoking_Status	Never_Smoker	4.15942487694574	1.04357890157857	77	63	1.6114890797022e-4	0.196654004861531
HROV-vOTU70023	Smoking_Status	Former_Smoker	-1.89014650930343	0.476375208139317	77	77	1.7140103871377e-4	0.196654004861531
HROV-vOTU40564	Age	Age	-1.22344480574719	0.307282567110408	77	67	1.6351072590805e-4	0.196654004861531
HROV-vOTU20840	Smoking_Status	Former_Smoker	3.62940951747267	0.902998005590713	77	9	1.435530343608e-4	0.196654004861531
HROV-vOTU66997	Age	Age	-1.04008381849536	0.263006939267944	77	63	1.7931976127191e-4	0.196654004861531
HROV-vOTU12943	Smoking_Status	Former_Smoker	-5.34053196928256	1.34381018009957	77	46	1.6767672257268e-4	0.196654004861531
HROV-vOTU64208	Smoking_Status	Never_Smoker	4.23711575727173	1.06317224379995	77	52	1.6135898983898e-4	0.196654004861531
HROV-vOTU23111	Sex	M	1.67912283127701	0.417164905866146	77	8	1.407086273158e-4	0.196654004861531
HROV-vOTU04464	Smoking_Status	Never_Smoker	4.03452278767384	1.03118370919277	77	68	2.0701164440354e-4	0.198644923775571
HROV-vOTU28350	Smoking_Status	Former_Smoker	2.71385076312648	0.692739564990825	77	11	2.0348504895865e-4	0.198644923775571
HROV-vOTU48727	Sex	M	1.90910575908533	0.48495738146617	77	14	1.9066359834686e-4	0.198644923775571
HROV-vOTU58198	Smoking_Status	Never_Smoker	4.02674621309191	1.03813347670932	77	56	2.3209424024701e-4	0.213805214115547
HROV-vOTU29180	Smoking_Status	Never_Smoker	3.24908589109875	0.855400783055171	77	55	3.0438736952633e-4	0.269616966161211
HROV-vOTU21496	Smoking_Status	Former_Smoker	3.23331961408863	0.867434444681888	77	71	3.854233122091e-4	0.29273901802205
HROV-vOTU56198	Smoking_Status	Never_Smoker	2.53349233159019	0.682892710108951	77	69	4.0841071210335e-4	0.29273901802205
HROV-vOTU67004	Smoking_Status	Never_Smoker	2.39609702480703	0.650407003880704	77	71	4.4489212465357e-4	0.29273901802205
HROV-vOTU09476	Age	Age	-1.117051506162	0.30320915917923	77	66	4.4474693381661e-4	0.29273901802205
HROV-vOTU53230	Age	Age	-0.722312672989911	0.195361302435754	77	68	4.2579075265573e-4	0.29273901802205
HROV-vOTU17241	Smoking_Status	Never_Smoker	3.66597496361122	0.987625281147183	77	47	4.0576478234856e-4	0.29273901802205
HROV-vOTU17656	Smoking_Status	Former_Smoker	-3.0071824577801	0.802687027469347	77	10	3.6194508932442e-4	0.29273901802205
HROV-vOTU01504	Smoking_Status	Never_Smoker	4.69406866924076	1.27231352164961	77	46	4.3705252707053e-4	0.29273901802205
HROV-vOTU24074	Sex	M	2.11212916641526	0.566378686647784	77	25	3.8321943699505e-4	0.29273901802205
HROV-vOTU66788	Age	Age	-1.08932897686492	0.299103073753986	77	64	5.106274715954e-4	0.301532068483135
HROV-vOTU38162	Smoking_Status	Never_Smoker	2.87242173087181	0.783842628376306	77	48	4.7426700839286e-4	0.301532068483135
HROV-vOTU73417	Sex	M	2.03493591079187	0.556711048821044	77	19	4.8888179417962e-4	0.301532068483135
HROV-vOTU26544	Sex	M	1.01530944794378	0.278556789587227	77	9	5.0579630341289e-4	0.301532068483135
HROV-vOTU41782	Sex	M	1.6305938281845	0.448860436240651	77	22	5.2628426027918e-4	0.303008162855739
HROV-vOTU58536	Smoking_Status	Never_Smoker	2.90697355625836	0.802100287171015	77	59	5.4115228047763e-4	0.303969195595119
HROV-vOTU17656	Smoking_Status	Never_Smoker	-2.04818845312981	0.568611699705517	77	10	5.8153911108354e-4	0.318877279244142
HROV-vOTU12665	Smoking_Status	Never_Smoker	3.90506432412256	1.08808818741786	77	51	6.0692169408559e-4	0.325055967785844
HROV-vOTU16615	Smoking_Status	Never_Smoker	2.42378261763687	0.72158252588427	77	58	0.00126108929829556	0.331234306775601
HROV-vOTU69410	Sex	M	2.21084827604381	0.635834694008405	77	10	8.6929454296046e-4	0.331234306775601
HROV-vOTU05144	diagnosis	RA	1.56629328135479	0.454721937524553	77	72	9.6396766447286e-4	0.331234306775601
HROV-vOTU31834	Age	Age	0.687716872004172	0.204429362377135	77	22	0.00124119116025329	0.331234306775601
HROV-vOTU40394	Age	Age	0.954101287502366	0.276929708248003	77	40	9.6160474692025e-4	0.331234306775601
HROV-vOTU07900	Smoking_Status	Former_Smoker	-4.50080165615625	1.33465541429969	77	40	0.0012098983698918	0.331234306775601
HROV-vOTU02488	Smoking_Status	Never_Smoker	3.38494851810994	0.980921404586609	77	71	9.4499697923577e-4	0.331234306775601
HROV-vOTU32551	Age	Age	-0.890800790441252	0.260256235664831	77	54	0.00103244337877008	0.331234306775601
HROV-vOTU10186	Age	Age	-1.1962555232972	0.354426824229219	77	41	0.00119888261554901	0.331234306775601
HROV-vOTU11091	Smoking_Status	Never_Smoker	3.62754264392778	1.04921982322818	77	65	9.2546939760068e-4	0.331234306775601
HROV-vOTU25063	Sex	M	1.69173152285082	0.50273875509244	77	19	0.00123751529055826	0.331234306775601
HROV-vOTU53179	Age	Age	-1.17549284292189	0.34341665170849	77	49	0.00103195114569232	0.331234306775601
HROV-vOTU53029	Age	Age	-1.07360008870324	0.30801134459995	77	61	8.4606161163628e-4	0.331234306775601
HROV-vOTU09847	Smoking_Status	Former_Smoker	-5.21262080577339	1.53107841001879	77	55	0.00109346675954602	0.331234306775601
HROV-vOTU31714	diagnosis	RA	-1.37108912661523	0.398697491401685	77	58	9.8115586772023e-4	0.331234306775601
HROV-vOTU19336	Smoking_Status	Never_Smoker	4.0668610076025304	1.13953998767931	77	50	6.476367273531e-4	0.331234306775601
HROV-vOTU52372	Age	Age	-1.08757146289173	0.319962272827988	77	60	0.00111245587003419	0.331234306775601
HROV-vOTU33624	Smoking_Status	Never_Smoker	3.88483235397119	1.13879396898627	77	63	0.00107028190359853	0.331234306775601
HROV-vOTU09951	Smoking_Status	Former_Smoker	-4.47828586822687	1.32842922962623	77	46	0.0012142306290634	0.331234306775601
HROV-vOTU29180	Smoking_Status	Former_Smoker	4.10357738894368	1.20753602537743	77	55	0.00111509672391437	0.331234306775601
HROV-vOTU50642	Smoking_Status	Never_Smoker	5.15408251600621	1.46804692091866	77	68	7.8049155793554e-4	0.331234306775601
HROV-vOTU54639	Smoking_Status	Former_Smoker	-2.34769947011471	0.695684187725213	77	8	0.00120083598144404	0.331234306775601
HROV-vOTU41636	Age	Age	-0.96953704730241	0.286390490012703	77	49	0.0011612740043074	0.331234306775601
HROV-vOTU20887	Smoking_Status	Never_Smoker	2.42981569133718	0.723629750506361	77	36	0.00126568037326326	0.331234306775601
HROV-vOTU05876	Smoking_Status	Never_Smoker	4.29278307373058	1.26162518497713	77	59	0.00110022278284874	0.331234306775601
HROV-vOTU27575	Smoking_Status	Never_Smoker	3.0768724362523	0.897989723795235	77	66	0.00102073265766748	0.331234306775601
HROV-vOTU10032	Smoking_Status	Never_Smoker	3.55367505127404	1.04896433512021	77	67	0.00115247889946626	0.331234306775601
HROV-vOTU60075	Age	Age	-0.705579031684252	0.20234609756966	77	44	8.4228142268224e-4	0.331234306775601
HROV-vOTU60075	Smoking_Status	Never_Smoker	2.38168434821646	0.675570037117131	77	44	7.4481405469784e-4	0.331234306775601
HROV-vOTU70764	Smoking_Status	Never_Smoker	3.89512572712486	1.10608615898066	77	56	7.5420114090704e-4	0.331234306775601
HROV-vOTU74826	Smoking_Status	Former_Smoker	2.15264011289153	0.6317709029248	77	14	0.00108398855936181	0.331234306775601
HROV-vOTU34583	Age	Age	-1.22489678051333	0.358437488273254	77	37	0.00105036387803645	0.331234306775601
HROV-vOTU13358	Age	Age	-1.04744647863258	0.295789891860021	77	43	7.0808717003147e-4	0.331234306775601
HROV-vOTU05759	Age	Age	-0.898524171715894	0.25594497257206	77	32	7.8106262397109e-4	0.331234306775601
HROV-vOTU18134	diagnosis	RA	-1.23685060036086	0.364960046450764	77	17	0.0011481210685138	0.331234306775601
HROV-vOTU73601	Age	Age	-0.911846929119991	0.264559423777009	77	30	9.5741663577134e-4	0.331234306775601
HROV-vOTU54184	Age	Age	-0.768404282132941	0.21772327692195	77	43	7.3572355355018e-4	0.331234306775601
HROV-vOTU23863	Sex	M	3.1311878069434	0.880008354353867	77	31	6.7046132025274e-4	0.331234306775601
HROV-vOTU21259	Sex	M	1.73754649081738	0.50437331372586	77	21	9.6258552191858e-4	0.331234306775601
HROV-vOTU41782	Smoking_Status	Never_Smoker	2.07111316598899	0.580922260858178	77	22	6.5531061669692e-4	0.331234306775601
HROV-vOTU37353	Sex	M	0.873359307444233	0.247625009819824	77	8	7.4123997797037e-4	0.331234306775601
HROV-vOTU58027	Age	Age	-0.721870993959114	0.211789998376304	77	15	0.00108018777844044	0.331234306775601
HROV-vOTU23857	Age	Age	-0.811469466317543	0.232153726148729	77	17	8.1999456741555e-4	0.331234306775601
HROV-vOTU55568	Sex	M	0.976491576462133	0.276477119868445	77	10	7.2951951790309e-4	0.331234306775601
HROV-vOTU25738	Age	Age	0.778555889154989	0.225581451439504	77	8	9.4336737340508e-4	0.331234306775601
HROV-vOTU01160	Smoking_Status	Former_Smoker	1.57446371837819	0.469525726010206	77	9	0.00128359043070993	0.332147051901683
HROV-vOTU03963	Sex	M	1.32301811307692	0.395215007279559	77	11	0.0013066345086796	0.334353252609903
HROV-vOTU31641	Smoking_Status	Never_Smoker	4.48704833920425	1.34357744300825	77	28	0.00133938951253744	0.338968576634476
HROV-vOTU23476	Age	Age	-0.726436783742177	0.217957846837448	77	14	0.00136756478078955	0.342337140234601
HROV-vOTU39998	Smoking_Status	Former_Smoker	5.29363024712025	1.59447355915168	77	33	0.00142351820975929	0.352512090008135
HROV-vOTU22379	Smoking_Status	Never_Smoker	3.07879799201924	0.93085400931938	77	65	0.00147956772152601	0.354942131528583
HROV-vOTU25310	Smoking_Status	Never_Smoker	3.2851028817077	0.992367520593939	77	71	0.00146650114368273	0.354942131528583
HROV-vOTU07984	Age	Age	0.545243671597318	0.164519931010236	77	10	0.00144946090051069	0.354942131528583
HROV-vOTU69170	diagnosis	RA	-1.09150828989701	0.331029737387823	77	13	0.00152681769275377	0.355177893576964
HROV-vOTU21259	Smoking_Status	Never_Smoker	2.15591491558966	0.652767903048307	77	21	0.00150152024658687	0.355177893576964
HROV-vOTU73633	Smoking_Status	Former_Smoker	-2.06032146550411	0.624588321118666	77	8	0.00152035664658807	0.355177893576964
HROV-vOTU67606	diagnosis	RA	-1.39584654891858	0.424609536639855	77	70	0.00157432335047008	0.358976898626989
HROV-vOTU01788	Smoking_Status	Never_Smoker	5.59503070545704	1.70103409492129	77	58	0.00156548660073612	0.358976898626989
HROV-vOTU41061	diagnosis	RA	-1.04957093037469	0.320004026871755	77	12	0.00161104412457072	0.363748492047684
HROV-vOTU32087	Age	Age	-1.30632017076529	0.3994888865145	77	51	0.00166071276171552	0.371322474779694
HROV-vOTU12747	Sex	M	1.09066330307519	0.334455302394566	77	9	0.00170698039873383	0.377997678681155
HROV-vOTU70023	Smoking_Status	Never_Smoker	-1.09876755580696	0.33745720003929	77	77	0.00173327149112105	0.380164213719217
HROV-vOTU03486	Smoking_Status	Never_Smoker	-1.73026990042373	0.53268068665763	77	10	0.00177504704228296	0.381722112031957
HROV-vOTU01895	Smoking_Status	Former_Smoker	4.15624245360924	1.2813970252883	77	24	0.00180074496185099	0.381722112031957
HROV-vOTU50467	Smoking_Status	Never_Smoker	2.88234721834663	0.887874615501991	77	38	0.00178530333705274	0.381722112031957
HROV-vOTU72662	Sex	M	1.74307561352489	0.537580240235174	77	20	0.00180667434700318	0.381722112031957
HROV-vOTU24955	Age	Age	0.747328596792543	0.232601217992085	77	24	0.00197656245227568	0.38246325097646
HROV-vOTU05144	Smoking_Status	Former_Smoker	-3.53994489590525	1.09648173276744	77	72	0.00188537545510264	0.38246325097646
HROV-vOTU11370	Smoking_Status	Never_Smoker	2.75342126243906	0.855239266237852	77	70	0.00193759356328255	0.38246325097646
HROV-vOTU34031	Smoking_Status	Former_Smoker	-3.19120219613714	0.991721524066685	77	76	0.00194723536332526	0.38246325097646
HROV-vOTU38312	diagnosis	RA	-0.851133913148154	0.263375106098059	77	10	0.00186718702350044	0.38246325097646
HROV-vOTU17609	Sex	M	1.67552330574249	0.518144876703904	77	18	0.00185553404999328	0.38246325097646
HROV-vOTU18901	Smoking_Status	Never_Smoker	2.58547663707126	0.80344817157372	77	60	0.00194643922815288	0.38246325097646
HROV-vOTU09805	diagnosis	RA	-2.5000357188822	0.77746185789762	77	51	0.0019603090867879	0.38246325097646
HROV-vOTU20950	diagnosis	RA	0.990692517163366	0.306426727717614	77	14	0.00185920052117046	0.38246325097646
HROV-vOTU41205	Smoking_Status	Never_Smoker	3.53178905885022	1.09619151936574	77	47	0.00192352581340394	0.38246325097646
HROV-vOTU23225	Age	Age	-1.05940965896348	0.330012443318588	77	29	0.00199286105589124	0.38246325097646
HROV-vOTU01236	Smoking_Status	Never_Smoker	3.99515271353587	1.2475169091432	77	65	0.00204009062435868	0.388139953495482
HROV-vOTU21643	Smoking_Status	Former_Smoker	2.38167579674801	0.744298145111423	77	18	0.00205614738716669	0.388139953495482
HROV-vOTU03523	Age	Age	-0.908540948747715	0.284538000575393	77	63	0.00209924050719953	0.393052917730123
HROV-vOTU02014	Age	Age	-1.19557289674584	0.3766211323573	77	48	0.00222023760667458	0.393323631397811
HROV-vOTU56546	Age	Age	1.11039788740254	0.349784877306859	77	40	0.00221993345554487	0.393323631397811
HROV-vOTU05302	diagnosis	RA	-1.50273633116412	0.471509180381537	77	57	0.00213739843212212	0.393323631397811
HROV-vOTU74700	Smoking_Status	Never_Smoker	3.46860135643349	1.09234190509762	77	43	0.00221416155175346	0.393323631397811
HROV-vOTU01917	Age	Age	0.451679964229978	0.142282426290062	77	8	0.00221983733476984	0.393323631397811
HROV-vOTU49553	Smoking_Status	Never_Smoker	2.24282347170367	0.703691532902506	77	33	0.00213644489777286	0.393323631397811
HROV-vOTU55519	Sex	M	2.53249429824717	0.79614808450375	77	27	0.00217740229984949	0.393323631397811
HROV-vOTU04657	Smoking_Status	Former_Smoker	-6.11356122089258	1.93057713353745	77	74	0.00227278028902501	0.396531288304893
HROV-vOTU21008	Age	Age	-0.735813679346291	0.232200634132886	77	25	0.00225799738050613	0.396531288304893
HROV-vOTU59590	Smoking_Status	Never_Smoker	4.64549235293775	1.46936495561444	77	57	0.00230815315804513	0.399674941577288
HROV-vOTU69864	diagnosis	RA	-2.01826705811356	0.641558112688534	77	43	0.00241935038111002	0.403751009253361
HROV-vOTU56750	Smoking_Status	Never_Smoker	2.86373088289666	0.908561108456999	77	71	0.00237581606565398	0.403751009253361
HROV-vOTU28914	Age	Age	-0.663915896956221	0.210847139462546	77	39	0.0023982826277662	0.403751009253361
HROV-vOTU45865	Age	Age	-0.991725943594218	0.314817685542092	77	32	0.0023885415678594	0.403751009253361
HROV-vOTU15824	Age	Age	-0.57355968457552	0.182196718226673	77	23	0.0024038802437808	0.403751009253361
HROV-vOTU19118	Sex	M	1.37638398500565	0.447144700193908	77	8	0.00295953073270277	0.403783890310264
HROV-vOTU08696	Smoking_Status	Never_Smoker	3.78836965061786	1.23769625959528	77	70	0.00311488332408327	0.403783890310264
HROV-vOTU70215	Age	Age	1.11997925159846	0.365101357744046	77	30	0.00305342405810919	0.403783890310264
HROV-vOTU01792	Smoking_Status	Former_Smoker	4.72429014427105	1.5346068888273	77	51	0.00295656232332441	0.403783890310264
HROV-vOTU47976	Smoking_Status	Never_Smoker	1.58547272024906	0.518477015600129	77	74	0.00314142250786233	0.403783890310264
HROV-vOTU18442	Age	Age	-1.04442606870741	0.33554169405401	77	66	0.00267170874642247	0.403783890310264
HROV-vOTU01904	Age	Age	-0.97149699420335	0.316063705437169	77	70	0.00299847166049426	0.403783890310264
HROV-vOTU02985	Age	Age	-0.725814353966945	0.233476751387613	77	43	0.00270316614446295	0.403783890310264
HROV-vOTU42237	Age	Age	-1.07378283242791	0.344770391859395	77	45	0.00265719229515899	0.403783890310264
HROV-vOTU15658	Age	Age	-1.06124006071654	0.347028543642114	77	44	0.00314017431059771	0.403783890310264
HROV-vOTU08500	diagnosis	RA	-1.78006097440394	0.57732058508116	77	36	0.00291477846479133	0.403783890310264
HROV-vOTU59704	Age	Age	0.916351736046606	0.295042735866079	77	39	0.00272653349496156	0.403783890310264
HROV-vOTU59704	Smoking_Status	Former_Smoker	-4.32415063704052	1.39056382039175	77	39	0.00269580990382038	0.403783890310264
HROV-vOTU43810	diagnosis	RA	-2.49714762174981	0.813625386837738	77	62	0.00303925287396599	0.403783890310264
HROV-vOTU02550	Age	Age	-1.08806908735469	0.35650794919751	77	65	0.00319664199673101	0.403783890310264
HROV-vOTU67153	Smoking_Status	Former_Smoker	-3.0862298737295	0.994645924353005	77	73	0.00275081940198553	0.403783890310264
HROV-vOTU08060	Age	Age	-1.10793113942991	0.357316180390965	77	63	0.00276836057137506	0.403783890310264
HROV-vOTU59107	Smoking_Status	Never_Smoker	3.43253714974511	1.1249727332033	77	60	0.00320417917117241	0.403783890310264
HROV-vOTU31641	Sex	M	3.19244262598755	1.03814020881361	77	28	0.00298594291698408	0.403783890310264
HROV-vOTU32957	Smoking_Status	Never_Smoker	2.56941213915667	0.820286187100674	77	67	0.00251942628968322	0.403783890310264
HROV-vOTU12593	Sex	M	2.41846896680759	0.788167766939703	77	41	0.00304546059508623	0.403783890310264
HROV-vOTU43848	Sex	M	1.14570096437223	0.369230321571317	77	9	0.00274999302872648	0.403783890310264
HROV-vOTU43848	Smoking_Status	Former_Smoker	-2.09171132453869	0.674581618434068	77	9	0.0027679404722033	0.403783890310264
HROV-vOTU49012	Smoking_Status	Former_Smoker	-2.92316180354053	0.939478845013908	77	18	0.00268114669088806	0.403783890310264
HROV-vOTU37908	Smoking_Status	Never_Smoker	3.06091807181465	0.97651597229836	77	66	0.00250296644963932	0.403783890310264
HROV-vOTU29546	Smoking_Status	Never_Smoker	3.00098101409749	0.97703633097377	77	66	0.00301822252896994	0.403783890310264
HROV-vOTU34371	Smoking_Status	Never_Smoker	2.61558010954096	0.83773374047498	77	67	0.00259674664842938	0.403783890310264
HROV-vOTU45112	Smoking_Status	Never_Smoker	3.3335794060385	1.09270584778367	77	52	0.00320853026169251	0.403783890310264
HROV-vOTU25786	Smoking_Status	Former_Smoker	-3.15226848991478	1.00791975110498	77	17	0.0025560834447481	0.403783890310264
HROV-vOTU43318	Smoking_Status	Never_Smoker	1.47218672142319	0.477721818191949	77	53	0.00292889045351063	0.403783890310264
HROV-vOTU57111	Smoking_Status	Never_Smoker	-2.38553201553258	0.778684460794076	77	15	0.00309003975411313	0.403783890310264
HROV-vOTU57553	Age	Age	-0.932405640128788	0.296813074514287	77	31	0.00245212480328579	0.403783890310264
HROV-vOTU61603	Smoking_Status	Never_Smoker	4.56589480103534	1.47172093578221	77	50	0.00275428491548481	0.403783890310264
HROV-vOTU10378	Smoking_Status	Never_Smoker	4.63676882009335	1.50483691281855	77	52	0.00293269231312877	0.403783890310264
HROV-vOTU28914	Smoking_Status	Never_Smoker	2.159394599167	0.703952344738033	77	39	0.00305391888172806	0.403783890310264
HROV-vOTU62093	Smoking_Status	Never_Smoker	2.3394937334458	0.765903020424169	77	61	0.00317288071651256	0.403783890310264
HROV-vOTU03830	diagnosis	RA	-1.58023472363736	0.51580446493134	77	21	0.00308922002605165	0.403783890310264
HROV-vOTU72761	Smoking_Status	Never_Smoker	3.13355236945538	1.0114670345238	77	38	0.00279043219692435	0.403783890310264
HROV-vOTU59600	Age	Age	-1.11254625806677	0.357485442656481	77	24	0.00267578591893341	0.403783890310264
HROV-vOTU23863	Smoking_Status	Never_Smoker	3.55099942917099	1.13892070120266	77	31	0.00263060146230271	0.403783890310264
HROV-vOTU58966	diagnosis	RA	-1.23528359917693	0.401016747496827	77	16	0.00294019834979307	0.403783890310264
HROV-vOTU23225	Smoking_Status	Never_Smoker	3.41328619768732	1.10180784932164	77	29	0.00279151821836921	0.403783890310264
HROV-vOTU30008	Sex	M	1.00693778890506	0.326503981282818	77	8	0.00290888550715975	0.403783890310264
HROV-vOTU73512	Sex	M	2.59995318504587	0.83813134624299	77	10	0.00275703210378718	0.403783890310264
HROV-vOTU48727	Smoking_Status	Never_Smoker	1.93509383994587	0.627639497079996	77	14	0.00291637517164247	0.403783890310264
HROV-vOTU43885	Age	Age	0.868115810349747	0.28527582251616	77	44	0.00328173840632074	0.405427692193021
HROV-vOTU10903	Age	Age	0.853684787908513	0.280631776457211	77	52	0.00329200948502366	0.405427692193021
HROV-vOTU37178	Sex	M	2.25693867098071	0.741492685883933	77	26	0.00327498294281976	0.405427692193021
HROV-vOTU70339	Smoking_Status	Never_Smoker	1.54577129407542	0.508007919716783	77	22	0.00328429992834511	0.405427692193021
HROV-vOTU06769	diagnosis	RA	-1.48324203111698	0.488215303364017	77	49	0.00333008111310566	0.406409732793972
HROV-vOTU47690	Age	Age	-0.957627530298674	0.315262287807254	77	38	0.00333527744238214	0.406409732793972
HROV-vOTU34201	Smoking_Status	Never_Smoker	2.12423369940351	0.700010422520266	77	67	0.00336456944077226	0.40676086243887
HROV-vOTU05518	Age	Age	-0.695821401425674	0.229388035867372	77	22	0.00337634797824686	0.40676086243887
HROV-vOTU21431	Smoking_Status	Never_Smoker	3.37415961641974	1.11487411916594	77	62	0.0034451031106657	0.40676086243887
HROV-vOTU74280	Age	Age	-0.484241107630488	0.159926700821781	77	15	0.00343102060223498	0.40676086243887
HROV-vOTU07698	Smoking_Status	Never_Smoker	2.96358216671432	0.979533578006659	77	34	0.00345509618708448	0.40676086243887
HROV-vOTU48096	Age	Age	-0.680294403323908	0.224863733336672	77	12	0.00345651563641442	0.40676086243887
HROV-vOTU04694	Age	Age	-0.576412096651964	0.190559468963764	77	11	0.00346179457394783	0.40676086243887
HROV-vOTU16955	Smoking_Status	Former_Smoker	-2.83011357303866	0.939206941499827	77	20	0.00358044303244246	0.410236831030596
HROV-vOTU40888	Age	Age	-0.493949359964586	0.163825509469965	77	70	0.00356176398903633	0.410236831030596
HROV-vOTU21008	diagnosis	RA	-1.36978584793059	0.453851637410819	77	25	0.00353028448869134	0.410236831030596
HROV-vOTU05407	Smoking_Status	Former_Smoker	-2.73075002916293	0.905949423987274	77	33	0.00357064103723081	0.410236831030596
HROV-vOTU49746	Smoking_Status	Never_Smoker	3.88518415978847	1.28801384866923	77	63	0.00354806367334457	0.410236831030596
HROV-vOTU22379	Sex	M	2.16164636939203	0.71924173827014	77	65	0.0036632979103933	0.411958364984425
HROV-vOTU21077	Smoking_Status	Never_Smoker	3.384983394661	1.12579750711795	77	44	0.00364955114158185	0.411958364984425
HROV-vOTU66925	Smoking_Status	Never_Smoker	1.6758612007484	0.557641593064295	77	24	0.00366528265210848	0.411958364984425
HROV-vOTU01875	Smoking_Status	Never_Smoker	3.37509150882148	1.12312005008017	77	34	0.00366701974910148	0.411958364984425
HROV-vOTU43577	Smoking_Status	Former_Smoker	-4.76791290286464	1.59445564501467	77	51	0.00382820130207412	0.412669411179677
HROV-vOTU29337	Smoking_Status	Former_Smoker	-1.58567700336107	0.53170627337982	77	76	0.00391880821207735	0.412669411179677
HROV-vOTU71430	Smoking_Status	Never_Smoker	3.10025288317417	1.03794186227361	77	69	0.00386598102998469	0.412669411179677
HROV-vOTU29735	Smoking_Status	Never_Smoker	3.52314133819769	1.17625017947951	77	65	0.00377384725315547	0.412669411179677
HROV-vOTU59173	Age	Age	-0.87608200758811	0.29422255887278	77	67	0.00397166810418145	0.412669411179677
HROV-vOTU16293	Age	Age	-1.21163830743615	0.404570293854719	77	49	0.00377773325026714	0.412669411179677
HROV-vOTU69434	Sex	M	1.02491687368687	0.343981811214215	77	20	0.0039493005542969	0.412669411179677
HROV-vOTU18043	Sex	M	1.51032316361399	0.504631927242808	77	34	0.00379926881099504	0.412669411179677
HROV-vOTU01491	Smoking_Status	Former_Smoker	-4.45064033379619	1.49788974873233	77	50	0.00404522816940856	0.412669411179677
HROV-vOTU10480	Smoking_Status	Never_Smoker	2.57813785763496	0.861268880775012	77	66	0.00379377987644991	0.412669411179677
HROV-vOTU37096	Smoking_Status	Never_Smoker	2.86567672894208	0.960877722638687	77	57	0.00391755057806092	0.412669411179677
HROV-vOTU60746	Smoking_Status	Never_Smoker	2.22303228535662	0.74280950665145	77	39	0.00380131050459047	0.412669411179677
HROV-vOTU47874	Smoking_Status	Never_Smoker	3.65947130868763	1.23037771549701	77	61	0.00401036346478008	0.412669411179677
HROV-vOTU49292	Smoking_Status	Never_Smoker	3.8158335214161	1.27937929751174	77	36	0.00391513214895301	0.412669411179677
HROV-vOTU67177	Smoking_Status	Never_Smoker	3.61005055649407	1.21513851421229	77	54	0.0040496433750155	0.412669411179677
HROV-vOTU03622	Smoking_Status	Former_Smoker	5.27197965874954	1.75684858608908	77	31	0.00371306075371214	0.412669411179677
HROV-vOTU65050	diagnosis	RA	-0.67606007245725	0.227537016222912	77	11	0.00404598215351729	0.412669411179677
HROV-vOTU03100	diagnosis	RA	-1.45909124582941	0.488304342735837	77	36	0.00385305837243013	0.412669411179677
HROV-vOTU05388	Smoking_Status	Never_Smoker	3.93404992066801	1.3229783221288	77	24	0.00401773886965303	0.412669411179677
HROV-vOTU22441	Smoking_Status	Never_Smoker	3.3296299628557	1.11914153227065	77	33	0.00399995991425134	0.412669411179677
HROV-vOTU56723	Age	Age	-0.32986412653521	0.110589138402512	77	8	0.00391259924845897	0.412669411179677
HROV-vOTU04606	Smoking_Status	Never_Smoker	2.43112699520013	0.82405429117067	77	73	0.00429875083832257	0.414928878250345
HROV-vOTU22969	Smoking_Status	Never_Smoker	2.63961671108215	0.889564314726362	77	71	0.00409178512660059	0.414928878250345
HROV-vOTU22514	diagnosis	RA	1.36029188387265	0.458752256423462	77	66	0.00411685339797035	0.414928878250345
HROV-vOTU01761	Smoking_Status	Never_Smoker	3.52074739745533	1.19068899741957	77	63	0.00421662465467731	0.414928878250345
HROV-vOTU23716	Age	Age	-0.716277461168972	0.242055077382379	77	62	0.00418934145683449	0.414928878250345
HROV-vOTU66843	diagnosis	RA	1.81847094383407	0.61742259100399	77	33	0.00436029199867786	0.414928878250345
HROV-vOTU46509	Sex	M	2.60254595035814	0.883510687843579	77	30	0.00435495951341224	0.414928878250345
HROV-vOTU34520	Sex	M	2.0508896915538	0.697563801717157	77	47	0.00442576992483199	0.414928878250345
HROV-vOTU06121	diagnosis	RA	-1.36342616068412	0.461545016401192	77	56	0.00425141094614872	0.414928878250345
HROV-vOTU27737	Smoking_Status	Never_Smoker	2.70735711871938	0.916049578964901	77	60	0.00423402835476874	0.414928878250345
HROV-vOTU63975	Smoking_Status	Never_Smoker	4.150584635696	1.40968080047869	77	61	0.00437181320259586	0.414928878250345
HROV-vOTU65644	diagnosis	RA	-1.55800092542034	0.529907393239974	77	22	0.0044249639902117	0.414928878250345
HROV-vOTU31921	Smoking_Status	Never_Smoker	2.77634453469385	0.943456340205667	77	38	0.00439203920045753	0.414928878250345
HROV-vOTU18938	Smoking_Status	Former_Smoker	2.5324885029356	0.861356043988681	77	26	0.00442521828996361	0.414928878250345
HROV-vOTU00921	diagnosis	RA	-2.02794975754744	0.684893327221475	77	34	0.0041673951278831	0.414928878250345
HROV-vOTU02851	Age	Age	-0.943031581909516	0.319418655949398	77	32	0.00427241188313631	0.414928878250345
HROV-vOTU66926	Sex	M	1.12971894210889	0.384313984032214	77	15	0.00443215388838841	0.414928878250345
HROV-vOTU45071	diagnosis	RA	-1.1035854886673	0.373683478882507	77	18	0.0042610391440664	0.414928878250345
HROV-vOTU18026	Age	Age	-0.843789108246037	0.286033736829392	77	22	0.0043017074130902	0.414928878250345
HROV-vOTU18620	Age	Age	-0.711411690145228	0.241027738271924	77	19	0.00428178646871381	0.414928878250345
HROV-vOTU32970	Smoking_Status	Never_Smoker	3.64188893645924	1.24060203233353	77	62	0.00448322136392823	0.418010477778409
HROV-vOTU75492	Age	Age	-0.835235804671784	0.284672593044844	77	34	0.0045033232305249004	0.41819166935076
HROV-vOTU15709	Smoking_Status	Never_Smoker	3.37262012146595	1.15193040268316	77	65	0.00458438847205074	0.421461568463406
HROV-vOTU03737	Age	Age	-0.654515608372949	0.223604709970612	77	23	0.00459343698151606	0.421461568463406
HROV-vOTU49568	Smoking_Status	Never_Smoker	1.9686434174714	0.672195843855583	77	11	0.00457288659236456	0.421461568463406
HROV-vOTU57492	Age	Age	0.635419591312762	0.217276935585589	77	21	0.0046283103388913	0.422220284736677
HROV-vOTU68816	Smoking_Status	Former_Smoker	3.90403533746334	1.33530188278408	77	63	0.00463837308025964	0.422220284736677
HROV-vOTU01713	diagnosis	RA	-0.73726708106619	0.2523126695067	77	9	0.00466062386273784	0.422575462830127
HROV-vOTU70281	Smoking_Status	Never_Smoker	3.56652106441573	1.22120452026006	77	48	0.00468124059774861	0.422780278298629
HROV-vOTU42975	Smoking_Status	Former_Smoker	-3.73023126791296	1.28274146613736	77	43	0.00485110936665786	0.422792241242343
HROV-vOTU17949	Smoking_Status	Never_Smoker	3.31592532990007	1.14066311556824	77	67	0.00486495631477294	0.422792241242343
HROV-vOTU52385	Age	Age	-0.672421746995133	0.230933330934871	77	57	0.00479958391627505	0.422792241242343
HROV-vOTU56498	Age	Age	-0.658145593487262	0.225704025076432	77	63	0.00474221522116033	0.422792241242343
HROV-vOTU20008	Smoking_Status	Never_Smoker	3.43072856776013	1.17826579372443	77	61	0.00480069018159676	0.422792241242343
HROV-vOTU49836	Smoking_Status	Never_Smoker	2.1126103486941	0.726224810634364	77	63	0.00483707072041975	0.422792241242343
HROV-vOTU02568	Smoking_Status	Never_Smoker	2.48790186151369	0.854424231523596	77	54	0.00479916525805104	0.422792241242343
HROV-vOTU16199	Smoking_Status	Never_Smoker	3.45518843348569	1.18570425068618	77	67	0.00476841199650793	0.422792241242343
HROV-vOTU60923	Smoking_Status	Former_Smoker	1.43955976768305	0.494102620459562	77	9	0.00477598467624833	0.422792241242343
HROV-vOTU23727	Age	Age	-0.401005353729109	0.137817523399242	77	8	0.00482807334265842	0.422792241242343
HROV-vOTU37133	Smoking_Status	Former_Smoker	-3.59432630792041	1.25011737734841	77	27	0.0053254513536989	0.423141628616428
HROV-vOTU25694	Smoking_Status	Former_Smoker	4.5765224884173	1.61279784088033	77	61	0.00592054357930258	0.423141628616428
HROV-vOTU54272	Smoking_Status	Never_Smoker	2.29286494738459	0.813735063751526	77	52	0.00626050120889988	0.423141628616428
HROV-vOTU58162	Smoking_Status	Never_Smoker	1.89142940729199	0.665920507137234	77	71	0.00587590928296243	0.423141628616428
HROV-vOTU04385	Smoking_Status	Never_Smoker	3.3768032134727	1.18497562682589	77	60	0.00572324038464073	0.423141628616428
HROV-vOTU52417	Smoking_Status	Former_Smoker	1.98007042314844	0.701724949354116	77	74	0.00619060004998738	0.423141628616428
HROV-vOTU69810	Smoking_Status	Never_Smoker	3.56045661183391	1.24013785290662	77	68	0.00538874886831872	0.423141628616428
HROV-vOTU43804	Smoking_Status	Never_Smoker	2.97064954097452	1.05187545789902	77	68	0.0061486870374075	0.423141628616428
HROV-vOTU00231	Age	Age	-0.731187381832	0.259242021553581	77	69	0.00621206353505902	0.423141628616428
HROV-vOTU23159	Age	Age	-0.833486722684642	0.29095661843406	77	71	0.00548674527989352	0.423141628616428
HROV-vOTU06773	Age	Age	-0.791466206423458	0.279686037100557	77	66	0.00605140269197237	0.423141628616428
HROV-vOTU06773	Smoking_Status	Never_Smoker	2.68361436348743	0.933783792890393	77	66	0.00534474245577772	0.423141628616428
HROV-vOTU09659	Age	Age	-0.847898680143711	0.299538410218138	77	55	0.00603706235404478	0.423141628616428
HROV-vOTU24826	Smoking_Status	Never_Smoker	1.69063992304508	0.597614078319814	77	63	0.00606592983337632	0.423141628616428
HROV-vOTU61668	Age	Age	1.00899725170365	0.354828310280643	77	54	0.00582168588408688	0.423141628616428
HROV-vOTU18043	diagnosis	RA	-1.10452184708042	0.38234584460953	77	34	0.00512377512636091	0.423141628616428
HROV-vOTU48450	Smoking_Status	Never_Smoker	3.40202325567234	1.17263736600212	77	67	0.00494664580215212	0.423141628616428
HROV-vOTU21746	Smoking_Status	Never_Smoker	2.70088148999237	0.944891680751235	77	61	0.0055842560366463	0.423141628616428
HROV-vOTU20641	Smoking_Status	Former_Smoker	-2.44944696044846	0.861383120673335	77	14	0.00582168991883355	0.423141628616428
HROV-vOTU68778	Age	Age	-1.23564731542603	0.428332393411849	77	52	0.00518254591390145	0.423141628616428
HROV-vOTU17609	Smoking_Status	Former_Smoker	-2.71241553512554	0.946647631816251	77	18	0.00547679060246654	0.423141628616428
HROV-vOTU67153	diagnosis	RA	1.1749660106187	0.412489609590813	77	73	0.00574272954612823	0.423141628616428
HROV-vOTU57710	Age	Age	-1.06437780276857	0.374949667412499	77	55	0.00590240439317595	0.423141628616428
HROV-vOTU07278	Smoking_Status	Never_Smoker	3.61731762758152	1.27995893408426	77	62	0.00611478289489108	0.423141628616428
HROV-vOTU08300	Sex	M	-1.38332441240143	0.484206173126085	77	53	0.00560812497408655	0.423141628616428
HROV-vOTU50705	Smoking_Status	Never_Smoker	2.79134971618027	0.980575845236347	77	51	0.00577239912877458	0.423141628616428
HROV-vOTU23491	Smoking_Status	Never_Smoker	2.43397039779528	0.857275157943175	77	37	0.0058945819515714	0.423141628616428
HROV-vOTU41338	Smoking_Status	Never_Smoker	1.80416422038739	0.627488748242007	77	31	0.00532511053512999	0.423141628616428
HROV-vOTU00172	Smoking_Status	Former_Smoker	-4.32466987220043	1.50103877179387	77	15	0.0052367535364741	0.423141628616428
HROV-vOTU61390	Age	Age	0.587383100625373	0.206493158379816	77	9	0.00580625953908652	0.423141628616428
HROV-vOTU18901	Smoking_Status	Former_Smoker	3.20303690287521	1.13419654379288	77	60	0.00615019564929978	0.423141628616428
HROV-vOTU30516	Smoking_Status	Former_Smoker	-3.24686747693531	1.12236891736606	77	31	0.00506489959985183	0.423141628616428
HROV-vOTU75944	Smoking_Status	Former_Smoker	-1.63047199965739	0.575832075145496	77	8	0.00602316684720528	0.423141628616428
HROV-vOTU22540	Smoking_Status	Never_Smoker	4.42869687931489	1.56962299643779	77	49	0.0061943282927171	0.423141628616428
HROV-vOTU19387	Smoking_Status	Never_Smoker	3.28735415844745	1.13965624012171	77	61	0.00518655147369672	0.423141628616428
HROV-vOTU28339	Age	Age	0.733653368118301	0.256909492752787	77	43	0.00562718766146422	0.423141628616428
HROV-vOTU38546	Age	Age	0.339191195470218	0.118926073206412	77	12	0.00568409746556486	0.423141628616428
HROV-vOTU56910	diagnosis	RA	-1.40783189081234	0.497449033555733	77	52	0.00604691412790076	0.423141628616428
HROV-vOTU47271	Smoking_Status	Never_Smoker	3.33572009508114	1.18282345719481	77	61	0.00621811727311696	0.423141628616428
HROV-vOTU24353	Smoking_Status	Never_Smoker	3.17207782972138	1.10879693487548	77	49	0.00554616618064737	0.423141628616428
HROV-vOTU73950	Smoking_Status	Never_Smoker	2.47842964720037	0.85539500577860506	77	45	0.00499992323272162	0.423141628616428
HROV-vOTU05941	Age	Age	0.635261920028444	0.220497460405378	77	13	0.00523791799980575	0.423141628616428
HROV-vOTU36179	Sex	M	1.20734332234881	0.428686333164491	77	11	0.00628373586568902	0.423141628616428
HROV-vOTU45865	Smoking_Status	Never_Smoker	2.99978665297018	1.05107732771363	77	32	0.00565384970444895	0.423141628616428
HROV-vOTU72107	Age	Age	-0.643220084964824	0.222709122944913	77	25	0.00513310889559463	0.423141628616428
HROV-vOTU22961	Smoking_Status	Never_Smoker	2.53316760728194	0.89239318803182	77	48	0.00590404720908777	0.423141628616428
HROV-vOTU50467	Smoking_Status	Former_Smoker	3.60962942498299	1.25337807198107	77	38	0.00525456149940472	0.423141628616428
HROV-vOTU51288	Age	Age	-0.742898706791846	0.260711479859183	77	51	0.00572608428312001	0.423141628616428
HROV-vOTU55024	Smoking_Status	Never_Smoker	3.55579975213683	1.2394530105696	77	59	0.00542194062624085	0.423141628616428
HROV-vOTU44975	Sex	M	1.297457786739	0.448728833009678	77	15	0.00508600434042015	0.423141628616428
HROV-vOTU67736	Smoking_Status	Never_Smoker	2.64623200669249	0.932169858393409	77	48	0.00590131791238243	0.423141628616428
HROV-vOTU29456	diagnosis	RA	-1.5482237572917	0.549132302479063	77	15	0.00623088414134824	0.423141628616428
HROV-vOTU67371	Smoking_Status	Former_Smoker	3.49183223808797	1.23263111559473	77	17	0.00600086992495842	0.423141628616428
HROV-vOTU49966	diagnosis	RA	-2.03218224716435	0.700585374062981	77	46	0.00495342221022195	0.423141628616428
HROV-vOTU70430	diagnosis	RA	-2.15553242651653	0.750778427099563	77	40	0.00538803919846153	0.423141628616428
HROV-vOTU11263	Smoking_Status	Never_Smoker	3.76465096890187	1.31933563414742	77	30	0.00566289085403824	0.423141628616428
HROV-vOTU05759	Smoking_Status	Former_Smoker	3.44930823800032	1.2062924302309	77	32	0.00556810801826868	0.423141628616428
HROV-vOTU05759	Smoking_Status	Never_Smoker	2.42332314724676	0.854519838520352	77	32	0.00594955113351627	0.423141628616428
HROV-vOTU19110	Age	Age	-0.540270246787621	0.186856063555913	77	40	0.0050865245213583	0.423141628616428
HROV-vOTU54184	Smoking_Status	Never_Smoker	2.06465703645747	0.726909607044875	77	43	0.00587593474425965	0.423141628616428
HROV-vOTU70339	Sex	M	1.12455934750509	0.392521808547889	77	22	0.00548182429758424	0.423141628616428
HROV-vOTU44701	Smoking_Status	Never_Smoker	-2.40776050776439	0.831559284994304	77	11	0.00502749514510059	0.423141628616428
HROV-vOTU04006	Age	Age	0.411152725596572	0.143350091503334	77	10	0.00543228271991345	0.423141628616428
HROV-vOTU49166	Smoking_Status	Never_Smoker	2.31307463375992	0.807267435764391	77	30	0.00547634730806604	0.423141628616428
HROV-vOTU11334	Sex	M	1.24451607034809	0.431361801327468	77	12	0.0051781301662196	0.423141628616428
HROV-vOTU03181	diagnosis	RA	-1.67154268352373	0.579525080950875	77	16	0.00518922927118456	0.423141628616428
HROV-vOTU42274	Age	Age	-0.508267598532779	0.176839948879038	77	10	0.00534091163845105	0.423141628616428
HROV-vOTU24201	Smoking_Status	Never_Smoker	2.76698278908891	0.972497493691122	77	31	0.00579533686178338	0.423141628616428
HROV-vOTU53512	Smoking_Status	Never_Smoker	2.95095892479563	1.04289980686633	77	31	0.00605593781534788	0.423141628616428
HROV-vOTU04830	Smoking_Status	Never_Smoker	3.16672870346299	1.12422475216191	77	32	0.00627615752412074	0.423141628616428
HROV-vOTU14997	Sex	M	1.66198471725084	0.582158357316059	77	14	0.00564022836177045	0.423141628616428
HROV-vOTU26162	Smoking_Status	Never_Smoker	3.93029616717568	1.3610285868225	77	29	0.00513927373910088	0.423141628616428
HROV-vOTU17189	Age	Age	-0.337560032619357	0.117563359002981	77	8	0.00538438603093219	0.423141628616428
HROV-vOTU16097	Age	Age	-0.765965330293217	0.265825963140486	77	27	0.00523176424336913	0.423141628616428
HROV-vOTU63272	Age	Age	-0.68404150545316	0.23702710828843	77	9	0.00516587862547528	0.423141628616428
HROV-vOTU49518	diagnosis	RA	-0.61807487967686	0.218890702218535	77	8	0.00615689949513724	0.423141628616428
HROV-vOTU05119	Sex	M	1.33469412413712	0.472620527874034	77	11	0.00615069452157858	0.423141628616428
HROV-vOTU05048	Age	Age	-0.860061993323308	0.305498252395557	77	19	0.00630313552551252	0.423210528141555
HROV-vOTU54272	Smoking_Status	Former_Smoker	3.22807807425897	1.14871814950092	77	52	0.0063939009114585	0.426408185378711
HROV-vOTU07900	Age	Age	0.794933596119207	0.283180375541857	77	40	0.00644752487341	0.426408185378711
HROV-vOTU10686	Smoking_Status	Never_Smoker	2.81784120559365	1.00410122056387	77	70	0.00646249604734057	0.426408185378711
HROV-vOTU70250	diagnosis	RA	1.45358293467372	0.518543710494284	77	53	0.0065191214183999	0.426408185378711
HROV-vOTU08062	Smoking_Status	Never_Smoker	3.20642293795695	1.14286922148512	77	69	0.00647587003179484	0.426408185378711
HROV-vOTU34151	Smoking_Status	Never_Smoker	3.40916073038688	1.21438345927164	77	66	0.00644474309857643	0.426408185378711
HROV-vOTU24417	Smoking_Status	Never_Smoker	3.21113730223259	1.14756680143914	77	67	0.00661032637171183	0.426408185378711
HROV-vOTU26939	Age	Age	0.761664141966979	0.272220440794686	77	14	0.00661484713540678	0.426408185378711
HROV-vOTU03985	Age	Age	-0.969403928841567	0.346360561874694	77	42	0.00659901927749639	0.426408185378711
HROV-vOTU07919	Smoking_Status	Never_Smoker	2.47143663474727	0.882768142023829	77	50	0.00658405736485085	0.426408185378711
HROV-vOTU51026	Smoking_Status	Never_Smoker	3.59006837910984	1.28343792335635	77	66	0.00662849024600862	0.426408185378711
HROV-vOTU40350	Age	Age	-1.22118759807112	0.435953323512213	77	52	0.00655579356536323	0.426408185378711
HROV-vOTU65880	Sex	M	1.31384520185785	0.46762600224724	77	13	0.00640372213153206	0.426408185378711
HROV-vOTU70020	Sex	M	0.855127444074284	0.305596079470228	77	8	0.0066100695154028	0.426408185378711
HROV-vOTU23111	Smoking_Status	Never_Smoker	1.51228160238593	0.539901405203204	77	8	0.00655864211812271	0.426408185378711
HROV-vOTU41476	Age	Age	-1.04143464868784	0.372492826427341	77	48	0.00665392361968838	0.426851980393937
HROV-vOTU16315	Smoking_Status	Never_Smoker	4.0189675473982	1.43874981714723	77	67	0.00669991611736166	0.426900018205916
HROV-vOTU08215	Sex	M	0.978003490539648	0.350017427759176	77	11	0.00668536833280892	0.426900018205916
HROV-vOTU19568	Age	Age	-0.645255131151844	0.231040817613953	77	26	0.00671028252672781	0.426900018205916
HROV-vOTU10023	diagnosis	RA	-0.999072385959898	0.358262627242922	77	53	0.00678829244766846	0.428313356355629
HROV-vOTU56568	Smoking_Status	Never_Smoker	2.68671293513995	0.963230511055925	77	32	0.00677672805538113	0.428313356355629
HROV-vOTU70645	Age	Age	-0.399978288325719	0.143388242700148	77	14	0.00677287941812983	0.428313356355629
HROV-vOTU01399	Age	Age	-1.00644631840921	0.361051649531919	77	63	0.00680940378407817	0.428325554078722
HROV-vOTU05982	Smoking_Status	Never_Smoker	1.65011564887586	0.592143698988693	77	56	0.00682568295036434	0.428325554078722
HROV-vOTU25694	Age	Age	-0.952531169382281	0.342195216353453	77	61	0.00688448920842251	0.428801577354132
HROV-vOTU40564	diagnosis	RA	-1.66533973819522	0.600604286683587	77	67	0.0070939383834965	0.428801577354132
HROV-vOTU71115	Smoking_Status	Former_Smoker	-5.01260610792263	1.80510494761648	77	39	0.00701324554441191	0.428801577354132
HROV-vOTU17325	Smoking_Status	Never_Smoker	3.05907820968071	1.1020588942106	77	66	0.00703505265858772	0.428801577354132
HROV-vOTU06484	diagnosis	RA	1.81302367965068	0.652150227668662	77	55	0.00695200774532304	0.428801577354132
HROV-vOTU04356	Smoking_Status	Never_Smoker	2.73186664414324	0.984865242048385	77	42	0.00707287284181126	0.428801577354132
HROV-vOTU48382	diagnosis	RA	1.6327747085526	0.587453623735373	77	67	0.00696474131897638	0.428801577354132
HROV-vOTU03764	Smoking_Status	Never_Smoker	-2.56900109915707	0.926097399648197	77	18	0.0070697547194409	0.428801577354132
HROV-vOTU14153	Smoking_Status	Never_Smoker	2.42148849745862	0.8721288306461	77	25	0.00702062140874758	0.428801577354132
HROV-vOTU60746	Smoking_Status	Former_Smoker	2.91938121903304	1.04859529830079	77	39	0.00687498982472466	0.428801577354132
HROV-vOTU01220	Smoking_Status	Never_Smoker	2.45337656780279	0.882571245695651	77	54	0.00695711472827428	0.428801577354132
HROV-vOTU67808	Smoking_Status	Never_Smoker	3.23288080047542	1.16324699461966	77	25	0.00696905687659711	0.428801577354132
HROV-vOTU04006	diagnosis	RA	0.779038117339245	0.280187321601137	77	10	0.00694529929796494	0.428801577354132
HROV-vOTU42319	Age	Age	-0.51623429784668	0.186122387999701	77	10	0.00707718114529199	0.428801577354132
HROV-vOTU59792	Sex	M	3.51114697680975	1.27121503039205	77	53	0.00730754360222699	0.430416187108152
HROV-vOTU27141	Sex	M	1.16014639502135	0.419625952364537	77	76	0.00725375681439217	0.430416187108152
HROV-vOTU48092	Smoking_Status	Former_Smoker	-2.26707438347039	0.820647185118266	77	72	0.00729737609068472	0.430416187108152
HROV-vOTU36831	Smoking_Status	Never_Smoker	2.7735325175098	1.00376742308961	77	52	0.00728573683771936	0.430416187108152
HROV-vOTU31651	Age	Age	-1.08671144228839	0.393124822936719	77	37	0.00726226614765074	0.430416187108152
HROV-vOTU74340	Age	Age	0.37761844811084	0.136529338599577	77	14	0.00723123809700421	0.430416187108152
HROV-vOTU43318	Smoking_Status	Former_Smoker	1.86363138566884	0.67438131575615	77	53	0.00727878671515861	0.430416187108152
HROV-vOTU25686	Smoking_Status	Former_Smoker	3.0067684266817	1.0866898296373	77	52	0.00720999292335713	0.430416187108152
HROV-vOTU27008	diagnosis	RA	-1.86403340146829	0.674766709440737	77	28	0.00729856072334619	0.430416187108152
HROV-vOTU70227	Age	Age	-0.741678747661983	0.268172638832194	77	18	0.00723452752812608	0.430416187108152
HROV-vOTU55256	diagnosis	RA	0.989480653135566	0.35882127386254	77	74	0.00739789547298314	0.432732788408901
HROV-vOTU06467	Smoking_Status	Never_Smoker	2.56968024072849	0.931628360860121	77	64	0.00738401150791579	0.432732788408901
HROV-vOTU03023	Smoking_Status	Never_Smoker	2.91937278019099	1.05877020704398	77	33	0.00740324440439024	0.432732788408901
HROV-vOTU00371	Smoking_Status	Never_Smoker	2.43460621718823	0.887619880666836	77	74	0.00770423372098901	0.43296812178641
HROV-vOTU45763	Age	Age	1.06361886592981	0.38683700006685	77	31	0.00756399209571645	0.43296812178641
HROV-vOTU46311	Smoking_Status	Never_Smoker	-3.45100560344944	1.26605973410507	77	54	0.00807337091984249	0.43296812178641
HROV-vOTU43787	Age	Age	-0.774730965695859	0.283010890558912	77	49	0.00781908677650208	0.43296812178641
HROV-vOTU34920	Smoking_Status	Never_Smoker	2.2464185138695	0.821677618082498	77	73	0.00789493234509579	0.43296812178641
HROV-vOTU03667	Smoking_Status	Former_Smoker	-3.00108511390536	1.09284179534498	77	72	0.00763503567628154	0.43296812178641
HROV-vOTU21542	Age	Age	0.556877532911086	0.204312796429658	77	27	0.00807716356790754	0.43296812178641
HROV-vOTU16329	Age	Age	-0.868088377663764	0.315628567104863	77	69	0.0075469228152825	0.43296812178641
HROV-vOTU08294	Smoking_Status	Never_Smoker	4.20909647858459	1.54552651963372	77	65	0.0081260789759587	0.43296812178641
HROV-vOTU06193	Age	Age	-0.972057958087119	0.354581225462345	77	65	0.00773440473935199	0.43296812178641
HROV-vOTU10654	Smoking_Status	Never_Smoker	2.93414964871172	1.07379646342809	77	64	0.0079261829333126	0.43296812178641
HROV-vOTU26034	Smoking_Status	Never_Smoker	3.32847345894174	1.21695945554095	77	56	0.00787045822348008	0.43296812178641
HROV-vOTU09133	Age	Age	-0.818933987134023	0.300311802111913	77	48	0.0080477392601107	0.43296812178641
HROV-vOTU60216	Sex	M	1.91061850417041	0.698969512098584	77	47	0.00790495082383401	0.43296812178641
HROV-vOTU67265	Age	Age	-0.693110606360975	0.253489913638514	77	60	0.00788775877149129	0.43296812178641
HROV-vOTU67231	Smoking_Status	Never_Smoker	1.97764027962354	0.723374418626382	77	52	0.00789562202434889	0.43296812178641
HROV-vOTU05795	Sex	M	1.4924876111743	0.542356886047572	77	65	0.00751566621720384	0.43296812178641
HROV-vOTU72910	Smoking_Status	Never_Smoker	3.35701322636098	1.23283237169643	77	49	0.00813492057617711	0.43296812178641
HROV-vOTU22418	Age	Age	0.867139915101085	0.316079300583143	77	59	0.00769201709310651	0.43296812178641
HROV-vOTU12710	diagnosis	RA	-1.31275229032691	0.479925142884175	77	28	0.00786498102227414	0.43296812178641
HROV-vOTU04933	Smoking_Status	Never_Smoker	2.3593482881968	0.860156193231353	77	66	0.00770249151140915	0.43296812178641
HROV-vOTU61537	Smoking_Status	Never_Smoker	1.92019306354789	0.704161243594366	77	61	0.00804825354914387	0.43296812178641
HROV-vOTU50051	Smoking_Status	Never_Smoker	3.13023900815883	1.14464515811562	77	44	0.00787894167213401	0.43296812178641
HROV-vOTU03985	Smoking_Status	Never_Smoker	3.15186069840378	1.15638908015532	77	42	0.00807731560896601	0.43296812178641
HROV-vOTU22959	Smoking_Status	Never_Smoker	1.83524001067812	0.67374565835442	77	67	0.00811430991968937	0.43296812178641
HROV-vOTU54452	Age	Age	-0.784253795036207	0.286616583024639	77	48	0.00784515507015871	0.43296812178641
HROV-vOTU49583	Age	Age	-0.678254655757276	0.247783885781096	77	46	0.00782288103296897	0.43296812178641
HROV-vOTU02798	Smoking_Status	Never_Smoker	2.96446978957626	1.08446780944934	77	39	0.00790295672012695	0.43296812178641
HROV-vOTU49553	Sex	M	1.48062869934352	0.54372040756514	77	33	0.00813192030216092	0.43296812178641
HROV-vOTU44975	Smoking_Status	Never_Smoker	1.58145683431162	0.580751937879585	77	15	0.00813245797897233	0.43296812178641
HROV-vOTU60252	Age	Age	-0.524988122146755	0.19148527529094	77	30	0.00772935326191893	0.43296812178641
HROV-vOTU13618	Age	Age	-0.643883924403558	0.236482156145653	77	24	0.0081404774960276	0.43296812178641
HROV-vOTU08027	Smoking_Status	Never_Smoker	2.22647046303042	0.814567383847824	77	33	0.00790847492044544	0.43296812178641
HROV-vOTU16683	Age	Age	-0.259273094327917	0.0946225743076734	77	8	0.00776311422912464	0.43296812178641
HROV-vOTU16683	Smoking_Status	Former_Smoker	1.21811546205366	0.445964982118064	77	8	0.0079498078692082	0.43296812178641
HROV-vOTU21529	diagnosis	RA	-1.29538521651673	0.471280422712834	77	25	0.00758226364395258	0.43296812178641
HROV-vOTU11248	Age	Age	-0.679171288336436	0.247966621348793	77	15	0.00778689855607759	0.43296812178641
HROV-vOTU41782	diagnosis	RA	0.936861019121647	0.340089307356998	77	22	0.00745596747707478	0.43296812178641
HROV-vOTU67070	Sex	M	1.39294879276242	0.509760153008552	77	19	0.00792495579006418	0.43296812178641
HROV-vOTU00515	Smoking_Status	Never_Smoker	2.97523033295544	1.09313646011292	77	70	0.00816325594413489	0.433179226712964
HROV-vOTU69542	Smoking_Status	Former_Smoker	-4.73581170801976	1.74840510904692	77	57	0.00846031527347099	0.434014953905569
HROV-vOTU01021	Age	Age	-0.827323702772913	0.304534308545175	77	72	0.00827676439424725	0.434014953905569
HROV-vOTU56198	Smoking_Status	Former_Smoker	2.62187866432936	0.964013086332424	77	69	0.00820763660768537	0.434014953905569
HROV-vOTU26340	Age	Age	-0.830127779046373	0.306937152071424	77	66	0.00855521888710526	0.434014953905569
HROV-vOTU65727	Smoking_Status	Never_Smoker	2.32581359323769	0.861318515859224	77	72	0.00865497284112552	0.434014953905569
HROV-vOTU24826	Age	Age	-0.48314442312979	0.178996802636079	77	63	0.00868127463487422	0.434014953905569
HROV-vOTU69787	Age	Age	0.481142335781594	0.177736838561678	77	32	0.00849723827147676	0.434014953905569
HROV-vOTU38564	Smoking_Status	Never_Smoker	-1.89944047312037	0.701563175890385	77	15	0.00848818020133578	0.434014953905569
HROV-vOTU42214	diagnosis	RA	-1.18575991837328	0.438220710764586	77	47	0.00852502350067781	0.434014953905569
HROV-vOTU62755	Smoking_Status	Never_Smoker	-1.18607100231808	0.436742568711138	77	9	0.0082985757305141	0.434014953905569
HROV-vOTU16799	Smoking_Status	Never_Smoker	3.28244430853611	1.21656008333976	77	43	0.00870594245015775	0.434014953905569
HROV-vOTU49842	Smoking_Status	Never_Smoker	2.0540157863735	0.759620820183492	77	64	0.00856807843335552	0.434014953905569
HROV-vOTU08028	Smoking_Status	Never_Smoker	3.0679226816516	1.13715948139651	77	67	0.00871194082098695	0.434014953905569
HROV-vOTU58202	Smoking_Status	Never_Smoker	3.17969387864058	1.17596456624236	77	62	0.00857038019710393	0.434014953905569
HROV-vOTU56498	Smoking_Status	Never_Smoker	2.03746725263493	0.753554817363741	77	63	0.00857260187233112	0.434014953905569
HROV-vOTU20060	Age	Age	0.806124938542732	0.297916284000309	77	29	0.00852440887849809	0.434014953905569
HROV-vOTU58773	Age	Age	0.807497951443733	0.298398312882609	77	28	0.00851906337186026	0.434014953905569
HROV-vOTU41561	diagnosis	RA	1.00593376928704	0.371932766795853	77	8	0.00855384643719354	0.434014953905569
HROV-vOTU22508	Age	Age	-0.668494519556778	0.247453929550343	77	55	0.00862684121595439	0.434014953905569
HROV-vOTU14574	Sex	M	0.981259108875879	0.363898895328748	77	13	0.00874437423413739	0.434014953905569
HROV-vOTU48561	Smoking_Status	Never_Smoker	2.96888827711258	1.09412627478608	77	58	0.00834953556705394	0.434014953905569
HROV-vOTU15604	Smoking_Status	Never_Smoker	4.60041187550708	1.70565508080131	77	43	0.00872925051084895	0.434014953905569
HROV-vOTU50610	Age	Age	-1.04425391057808	0.384809325611153	77	56	0.0083446792849163	0.434014953905569
HROV-vOTU50478	Sex	M	0.830330505051477	0.306157119626015	77	11	0.00838087408177216	0.434014953905569
HROV-vOTU62126	Smoking_Status	Never_Smoker	3.0295621253889	1.11936530163359	77	52	0.00850996187278035	0.434014953905569
HROV-vOTU67808	Age	Age	-0.946707349776772	0.348414637918751	77	25	0.00826544065717674	0.434014953905569
HROV-vOTU08027	Age	Age	-0.658443392686389	0.243978451194331	77	33	0.00869077771311506	0.434014953905569
HROV-vOTU14997	Smoking_Status	Never_Smoker	2.03539989168376	0.753438534128707	77	14	0.00862707160864573	0.434014953905569
HROV-vOTU30563	Smoking_Status	Never_Smoker	2.87293546066988	1.06503567705937	77	22	0.0087209686225811	0.434014953905569
HROV-vOTU07677	Smoking_Status	Never_Smoker	2.69396852878402	0.990724464366229	77	24	0.00822029299072249	0.434014953905569
HROV-vOTU21580	Age	Age	0.409485785366816	0.152570322361731	77	76	0.00904862479992883	0.434109900841473
HROV-vOTU31978	Age	Age	0.707351696292109	0.263357730457599	77	61	0.0090001426509506	0.434109900841473
HROV-vOTU69975	Smoking_Status	Former_Smoker	-3.87877132653162	1.4452789316458	77	50	0.00905260565266917	0.434109900841473
HROV-vOTU00162	Smoking_Status	Never_Smoker	2.73643935066459	1.01840715326744	77	69	0.00897375181377862	0.434109900841473
HROV-vOTU08671	Smoking_Status	Never_Smoker	3.31907956914197	1.23709067406844	77	54	0.00907178054682158	0.434109900841473
HROV-vOTU10006	Age	Age	-0.838884693189294	0.312202790691915	77	23	0.00897358566738647	0.434109900841473
HROV-vOTU45982	Smoking_Status	Never_Smoker	2.29507420112903	0.853450519442112	77	57	0.00892056796375395	0.434109900841473
HROV-vOTU20887	Sex	M	1.50379744370822	0.559126043834452	77	36	0.00891139281217293	0.434109900841473
HROV-vOTU30159	Smoking_Status	Never_Smoker	2.34394914186203	0.873003531290833	77	40	0.00902388418358583	0.434109900841473
HROV-vOTU73417	Smoking_Status	Never_Smoker	1.93473433985845	0.72050422584462	77	19	0.00901592833039317	0.434109900841473
HROV-vOTU30877	Smoking_Status	Never_Smoker	3.53607416199386	1.31365686742391	77	55	0.00885763027793865	0.434109900841473
HROV-vOTU40350	Smoking_Status	Never_Smoker	3.91504493069839	1.45551115877138	77	52	0.00890516532349709	0.434109900841473
HROV-vOTU31976	Smoking_Status	Never_Smoker	2.13735918368045	0.793069141766827	77	55	0.00877933416873461	0.434109900841473
HROV-vOTU20106	diagnosis	RA	-1.18563901359059	0.442005005204465	77	14	0.00908558281396396	0.434109900841473
HROV-vOTU61851	Age	Age	-0.555405670978038	0.206392434747603	77	14	0.00887596418381708	0.434109900841473
HROV-vOTU70747	Sex	M	0.56001754397869	0.208057212937014	77	9	0.00886069683151495	0.434109900841473
HROV-vOTU62802	Sex	M	1.55431126195457	0.578743371554043	77	10	0.00900578334859199	0.434109900841473
HROV-vOTU55568	Smoking_Status	Never_Smoker	0.96147604813296506	0.357821052117467	77	10	0.00897251777354147	0.434109900841473
HROV-vOTU07496	Smoking_Status	Never_Smoker	2.47358572488177	0.922466629832141	77	47	0.00910825678427439	0.434292243771924
HROV-vOTU19384	Smoking_Status	Never_Smoker	2.4473360295835	0.91331855148023	77	54	0.00915480519944894	0.434361284275837
HROV-vOTU12973	Smoking_Status	Never_Smoker	2.10398790353699	0.78514479915995	77	63	0.00915141740993957	0.434361284275837
HROV-vOTU14738	Smoking_Status	Never_Smoker	2.97358268322073	1.10989970209054	77	59	0.00916628676326778	0.434361284275837
HROV-vOTU64197	Smoking_Status	Former_Smoker	3.94438031349988	1.47317975847429	77	63	0.00920818863115331	0.43545089153072
HROV-vOTU73846	Age	Age	-0.485727921410817	0.181834661903945	77	20	0.00936383601708432	0.441903982527565
HROV-vOTU06705	diagnosis	RA	1.27771260174568	0.478875093857726	77	50	0.00944275395603981	0.443661862418466
HROV-vOTU70525	Smoking_Status	Former_Smoker	-4.0372142914634	1.51346976858624	77	69	0.00945887861256913	0.443661862418466
HROV-vOTU75509	Smoking_Status	Former_Smoker	4.09925562174748	1.53612885484814	77	62	0.0094323537824123	0.443661862418466
HROV-vOTU15056	Sex	M	2.92850126750694	1.09856122367262	77	58	0.00950395916992923	0.443967910108459
HROV-vOTU57553	Smoking_Status	Never_Smoker	2.64185017234518	0.99096558903211	77	31	0.00949948004148472	0.443967910108459
HROV-vOTU06438	Smoking_Status	Never_Smoker	2.8172059020966	1.06038458920284	77	66	0.00973689901224444	0.444990309836544
HROV-vOTU50560	Smoking_Status	Never_Smoker	2.12822630825459	0.800679904958914	77	62	0.00970427152081561	0.444990309836544
HROV-vOTU10186	Smoking_Status	Never_Smoker	3.1494553648862	1.18331979551724	77	41	0.00961271155760185	0.444990309836544
HROV-vOTU09485	Smoking_Status	Never_Smoker	1.86905754019703	0.703284681268067	77	48	0.00971505247030063	0.444990309836544
HROV-vOTU11972	Smoking_Status	Former_Smoker	-3.37957650593098	1.26910326754053	77	32	0.00957592434920974	0.444990309836544
HROV-vOTU10023	Age	Age	-0.486830731071024	0.183295161622649	77	53	0.00975747671579747	0.444990309836544
HROV-vOTU71984	Smoking_Status	Never_Smoker	3.34494620042115	1.25765757151124	77	63	0.00966149657122015	0.444990309836544
HROV-vOTU37747	Smoking_Status	Never_Smoker	2.49895062187305	0.938905654860207	77	52	0.00961233169438631	0.444990309836544
HROV-vOTU54587	Smoking_Status	Never_Smoker	2.46441160129672	0.927111988846517	77	47	0.0097007256549895109	0.444990309836544
HROV-vOTU70281	Sex	M	2.51156968725682	0.943586484176418	77	48	0.00960791760697798	0.444990309836544
HROV-vOTU23603	Age	Age	-0.764505262895683	0.287842527751724	77	35	0.00975771196124423	0.444990309836544
HROV-vOTU09011	Smoking_Status	Never_Smoker	3.53112220384437	1.32874273891237	77	27	0.00971820222064691	0.444990309836544
HROV-vOTU16955	Smoking_Status	Never_Smoker	-1.76359466262726	0.665320401483417	77	20	0.00989623221666643	0.445844411031125
HROV-vOTU03337	Smoking_Status	Never_Smoker	2.57797662687236	0.9739465305591	77	75	0.00999798248968861	0.445844411031125
HROV-vOTU28979	Sex	M	2.13924987163534	0.806941427840859	77	30	0.00988786036034676	0.445844411031125
HROV-vOTU04446	Smoking_Status	Never_Smoker	-2.48783196598221	0.938118006296242	77	18	0.00986449979367668	0.445844411031125
HROV-vOTU00965	Smoking_Status	Former_Smoker	-3.25556008281414	1.23070319920165	77	23	0.0100424945964275	0.445844411031125
HROV-vOTU10480	Smoking_Status	Former_Smoker	3.22194971323542	1.21581979076263	77	66	0.00991547251191717	0.445844411031125
HROV-vOTU30434	Smoking_Status	Never_Smoker	2.02392436078561	0.765367330852894	77	63	0.0100668299494653	0.445844411031125
HROV-vOTU51173	Smoking_Status	Never_Smoker	3.62925785584413	1.36766627536227	77	65	0.00982016986236125	0.445844411031125
HROV-vOTU48567	Age	Age	-0.798992327048905	0.301701954571136	77	28	0.00996191997726356	0.445844411031125
HROV-vOTU41205	Age	Age	-0.868810706816599	0.328330245490381	77	47	0.0100192112139323	0.445844411031125
HROV-vOTU74047	Smoking_Status	Never_Smoker	-2.10165909063583	0.794304812754605	77	14	0.0100256390628447	0.445844411031125
HROV-vOTU11805	Sex	M	1.33691149087242	0.504642447570582	77	9	0.00993674294376065	0.445844411031125
HROV-vOTU74611	Smoking_Status	Never_Smoker	-2.1127251559124	0.797968170235385	77	13	0.00997940547399315	0.445844411031125
HROV-vOTU09885	Smoking_Status	Never_Smoker	-0.906057463358536	0.342623731417776	77	9	0.0100645355907304	0.445844411031125
HROV-vOTU66452	Age	Age	-0.978701937728143	0.368749039024893	77	28	0.0098069607198751	0.445844411031125
HROV-vOTU22635	Sex	M	1.09795345360155	0.415579854184591	77	8	0.0101319742752263	0.44786826786653
HROV-vOTU43804	Age	Age	-0.831900247683424	0.315056740739173	77	68	0.01017287743858	0.44881488009674
HROV-vOTU01853	Smoking_Status	Never_Smoker	2.35842447165647	0.894382105944698	77	32	0.0102700401355665	0.451372183820796
HROV-vOTU24074	Smoking_Status	Never_Smoker	1.93316157066022	0.733016235302403	77	25	0.010260738129546	0.451372183820796
HROV-vOTU25935	Age	Age	1.07545503382614	0.408045467718096	77	52	0.0103060426151454	0.452091736051047
HROV-vOTU43747	Smoking_Status	Never_Smoker	2.59081891213577	0.984182356924961	77	60	0.0103938217772382	0.452270343830413
HROV-vOTU40123	diagnosis	RA	1.49770156302606	0.569078060562463	77	68	0.0104120540833988	0.452270343830413
HROV-vOTU73366	Smoking_Status	Never_Smoker	1.71593081491816	0.652139307124723	77	75	0.0104279440978701	0.452270343830413
HROV-vOTU06547	Smoking_Status	Former_Smoker	3.27668349746616	1.24528307318887	77	43	0.0104267584733365	0.452270343830413
HROV-vOTU67547	Smoking_Status	Never_Smoker	3.08044186419426	1.16923346907029	77	65	0.0103348775956716	0.452270343830413
HROV-vOTU05584	Smoking_Status	Never_Smoker	2.71256269419958	1.03039471975281	77	36	0.0103913469392747	0.452270343830413
HROV-vOTU06225	Smoking_Status	Never_Smoker	3.23898557340089	1.23187734632181	77	38	0.0104817866180586	0.453751025965956
HROV-vOTU69542	Age	Age	0.974893692155647	0.370967674558157	77	57	0.0105192381242019	0.454517924953788
HROV-vOTU11680	Smoking_Status	Never_Smoker	4.95208630945936	1.88617286547069	77	33	0.0105899617037169	0.455863211283366
HROV-vOTU69601	diagnosis	RA	-0.68085547133633	0.259268835578055	77	15	0.0105732237368566	0.455863211283366
HROV-vOTU01792	Age	Age	-0.854138470897576	0.325605059127012	77	51	0.0106533292962123	0.456883005012607
HROV-vOTU19339	Smoking_Status	Never_Smoker	2.56003755760278	0.975804260008113	77	32	0.0106453424814227	0.456883005012607
HROV-vOTU54100	Smoking_Status	Never_Smoker	2.30226176549724	0.8781719792866	77	46	0.0106984299916389	0.45739619322284
HROV-vOTU16374	Sex	M	1.29206953199091	0.492888809765923	77	16	0.0107050172881941	0.45739619322284
HROV-vOTU61158	Smoking_Status	Never_Smoker	2.36848621239851	0.904188330674749	77	35	0.0107611829543101	0.458778204480465
HROV-vOTU08738	diagnosis	RA	-1.18085583109023	0.450897027695727	77	8	0.0107772040218815	0.458778204480465
HROV-vOTU02633	diagnosis	RA	-1.58651808120017	0.606098136317676	77	47	0.0108149521678408	0.45936170459796
HROV-vOTU13358	Smoking_Status	Former_Smoker	3.64838174965019	1.39408523599385	77	43	0.0108308035430609	0.45936170459796
HROV-vOTU26492	Sex	M	1.5507939058764	0.592817447554692	77	46	0.0108617880559811	0.45982900538464
HROV-vOTU28745	Age	Age	-0.750431411506986	0.286964402252458	77	64	0.0108879977503006	0.459909239377209
HROV-vOTU29144	diagnosis	RA	-2.23620557393696	0.855524002856579	77	64	0.0109235933104357	0.459909239377209
HROV-vOTU06547	Age	Age	-0.690743088431081	0.264217808239721	77	43	0.0109104723751469	0.459909239377209
HROV-vOTU04464	Smoking_Status	Former_Smoker	3.79442712542206	1.45568194733847	77	68	0.0111353206157506	0.460253000551846
HROV-vOTU03578	Smoking_Status	Never_Smoker	3.41671550926427	1.30793209129028	77	44	0.0109684919742849	0.460253000551846
HROV-vOTU68918	Smoking_Status	Never_Smoker	3.41311678025171	1.30922622653883	77	67	0.0111252394018022	0.460253000551846
HROV-vOTU04934	Smoking_Status	Never_Smoker	2.94090858365678	1.12822610658204	77	60	0.0111343145337124	0.460253000551846
HROV-vOTU31955	Smoking_Status	Never_Smoker	2.99766099605436	1.15025540552816	77	62	0.0111515924580083	0.460253000551846
HROV-vOTU06436	Smoking_Status	Former_Smoker	2.74922979862417	1.05453531732195	77	35	0.011122848230214	0.460253000551846
HROV-vOTU16708	Smoking_Status	Never_Smoker	3.7534724964293	1.43749017848258	77	29	0.0110028473429052	0.460253000551846
HROV-vOTU66926	Smoking_Status	Never_Smoker	1.29835325066074	0.497385223686124	77	15	0.0110254754868742	0.460253000551846
HROV-vOTU74668	Age	Age	-0.892358839637919	0.342171089562499	77	21	0.0110968861963697	0.460253000551846
HROV-vOTU54557	Age	Age	-0.509588581156346	0.195090911857371	77	14	0.0109756940239069	0.460253000551846
HROV-vOTU69101	Sex	M	0.82493688364251	0.316485246261173	77	8	0.0111375370562	0.460253000551846
HROV-vOTU31186	Smoking_Status	Never_Smoker	2.33089181552533	0.894958554049166	77	38	0.0111995496026676	0.461405415651943
HROV-vOTU67096	Age	Age	-0.881283075664963	0.338543679766455	77	24	0.0112386086707041	0.462187781582706
HROV-vOTU32957	Smoking_Status	Former_Smoker	3.01048904171225	1.15796611560931	77	67	0.0113391138690656	0.462194322839966
HROV-vOTU45982	Smoking_Status	Former_Smoker	3.13407828967328	1.20478291406587	77	57	0.0112923543461841	0.462194322839966
HROV-vOTU21563	Sex	M	2.01495086600291	0.774886408770583	77	22	0.0113237624385963	0.462194322839966
HROV-vOTU06179	Smoking_Status	Never_Smoker	2.96642271932917	1.14095426397149	77	24	0.0113348602503558	0.462194322839966
HROV-vOTU30008	diagnosis	RA	-0.643164568322782	0.247383159393097	77	8	0.0113371710125386	0.462194322839966
HROV-vOTU12520	diagnosis	RA	-0.876080317298405	0.337326843316521	77	57	0.0114201117106385	0.462223502101941
HROV-vOTU50704	Smoking_Status	Never_Smoker	-3.50304516267309	1.34862876359173	77	28	0.0114091887932509	0.462223502101941
HROV-vOTU01853	Age	Age	-0.695808116994677	0.267884481150644	77	32	0.0114112501890759	0.462223502101941
HROV-vOTU75022	Age	Age	-0.831481484828755	0.320132781296866	77	40	0.0114147823188005	0.462223502101941
HROV-vOTU00482	Smoking_Status	Never_Smoker	2.23715198208292	0.862160739194216	77	73	0.0114901835253916	0.462783683496976
HROV-vOTU07535	Smoking_Status	Never_Smoker	2.30811928446315	0.889555934193501	77	72	0.0114942365158606	0.462783683496976
HROV-vOTU16624	Smoking_Status	Never_Smoker	1.89872659259194	0.731404229734308	77	21	0.0114542292842108	0.462783683496976
HROV-vOTU38811	Age	Age	-0.725748949408104	0.27980859711918	77	57	0.0115233343272582	0.463145531512662
HROV-vOTU04210	Age	Age	-0.395412634209029	0.152638802015762	77	8	0.0116221422734488	0.466303025361542
HROV-vOTU15372	Smoking_Status	Never_Smoker	3.0274159401782	1.16928113648516	77	67	0.0116648902660115	0.467204213610861
HROV-vOTU67273	diagnosis	RA	1.26143274396032	0.488133105228771	77	72	0.011818009185552	0.46744921924887
HROV-vOTU21695	Smoking_Status	Former_Smoker	-2.59730712587048	1.00747422663155	77	76	0.0120119879168609	0.46744921924887
HROV-vOTU19228	Age	Age	0.450870439210957	0.17540876524561	77	42	0.012256563643707	0.46744921924887
HROV-vOTU01828	Smoking_Status	Never_Smoker	2.76178163493915	1.07480340595501	77	47	0.0122833869505329	0.46744921924887
HROV-vOTU18442	Smoking_Status	Never_Smoker	2.88136585319475	1.12026828008568	77	66	0.0122038962561803	0.46744921924887
HROV-vOTU04356	Age	Age	-0.760094369461324	0.294985904364402	77	42	0.0120540576200752	0.46744921924887
HROV-vOTU36939	Age	Age	-0.617888020987615	0.240544152290829	77	52	0.0123112453340442	0.46744921924887
HROV-vOTU10969	Smoking_Status	Former_Smoker	-2.31298629949382	0.900547115895734	77	20	0.0123205243631812	0.46744921924887
HROV-vOTU53029	diagnosis	RA	-1.55097631564265	0.602028730928418	77	61	0.0120688488901212	0.46744921924887
HROV-vOTU68801	Sex	M	2.04783492241306	0.797005987936754	77	59	0.0122885479661153	0.46744921924887
HROV-vOTU10328	diagnosis	RA	-1.37171018085143	0.533319980150841	77	11	0.0122042503836139	0.46744921924887
HROV-vOTU73171	Smoking_Status	Former_Smoker	-3.16981352322514	1.23315317866303	77	32	0.0122534632455215	0.46744921924887
HROV-vOTU28323	diagnosis	RA	1.09872741170407	0.425083457861222	77	15	0.0118012937430101	0.46744921924887
HROV-vOTU34201	Smoking_Status	Former_Smoker	2.53842620476275	0.988177495365212	77	67	0.0123084423604111	0.46744921924887
HROV-vOTU75944	Smoking_Status	Never_Smoker	-1.05129978517104	0.407910983718918	77	8	0.0120361450237577	0.46744921924887
HROV-vOTU42398	Smoking_Status	Never_Smoker	3.22581930211984	1.25090045726807	77	45	0.011987917144043	0.46744921924887
HROV-vOTU38097	Age	Age	0.844362828166371	0.328239533656165	77	36	0.0121921122656235	0.46744921924887
HROV-vOTU44759	Age	Age	0.594912769547622	0.230666368374539	77	26	0.0119781940804722	0.46744921924887
HROV-vOTU38546	diagnosis	RA	0.597422816799711	0.232448947683235	77	12	0.0122654094313224	0.46744921924887
HROV-vOTU75635	Smoking_Status	Never_Smoker	3.13074528137492	1.21384950380568	77	55	0.0119755867535703	0.46744921924887
HROV-vOTU45209	Smoking_Status	Never_Smoker	2.52708695125908	0.983359855546673	77	41	0.0122743098625214	0.46744921924887
HROV-vOTU50719	Smoking_Status	Former_Smoker	1.53633082385616	0.596164914780921	77	8	0.0120442276206717	0.46744921924887
HROV-vOTU39549	Smoking_Status	Never_Smoker	3.47593747228279	1.34365406544333	77	58	0.0117329353903182	0.46744921924887
HROV-vOTU04911	Smoking_Status	Never_Smoker	2.7098456684881	1.04770895196959	77	41	0.011747848637206	0.46744921924887
HROV-vOTU31976	Age	Age	-0.610244317085023	0.237539318090884	77	55	0.0123010292437709	0.46744921924887
HROV-vOTU69621	Age	Age	-0.488971503683665	0.189458273319073	77	8	0.01192174212795	0.46744921924887
HROV-vOTU26712	Smoking_Status	Never_Smoker	2.79145996319369	1.08406280001411	77	30	0.0121087721639714	0.46744921924887
HROV-vOTU53340	Age	Age	-0.652767786140802	0.25381034978734	77	13	0.0122090389595155	0.46744921924887
HROV-vOTU64162	Age	Age	-0.316093540563752	0.122485684207379	77	8	0.0119291746222894	0.46744921924887
HROV-vOTU37353	Smoking_Status	Never_Smoker	0.829316111682517	0.320480195925392	77	8	0.0117080903398977	0.46744921924887
HROV-vOTU54557	Smoking_Status	Never_Smoker	1.6806713796967	0.651347251801216	77	14	0.0119404310427564	0.46744921924887
HROV-vOTU73512	Smoking_Status	Never_Smoker	2.79150861102423	1.08472281636902	77	10	0.0121574926659056	0.46744921924887
HROV-vOTU67606	Smoking_Status	Never_Smoker	1.86228930220764	0.725295170035554	77	70	0.0123463171988868	0.467657376793359
HROV-vOTU17878	Age	Age	0.710868940660124	0.277032349847173	77	43	0.0123989501899052	0.468879840514807
HROV-vOTU01595	Age	Age	-0.742001419518743	0.289791244135239	77	68	0.0125811858498807	0.469925705802953
HROV-vOTU67370	Smoking_Status	Never_Smoker	3.55862613615343	1.38874353911424	77	60	0.012514846621392	0.469925705802953
HROV-vOTU04128	Sex	M	1.03653280976032	0.404498456908052	77	17	0.0125137060872584	0.469925705802953
HROV-vOTU67833	diagnosis	RA	-1.89582850359873	0.740315877999136	77	50	0.012568999682848	0.469925705802953
HROV-vOTU06110	diagnosis	RA	-1.0419172305209	0.406919722043887	77	21	0.0125802099199804	0.469925705802953
HROV-vOTU63838	Age	Age	-0.327736687877114	0.127910056426761	77	11	0.0125226072442322	0.469925705802953
HROV-vOTU66925	Sex	M	1.10285658482168	0.430872193396421	77	24	0.0126102512456025	0.469925705802953
HROV-vOTU11220	Smoking_Status	Never_Smoker	1.73417984739413	0.676637693080485	77	21	0.0124997729659253	0.469925705802953
HROV-vOTU04552	Age	Age	-1.19083131803907	0.46519503439277	77	39	0.0126015393295227	0.469925705802953
HROV-vOTU44787	Smoking_Status	Never_Smoker	2.66260408418829	1.04086124123826	77	31	0.0126604998533443	0.471036044624427
HROV-vOTU44975	Age	Age	-0.444850693396376	0.173946270304432	77	15	0.012682972427443	0.471111056458086
HROV-vOTU48193	Smoking_Status	Never_Smoker	3.14920992713127	1.23178745424141	77	41	0.0127091514557648	0.471323281845833
HROV-vOTU57517	Smoking_Status	Former_Smoker	-3.35990745331987	1.3145257855724	77	50	0.0127303163595712	0.471349173249075
HROV-vOTU45763	Smoking_Status	Former_Smoker	-4.65849420482278	1.82319871425679	77	31	0.0127591976116187	0.471660226317142
HROV-vOTU72585	Smoking_Status	Former_Smoker	-2.91172237156948	1.13994311660844	77	25	0.012787756890017	0.471958399322262
HROV-vOTU02440	Smoking_Status	Never_Smoker	3.13492441635769	1.22816127842666	77	68	0.0128461230898878	0.472259243739275
HROV-vOTU16293	Smoking_Status	Never_Smoker	3.44881472288559	1.35073308414969	77	49	0.0128206536863258	0.472259243739275
HROV-vOTU07555	Smoking_Status	Never_Smoker	4.16112484822704	1.63040729813375	77	66	0.012857427087474	0.472259243739275
HROV-vOTU04488	Age	Age	0.61550384458864	0.241257452462644	77	24	0.0128900908674262	0.472705083880295
HROV-vOTU58042	Smoking_Status	Never_Smoker	2.15532668961372	0.845479281061578	77	73	0.0129577373782559	0.472926611444111
HROV-vOTU35072	Age	Age	0.644843781421143	0.252898499136069	77	18	0.0129381806193596	0.472926611444111
HROV-vOTU13053	Smoking_Status	Never_Smoker	2.65985623244318	1.04295571712938	77	29	0.0129214510188787	0.472926611444111
HROV-vOTU01792	diagnosis	RA	-1.62005498545039	0.636416820246365	77	51	0.013082227722318	0.473796259424785
HROV-vOTU37684	diagnosis	RA	-1.57143878875154	0.617438001761668	77	65	0.0130991063272058	0.473796259424785
HROV-vOTU20938	diagnosis	RA	1.20238174168303	0.472789873069963	77	35	0.0131655609578897	0.473796259424785
HROV-vOTU33361	Age	Age	-0.758385120598398	0.298167184140878	77	43	0.0131543126682692	0.473796259424785
HROV-vOTU01364	Age	Age	-0.291820192825332	0.114708390107288	77	11	0.0131361306349271	0.473796259424785
HROV-vOTU24353	Sex	M	2.18070516134084	0.856732663601625	77	49	0.0130895563382783	0.473796259424785
HROV-vOTU54565	Smoking_Status	Never_Smoker	3.28900770863181	1.29329153948706	77	46	0.0131667219293036	0.473796259424785
HROV-vOTU65880	Smoking_Status	Never_Smoker	1.54111385816111	0.605208952557125	77	13	0.0130538746152701	0.473796259424785
HROV-vOTU02279	Smoking_Status	Never_Smoker	2.49188224382462	0.978576361212625	77	33	0.0130531902611856	0.473796259424785
HROV-vOTU27906	Smoking_Status	Never_Smoker	4.31044770317332	1.71589893416563	77	49	0.0142776147619612	0.474619358473874
HROV-vOTU05550	diagnosis	RA	-1.33647598380882	0.530068546547702	77	62	0.0139378520722166	0.474619358473874
HROV-vOTU08556	Smoking_Status	Never_Smoker	2.07115360142354	0.817187094354362	77	74	0.0134675091219764	0.474619358473874
HROV-vOTU00252	Smoking_Status	Never_Smoker	2.32493574738751	0.918032412080851	77	71	0.0135370044321351	0.474619358473874
HROV-vOTU23163	Smoking_Status	Never_Smoker	2.12599125421262	0.843922184452458	77	73	0.0140159657320269	0.474619358473874
HROV-vOTU43747	Smoking_Status	Former_Smoker	3.50141645012609	1.38933196586881	77	60	0.0139782100825478	0.474619358473874
HROV-vOTU27141	Smoking_Status	Never_Smoker	1.36699650293568	0.543086530423632	77	76	0.014092419469544	0.474619358473874
HROV-vOTU01886	Smoking_Status	Never_Smoker	-1.06944426163551	0.421971269051249	77	77	0.0134706988931618	0.474619358473874
HROV-vOTU41480	Smoking_Status	Former_Smoker	-2.75662577978557	1.09045162746898	77	32	0.0136987872954451	0.474619358473874
HROV-vOTU30007	Smoking_Status	Former_Smoker	-2.24170821318669	0.886423726527104	77	76	0.0136642405629417	0.474619358473874
HROV-vOTU37684	Age	Age	-0.796000611415744	0.315895071712665	77	65	0.0139923991882618	0.474619358473874
HROV-vOTU09777	Smoking_Status	Never_Smoker	1.60429300227466	0.632783410305803	77	75	0.0134392434316307	0.474619358473874
HROV-vOTU59942	Smoking_Status	Former_Smoker	-4.13969750845777	1.6465312883509	77	64	0.0141988623019105	0.474619358473874
HROV-vOTU07359	Age	Age	-0.73212442312624	0.290601488180476	77	68	0.0140100458256366	0.474619358473874
HROV-vOTU11783	Age	Age	-0.722727915919415	0.284804040344007	77	50	0.0133574285343196	0.474619358473874
HROV-vOTU27248	Sex	M	1.84257226711186	0.727501542351798	77	63	0.013529242584072	0.474619358473874
HROV-vOTU71326	Age	Age	-0.766788317314348	0.303252471213803	77	62	0.0136780620125063	0.474619358473874
HROV-vOTU24166	Smoking_Status	Former_Smoker	-1.83347261435044	0.729564905572734	77	10	0.0142390872247847	0.474619358473874
HROV-vOTU66481	Age	Age	-0.733432041039535	0.29138670677782	77	65	0.0140941671693788	0.474619358473874
HROV-vOTU55034	Smoking_Status	Never_Smoker	2.55986592047505	1.01832275322204	77	60	0.0142131460725014	0.474619358473874
HROV-vOTU43965	Smoking_Status	Never_Smoker	3.36637705413522	1.33042192862842	77	67	0.0136153994721536	0.474619358473874
HROV-vOTU60099	Smoking_Status	Never_Smoker	2.87846998013204	1.13562587949716	77	66	0.0134601993209166	0.474619358473874
HROV-vOTU42209	Smoking_Status	Never_Smoker	3.7441242359706	1.48471733694057	77	50	0.0139215664642549	0.474619358473874
HROV-vOTU03409	Age	Age	-0.853367030731796	0.338926248701062	77	51	0.014064344463731	0.474619358473874
HROV-vOTU18867	Age	Age	-0.695476309386079	0.273772812847401	77	26	0.0132631459107952	0.474619358473874
HROV-vOTU62395	Age	Age	-0.418087166176093	0.165890155479043	77	72	0.0139764194811669	0.474619358473874
HROV-vOTU73571	Smoking_Status	Never_Smoker	3.50386214910374	1.38354139927807	77	63	0.0135366103538248	0.474619358473874
HROV-vOTU14305	Smoking_Status	Never_Smoker	2.81568061095192	1.11352965723229	77	67	0.0136758889958328	0.474619358473874
HROV-vOTU23169	Age	Age	0.668350676974502	0.264418886021064	77	39	0.013711160739578	0.474619358473874
HROV-vOTU21655	Smoking_Status	Never_Smoker	3.02027208384421	1.18864835429529	77	50	0.0132427309905683	0.474619358473874
HROV-vOTU12520	Smoking_Status	Never_Smoker	1.45836789339963	0.576203568381766	77	57	0.0135910361000065	0.474619358473874
HROV-vOTU09276	Smoking_Status	Never_Smoker	2.9838918877903	1.17960226568278	77	39	0.0136414724169835	0.474619358473874
HROV-vOTU07438	Smoking_Status	Never_Smoker	2.15116486492007	0.856271524965188	77	64	0.0142708560669344	0.474619358473874
HROV-vOTU67751	Age	Age	0.540355056545905	0.214699329075735	77	18	0.0141030079364468	0.474619358473874
HROV-vOTU60831	Smoking_Status	Never_Smoker	1.83174496948739	0.729212523809265	77	57	0.0142818591151713	0.474619358473874
HROV-vOTU40575	Smoking_Status	Never_Smoker	3.22762284105154	1.27752439442176	77	57	0.0137524768824469	0.474619358473874
HROV-vOTU12384	Smoking_Status	Former_Smoker	2.36053072530098	0.936393718934625	77	54	0.013954280940168	0.474619358473874
HROV-vOTU06121	Smoking_Status	Former_Smoker	2.80623613715907	1.11293438378796	77	56	0.013932475375483	0.474619358473874
HROV-vOTU43426	Smoking_Status	Never_Smoker	1.93886656447498	0.765144933046961	77	48	0.0134852948746819	0.474619358473874
HROV-vOTU43200	diagnosis	RA	-0.905309414627455	0.357384819407875	77	42	0.0135147619507765	0.474619358473874
HROV-vOTU22134	Smoking_Status	Never_Smoker	2.46317533028319	0.979088282139919	77	59	0.0141402467759256	0.474619358473874
HROV-vOTU04957	diagnosis	RA	-2.16812564042009	0.861914496891688	77	56	0.014151580940971	0.474619358473874
HROV-vOTU03404	Smoking_Status	Never_Smoker	2.64558027406889	1.04235314235704	77	54	0.0133416479327336	0.474619358473874
HROV-vOTU75022	Smoking_Status	Never_Smoker	2.69705557466532	1.06882276229063	77	40	0.0138632069590037	0.474619358473874
HROV-vOTU16167	Smoking_Status	Former_Smoker	1.94605197371196	0.767752879455754	77	14	0.0134588537425989	0.474619358473874
HROV-vOTU70414	Age	Age	-0.542677096899524	0.214300667088971	77	18	0.0135442127355598	0.474619358473874
HROV-vOTU25686	Smoking_Status	Never_Smoker	1.94866179058873	0.769795113085171	77	52	0.0135765378496149	0.474619358473874
HROV-vOTU10455	diagnosis	RA	-0.876940612598415	0.348381347000715	77	11	0.0140888266697321	0.474619358473874
HROV-vOTU40962	Smoking_Status	Never_Smoker	4.10807517875977	1.62575551275223	77	32	0.0137379745721619	0.474619358473874
HROV-vOTU64337	Sex	M	2.11096266029447	0.837765412034669	77	19	0.0139950244286423	0.474619358473874
HROV-vOTU48415	Smoking_Status	Former_Smoker	1.77950906105169	0.70289548410471	77	9	0.0135665998073292	0.474619358473874
HROV-vOTU08478	Age	Age	-0.662678500897244	0.262930609414933	77	17	0.0139731457052104	0.474619358473874
HROV-vOTU72140	diagnosis	RA	-0.474642699668543	0.18895142488228	77	9	0.0142806266005478	0.474619358473874
HROV-vOTU04797	Sex	M	2.22848276771711	0.887554962698283	77	32	0.0143241381450078	0.475338474754366
HROV-vOTU64911	Smoking_Status	Never_Smoker	3.10633834243054	1.23756983583939	77	67	0.014353180976604	0.475616917829049
HROV-vOTU75616	Smoking_Status	Former_Smoker	2.09913573222944	0.836833958179306	77	17	0.0144130946437073	0.476916048339913
HROV-vOTU19575	Smoking_Status	Never_Smoker	2.67320269335075	1.06683266159751	77	54	0.0145139329856356	0.47750839522741
HROV-vOTU36366	Age	Age	-0.942300639037565	0.375918958013124	77	63	0.0144792957203732	0.47750839522741
HROV-vOTU42398	Age	Age	-0.939169128790099	0.374668520019652	77	45	0.0144790039301126	0.47750839522741
HROV-vOTU16733	Smoking_Status	Never_Smoker	2.39909254762368	0.95728867989403	77	60	0.014499067566525	0.47750839522741
HROV-vOTU09858	Smoking_Status	Never_Smoker	2.65141152554971	1.05908343003454	77	58	0.0145984945218112	0.47960531931143
HROV-vOTU09406	Smoking_Status	Never_Smoker	2.33854011045936	0.935909664999273	77	73	0.0147816651570862	0.483958952475536
HROV-vOTU40876	Sex	M	1.0702407971261	0.428294681793981	77	77	0.0147755187901503	0.483958952475536
HROV-vOTU57492	Smoking_Status	Former_Smoker	-2.55787240469163	1.02404638007441	77	21	0.0148150699737409	0.483958952475536
HROV-vOTU26712	Sex	M	2.09240935444041	0.837621372277537	77	30	0.0148063294428635	0.483958952475536
HROV-vOTU39537	Age	Age	-0.482395060280914	0.193195153417251	77	31	0.0148487483240702	0.484372059353167
HROV-vOTU18970	Smoking_Status	Never_Smoker	2.67899391393624	1.07378341900432	77	71	0.0149265475770783	0.485534450141402
HROV-vOTU36178	Smoking_Status	Never_Smoker	2.84457792370756	1.13993630289062	77	40	0.0149083276442606	0.485534450141402
HROV-vOTU11726	Age	Age	-0.773009289503053	0.310409698053575	77	72	0.0151059532818733	0.486097615814812
HROV-vOTU00162	Age	Age	-0.76056784435389	0.305032345839464	77	69	0.0149849346368117	0.486097615814812
HROV-vOTU62395	diagnosis	RA	-0.807832866989512	0.32424338105559	77	72	0.0150610488540512	0.486097615814812
HROV-vOTU71847	Smoking_Status	Never_Smoker	2.73065478576855	1.09543641578059	77	66	0.0150099516913189	0.486097615814812
HROV-vOTU68906	diagnosis	RA	-0.945507011286571	0.379704337372802	77	66	0.0151127178863832	0.486097615814812
HROV-vOTU18026	Smoking_Status	Never_Smoker	2.38080856891268	0.954976767664425	77	22	0.0149983681424784	0.486097615814812
HROV-vOTU73633	Sex	M	0.851873775943928	0.3418666331165	77	8	0.0150458472489121	0.486097615814812
HROV-vOTU72562	diagnosis	RA	0.546411576004002	0.219340183754997	77	8	0.0150719236993275	0.486097615814812
HROV-vOTU58430	diagnosis	RA	-0.733460388388109	0.294626664292106	77	17	0.0151383728926237	0.486243692771443
HROV-vOTU19474	Smoking_Status	Former_Smoker	-1.3653254703882	0.548575417742669	77	74	0.0151618587125719	0.486319785724974
HROV-vOTU00314	Smoking_Status	Never_Smoker	2.09888761708023	0.844530770728974	77	73	0.015302789203444	0.488797829896417
HROV-vOTU75686	Age	Age	-0.528624347239004	0.21261407944963	77	31	0.0152618527486113	0.488797829896417
HROV-vOTU09782	Smoking_Status	Never_Smoker	2.68525632585584	1.08031891434404	77	28	0.0152892287713153	0.488797829896417
HROV-vOTU59600	Smoking_Status	Never_Smoker	2.96490472087857	1.19353156134445	77	24	0.0153473015148916	0.489540656354505
HROV-vOTU11438	Age	Age	0.6898278896292	0.278062446954329	77	52	0.0154786373523891	0.490349897207051
HROV-vOTU16744	Age	Age	-0.956721014884351	0.385416667596562	77	56	0.0154203143105254	0.490349897207051
HROV-vOTU28920	Age	Age	-0.561000240830325	0.225942640805574	77	68	0.0153953382210527	0.490349897207051
HROV-vOTU18809	Age	Age	0.47245585537268	0.190483963481644	77	28	0.0155004222825329	0.490349897207051
HROV-vOTU63642	Smoking_Status	Never_Smoker	2.65607074835304	1.07078473011407	77	16	0.0154925224315948	0.490349897207051
HROV-vOTU38064	Age	Age	-0.596614036746269	0.240403689896597	77	18	0.0154436054179326	0.490349897207051
HROV-vOTU08081	Smoking_Status	Never_Smoker	2.1554747731407	0.869787026277992	77	70	0.0155855985601841	0.492368086201701
HROV-vOTU60571	Smoking_Status	Never_Smoker	2.6712358783954	1.07822852116554	77	40	0.0156150601879541	0.49262306318984
HROV-vOTU72437	Smoking_Status	Former_Smoker	3.84976147940281	1.55551048291623	77	66	0.0157163033796326	0.494574728483596
HROV-vOTU07437	Age	Age	-0.442244545553512	0.178721125682367	77	14	0.0157334232819272	0.494574728483596
HROV-vOTU27814	Smoking_Status	Never_Smoker	2.67879192539542	1.08264670785958	77	24	0.0157413493694519	0.494574728483596
HROV-vOTU33883	diagnosis	RA	-1.86182046468956	0.752843780338185	77	50	0.0157919857450547	0.495489688976308
HROV-vOTU24513	Smoking_Status	Never_Smoker	2.08254727760902	0.843102566077144	77	73	0.0159121875093118	0.496316030247331
HROV-vOTU47534	Age	Age	0.866466069480479	0.351125554066575	77	39	0.0160113007971463	0.496316030247331
HROV-vOTU51319	Age	Age	0.681972710278959	0.276502170542974	77	28	0.0160629021576653	0.496316030247331
HROV-vOTU24081	Age	Age	-1.02321586720172	0.414923970540286	77	64	0.0160792286271297	0.496316030247331
HROV-vOTU40093	Age	Age	-0.867070323943364	0.351207017431731	77	59	0.0159641697944231	0.496316030247331
HROV-vOTU67198	Smoking_Status	Never_Smoker	-1.29652499222748	0.525879292362687	77	16	0.0161035894716406	0.496316030247331
HROV-vOTU67577	Smoking_Status	Never_Smoker	1.92318523447388	0.778986496794446	77	70	0.0159641583992152	0.496316030247331
HROV-vOTU33749	Smoking_Status	Former_Smoker	4.10979468720668	1.6675818253786	77	34	0.0161415851782567	0.496316030247331
HROV-vOTU24034	Smoking_Status	Never_Smoker	2.8553119755078	1.15594060002653	77	64	0.0159113527095999	0.496316030247331
HROV-vOTU25686	Age	Age	-0.568768049653807	0.230568303066959	77	52	0.0160471899090334	0.496316030247331
HROV-vOTU71676	Age	Age	-0.352637468841403	0.142917090603407	77	16	0.016021774754117	0.496316030247331
HROV-vOTU53233	Age	Age	-0.508503477708206	0.206177394389267	77	14	0.0160665478523175	0.496316030247331
HROV-vOTU25800	Smoking_Status	Never_Smoker	2.13650945790782	0.864335217231396	77	30	0.015840664829189	0.496316030247331
HROV-vOTU41782	Age	Age	0.429874219969587	0.173997285281638	77	22	0.0158925581630557	0.496316030247331
HROV-vOTU05429	Smoking_Status	Never_Smoker	1.7369501678737	0.704638348193108	77	30	0.0161208921310204	0.496316030247331
HROV-vOTU62225	Smoking_Status	Former_Smoker	2.5681925557024	1.04311385439695	77	71	0.0162445305554306	0.496411654104567
HROV-vOTU70245	diagnosis	RA	-1.69317591221451	0.687590481512038	77	41	0.0162265124884216	0.496411654104567
HROV-vOTU21384	Age	Age	0.620938558391846	0.2522306031816	77	19	0.0162551606705292	0.496411654104567
HROV-vOTU08070	diagnosis	RA	-1.57655091661296	0.640526332002902	77	31	0.0162740251345614	0.496411654104567
HROV-vOTU50610	Smoking_Status	Never_Smoker	3.16531392171145	1.28475742062013	77	56	0.0161738742759167	0.496411654104567
HROV-vOTU47915	Sex	M	1.99238204095521	0.80923501757804694	77	22	0.0162440391118798	0.496411654104567
HROV-vOTU64916	Smoking_Status	Never_Smoker	2.89141227342415	1.17535801638734	77	51	0.01632873774352	0.496764637032055
HROV-vOTU37364	Smoking_Status	Never_Smoker	2.26566455806643	0.920898069121253	77	47	0.0163182654623789	0.496764637032055
HROV-vOTU49348	Smoking_Status	Never_Smoker	2.25455607624973	0.917457737174145	77	66	0.0164391749955889	0.499227075811953
HROV-vOTU34787	Smoking_Status	Never_Smoker	2.23406162140308	0.909239604759572	77	68	0.0164530330239371	0.499227075811953
HROV-vOTU47534	Smoking_Status	Former_Smoker	-4.0647869651956	1.65488735205333	77	39	0.0164881989206596	0.499635817293145
HROV-vOTU29058	Smoking_Status	Never_Smoker	2.95853685598459	1.20491681677033	77	62	0.0165238943985675	0.500059511168212
HROV-vOTU18571	Smoking_Status	Never_Smoker	1.24545603316894	0.50778909123594	77	59	0.0166377087037019	0.500685671274261
HROV-vOTU23304	Age	Age	0.446440784502623	0.182047050143191	77	13	0.0166532880675677	0.500685671274261
HROV-vOTU07055	Sex	M	1.73940057029568	0.708928343036386	77	41	0.0166011603331094	0.500685671274261
HROV-vOTU60923	Age	Age	-0.257248525978668	0.104836172782001	77	9	0.0165904954682821	0.500685671274261
HROV-vOTU57244	Smoking_Status	Never_Smoker	1.92971267115803	0.78680010099905	77	13	0.0166417438574249	0.500685671274261
HROV-vOTU45737	Smoking_Status	Never_Smoker	2.82937822607885	1.15402063040166	77	67	0.0166780145853526	0.500775327119519
HROV-vOTU37133	Age	Age	0.64652492103064	0.265243526228587	77	27	0.0172969469731369	0.501067533070871
HROV-vOTU00252	Age	Age	-0.670778073387963	0.274968198441304	77	71	0.0172091139055526	0.501067533070871
HROV-vOTU63928	diagnosis	RA	-0.950350943248578	0.389169958280233	77	73	0.0170989450851436	0.501067533070871
HROV-vOTU07618	Smoking_Status	Never_Smoker	-3.47858796640059	1.42699473932025	77	38	0.0172870243801974	0.501067533070871
HROV-vOTU56283	Smoking_Status	Never_Smoker	0.866813115953347	0.354285532236973	77	75	0.0168969933056857	0.501067533070871
HROV-vOTU56580	Smoking_Status	Former_Smoker	-3.05679783059307	1.25103862387239	77	22	0.0170374186147829	0.501067533070871
HROV-vOTU26158	Smoking_Status	Never_Smoker	1.66736384700879	0.683786353821087	77	30	0.017255082710533	0.501067533070871
HROV-vOTU03695	Age	Age	-0.87594758208419	0.358647104650184	77	39	0.0170827488271569	0.501067533070871
HROV-vOTU26908	Smoking_Status	Never_Smoker	2.75931763486631	1.12600487307504	77	66	0.0167300681522075	0.501067533070871
HROV-vOTU23300	Smoking_Status	Never_Smoker	2.80985665389952	1.15201302105424	77	66	0.0172262672826573	0.501067533070871
HROV-vOTU25310	Smoking_Status	Former_Smoker	3.4227111562672	1.40088664316125	77	71	0.0170444475609111	0.501067533070871
HROV-vOTU11617	Smoking_Status	Never_Smoker	2.46095545833652	1.00589353176778	77	67	0.0169019318202929	0.501067533070871
HROV-vOTU23169	Smoking_Status	Former_Smoker	-3.051475733506	1.24623077145027	77	39	0.0168146594406462	0.501067533070871
HROV-vOTU04280	Smoking_Status	Never_Smoker	2.67540250496731	1.09482344950047	77	34	0.0170254308017201	0.501067533070871
HROV-vOTU37079	Smoking_Status	Never_Smoker	1.94277960791928	0.795950669164256	77	29	0.0171498270144942	0.501067533070871
HROV-vOTU04413	Smoking_Status	Never_Smoker	2.28429961758474	0.936663130486992	77	42	0.0172403554870134	0.501067533070871
HROV-vOTU16495	Age	Age	0.32622196676886	0.133331137923048	77	11	0.0168946701722147	0.501067533070871
HROV-vOTU19010	Smoking_Status	Former_Smoker	-5.01515106372947	2.05601012341392	77	26	0.0172183821376571	0.501067533070871
HROV-vOTU15902	Smoking_Status	Former_Smoker	-4.15932773276876	1.70542975176206	77	22	0.0172355055653336	0.501067533070871
HROV-vOTU50930	Age	Age	-0.836705791221559	0.342619349867739	77	60	0.0170949772459193	0.501067533070871
HROV-vOTU19720	Age	Age	0.796950557104473	0.326123987710696	77	17	0.017024552027776	0.501067533070871
HROV-vOTU52099	Smoking_Status	Never_Smoker	3.16170572200596	1.29342845337441	77	55	0.0169927072520709	0.501067533070871
HROV-vOTU08388	Smoking_Status	Never_Smoker	2.8499396423318	1.16783363059626	77	62	0.0171701548901952	0.501067533070871
HROV-vOTU67216	Smoking_Status	Never_Smoker	3.68192453195635	1.50337422092823	77	61	0.0167913437278218	0.501067533070871
HROV-vOTU06882	Smoking_Status	Never_Smoker	2.04165081986087	0.837486356679972	77	35	0.0172813140363414	0.501067533070871
HROV-vOTU28238	Smoking_Status	Never_Smoker	3.38706544805175	1.38296512377812	77	41	0.0167902365671124	0.501067533070871
HROV-vOTU12004	diagnosis	RA	-1.06460056113241	0.435228425202217	77	12	0.0169219457325902	0.501067533070871
HROV-vOTU73713	Sex	M	0.764732226001307	0.312073604518183	77	11	0.016732256898463	0.501067533070871
HROV-vOTU37684	Smoking_Status	Never_Smoker	2.56662685847514	1.05467438159303	77	65	0.0174696932562272	0.502280943434347
HROV-vOTU40817	Sex	M	1.52525015824788	0.62642720365276106	77	76	0.0174134406805232	0.502280943434347
HROV-vOTU11972	diagnosis	RA	1.28195920311727	0.52630981391568	77	32	0.0173731571192581	0.502280943434347
HROV-vOTU69424	Sex	M	1.93682632030971	0.795426611294034	77	39	0.0174084488784622	0.502280943434347
HROV-vOTU01875	Sex	M	2.1126728285574	0.867799686114424	77	34	0.0174277842804618	0.502280943434347
HROV-vOTU57244	Sex	M	1.47968816395724	0.607935795138758	77	13	0.0174527269875892	0.502280943434347
HROV-vOTU65595	Sex	M	1.14523037462273	0.47070259012066	77	11	0.0174941299845392	0.502356375989947
HROV-vOTU71707	Smoking_Status	Never_Smoker	2.83110881631755	1.16434698351871	77	48	0.0175620714451206	0.503679334223074
HROV-vOTU18825	diagnosis	RA	1.1740692806116	0.48330237457394	77	72	0.0176621237864604	0.503732490722771
HROV-vOTU43810	Smoking_Status	Never_Smoker	3.37694988174975	1.38979111953448	77	62	0.0176369585277329	0.503732490722771
HROV-vOTU25231	Smoking_Status	Never_Smoker	1.51193936798814	0.622573921934857	77	43	0.0176951225494416	0.503732490722771
HROV-vOTU18349	Smoking_Status	Never_Smoker	1.84909664617621	0.761015165230147	77	22	0.0176391614990508	0.503732490722771
HROV-vOTU06411	Sex	M	0.977957145951683	0.40253779916384	77	11	0.0176524947445438	0.503732490722771
HROV-vOTU27155	Sex	M	0.725175902655604	0.298607060069204	77	9	0.0176951621795363	0.503732490722771
HROV-vOTU57492	diagnosis	RA	1.0303668537292	0.424682272532858	77	21	0.0177998599205791	0.504840854644011
HROV-vOTU62755	Smoking_Status	Former_Smoker	-1.49597795880252	0.616532502636911	77	9	0.0177893907791195	0.504840854644011
HROV-vOTU46022	diagnosis	RA	-1.7496510010726	0.72087483749205306	77	42	0.01775853194837	0.504840854644011
HROV-vOTU71149	Smoking_Status	Former_Smoker	-3.89703407574172	1.60832567564046	77	49	0.017943584586101	0.505184294642918
HROV-vOTU37640	Age	Age	-0.880578489321648	0.3633749508577	77	43	0.0179301578355614	0.505184294642918
HROV-vOTU07600	diagnosis	RA	-1.99694026678287	0.823713876192143	77	60	0.0178856210168824	0.505184294642918
HROV-vOTU65967	diagnosis	RA	-1.00046017147751	0.41275224581007	77	64	0.0179054777059978	0.505184294642918
HROV-vOTU12645	Smoking_Status	Never_Smoker	2.21760445468332	0.914998963284577	77	27	0.0179173679428854	0.505184294642918
HROV-vOTU41476	Smoking_Status	Never_Smoker	3.01495683875574	1.24363650002566	77	48	0.0178858877675367	0.505184294642918
HROV-vOTU50809	Smoking_Status	Never_Smoker	2.40421495343288	0.992441745209516	77	28	0.0179669468381134	0.505224402541821
HROV-vOTU52624	diagnosis	RA	-1.39628798731499	0.576897007245121	77	65	0.0180666936960766	0.507167668516262
HROV-vOTU00662	Smoking_Status	Former_Smoker	4.80533490020483	1.98564611102516	77	54	0.0180807127447853	0.507167668516262
HROV-vOTU75509	Age	Age	-0.788605276811076	0.325927982111271	77	62	0.0181021199965422	0.507167668516262
HROV-vOTU42025	Smoking_Status	Never_Smoker	2.76644337942147	1.14364140159805	77	51	0.0181292605581072	0.507310899943147
HROV-vOTU58430	Sex	M	-0.939607929539934	0.388857427156512	77	17	0.0182512801217821	0.50948724994502
HROV-vOTU40350	Smoking_Status	Former_Smoker	4.96482136767212	2.05468850902599	77	52	0.0182509302753421	0.50948724994502
HROV-vOTU32042	Age	Age	0.836302550646477	0.346437990908394	77	66	0.0183591010533046	0.509846602118557
HROV-vOTU46353	Smoking_Status	Former_Smoker	-3.33749424845658	1.38244983137359	77	71	0.0183505184889563	0.509846602118557
HROV-vOTU11438	Smoking_Status	Former_Smoker	-3.16442794035329	1.31053414146688	77	52	0.01833097496215	0.509846602118557
HROV-vOTU24826	Smoking_Status	Former_Smoker	2.035704842858	0.843628557676177	77	63	0.0184041774452998	0.509846602118557
HROV-vOTU01625	Smoking_Status	Never_Smoker	2.81202770659971	1.16573349309683	77	66	0.0184412600766286	0.509846602118557
HROV-vOTU67177	Smoking_Status	Former_Smoker	4.13841347342824	1.71536379297458	77	54	0.0184264119543161	0.509846602118557
HROV-vOTU10710	Smoking_Status	Former_Smoker	1.38748011810124	0.575119241395991	77	8	0.0184286830541128	0.509846602118557
HROV-vOTU33026	Smoking_Status	Never_Smoker	1.96163402495234	0.812718169073102	77	19	0.018374574668584	0.509846602118557
HROV-vOTU04572	Smoking_Status	Never_Smoker	1.96167998282993	0.813871379696621	77	73	0.0185315776392436	0.511116446744646
HROV-vOTU59157	Smoking_Status	Former_Smoker	-4.15327546464831	1.72312923799688	77	51	0.0185314473830577	0.511116446744646
HROV-vOTU04657	diagnosis	RA	1.92879722488266	0.800629639754284	77	74	0.0185881935948756	0.51145292531659
HROV-vOTU72437	Smoking_Status	Never_Smoker	2.65475047698024	1.10190077742913	77	66	0.0185813376980986	0.51145292531659
HROV-vOTU53291	Sex	M	1.16029371858815	0.481775081523979	77	13	0.0186224365650362	0.511783668368477
HROV-vOTU06228	Sex	M	1.65660706672552	0.688223606299298	77	76	0.0186834889641436	0.511832545218917
HROV-vOTU34787	Age	Age	-0.655642668773679	0.272334585121602	77	68	0.0186640161843278	0.511832545218917
HROV-vOTU19010	Age	Age	1.04997971946372	0.436233736909324	77	26	0.0186908888636174	0.511832545218917
HROV-vOTU32755	Smoking_Status	Never_Smoker	2.01591420502763	0.838830827967858	77	73	0.0188652276791848	0.514039961101495
HROV-vOTU19129	Age	Age	-0.829341206607563	0.345146442354573	77	44	0.0188831006118917	0.514039961101495
HROV-vOTU31655	Sex	M	1.58530963497721	0.659524155904527	77	49	0.0188426521418816	0.514039961101495
HROV-vOTU38735	Smoking_Status	Never_Smoker	2.4648283291958	1.02577650444703	77	43	0.0188820233087026	0.514039961101495
HROV-vOTU72882	diagnosis	RA	-1.19399398271584	0.496598783114581	77	20	0.0188129007293508	0.514039961101495
HROV-vOTU65351	diagnosis	RA	-0.999026760591209	0.415943856144503	77	15	0.0189325610447051	0.514777899479999
HROV-vOTU60669	Smoking_Status	Never_Smoker	2.12708392439085	0.886137050857851	77	56	0.0190009758568805	0.516028860830138
HROV-vOTU74508	Age	Age	0.556562168504721	0.231965894248669	77	37	0.0190524512009335	0.516453092737765
HROV-vOTU06941	Age	Age	-0.175062397114666	0.0729688028151192	77	8	0.0190614471917977	0.516453092737765
HROV-vOTU29781	Smoking_Status	Former_Smoker	1.47307843326435	0.61420469062299	77	10	0.019099407861739	0.516873517104405
HROV-vOTU71923	Smoking_Status	Never_Smoker	2.36814868209494	0.987727129980724	77	42	0.0191368516549224	0.517278983113689
HROV-vOTU41060	Age	Age	-0.851955937607625	0.355621028892224	77	22	0.0192281259172356	0.517317453123756
HROV-vOTU34183	Smoking_Status	Never_Smoker	2.68471240115449	1.1201953598611	77	67	0.0191816071910622	0.517317453123756
HROV-vOTU23169	Smoking_Status	Never_Smoker	-2.11526205203068	0.882811572791632	77	39	0.0192103786254103	0.517317453123756
HROV-vOTU70406	Smoking_Status	Never_Smoker	2.0381047931098	0.850574104145028	77	36	0.0192055224230524	0.517317453123756
HROV-vOTU05956	Smoking_Status	Never_Smoker	2.30606658693463	0.96358639437381	77	72	0.0193482069250898	0.517808800872303
HROV-vOTU00403	Smoking_Status	Never_Smoker	4.54361190195348	1.89871398047	77	59	0.0193588092727335	0.517808800872303
HROV-vOTU03489	Age	Age	-0.554926804561003	0.23175131165052	77	49	0.0192859406568446	0.517808800872303
HROV-vOTU19110	Smoking_Status	Never_Smoker	1.49346969807472	0.623853680936799	77	40	0.0193126790403218	0.517808800872303
HROV-vOTU38654	Smoking_Status	Never_Smoker	3.43623502144306	1.43573436976946	77	28	0.0193408076012632	0.517808800872303
HROV-vOTU48360	Age	Age	-0.692300860904618	0.289440998476749	77	67	0.0194143960983384	0.518409896444887
HROV-vOTU75320	Smoking_Status	Never_Smoker	2.27759269082417	0.952471013340126	77	62	0.0194441457033526	0.518409896444887
HROV-vOTU40997	Smoking_Status	Never_Smoker	1.89414679857318	0.792148618379764	77	43	0.0194488124415277	0.518409896444887
HROV-vOTU15824	Smoking_Status	Never_Smoker	1.45379624478374	0.608297590975972	77	23	0.0195080046724246	0.519386529024206
HROV-vOTU44351	Smoking_Status	Former_Smoker	-2.23815763295524	0.936858918609839	77	16	0.0195541966773158	0.520015184155406
HROV-vOTU16677	Smoking_Status	Never_Smoker	2.49584735132416	1.04501446983229	77	44	0.0195868704604181	0.520283306463008
HROV-vOTU65654	diagnosis	RA	0.775788159427215	0.324912772338967	77	12	0.0196192026737808	0.520541748360796
HROV-vOTU03533	Smoking_Status	Former_Smoker	-3.98718594102628	1.67151136361413	77	53	0.019733070888978	0.521056698024497
HROV-vOTU69478	Smoking_Status	Never_Smoker	1.93551473219607	0.811691774287092	77	73	0.0197744271310276	0.521056698024497
HROV-vOTU07317	Smoking_Status	Never_Smoker	2.03830206954211	0.856060110859426	77	73	0.0199497450736644	0.521056698024497
HROV-vOTU61960	Smoking_Status	Never_Smoker	2.58654111892243	1.08731185035323	77	37	0.0200594372248225	0.521056698024497
HROV-vOTU36455	Smoking_Status	Former_Smoker	-3.40456540044963	1.4308181649884	77	37	0.0200286120444626	0.521056698024497
HROV-vOTU02748	Age	Age	-1.001174909833	0.421001140353758	77	55	0.0200976355397294	0.521056698024497
HROV-vOTU43771	Smoking_Status	Never_Smoker	2.35430965778987	0.986676833702407	77	71	0.0196973012873735	0.521056698024497
HROV-vOTU15472	Age	Age	-0.811574800834297	0.341307931195446	77	52	0.0201099158963041	0.521056698024497
HROV-vOTU70820	Sex	M	2.08929088601191	0.877320047729828	77	61	0.0199287448840962	0.521056698024497
HROV-vOTU66843	Age	Age	0.75263914946323	0.31588718722485	77	33	0.0198701561945146	0.521056698024497
HROV-vOTU02550	diagnosis	RA	-1.65675242188238	0.696818581471513	77	65	0.0201221384015349	0.521056698024497
HROV-vOTU47688	Sex	M	1.4520169293109	0.608640430073733	77	38	0.0197184506605689	0.521056698024497
HROV-vOTU67606	Age	Age	-0.516771928835619	0.217239722278227	77	70	0.0200609769858624	0.521056698024497
HROV-vOTU69935	Age	Age	-0.802753223352307	0.337076496607132	77	22	0.0199252550479103	0.521056698024497
HROV-vOTU56795	Age	Age	-0.815442319314445	0.342329328979066	77	59	0.0198990755029132	0.521056698024497
HROV-vOTU42785	Smoking_Status	Never_Smoker	2.05861786396436	0.864913361028481	77	39	0.0199939944809177	0.521056698024497
HROV-vOTU39970	Smoking_Status	Never_Smoker	3.71752273551157	1.56300813059232	77	59	0.0200795164210821	0.521056698024497
HROV-vOTU46602	Smoking_Status	Former_Smoker	3.7714372111343	1.58448718152591	77	19	0.0199898671329272	0.521056698024497
HROV-vOTU16455	Age	Age	-0.701503906504034	0.293956167717297	77	50	0.0196813043461088	0.521056698024497
HROV-vOTU03135	Age	Age	-0.648215736311768	0.272612114656609	77	14	0.0201120560325501	0.521056698024497
HROV-vOTU69859	Sex	M	-1.21529246383353	0.510992407573197	77	25	0.0200866948899882	0.521056698024497
HROV-vOTU62071	Smoking_Status	Never_Smoker	1.44767860470474	0.608955812177799	77	21	0.0201363639271299	0.521056698024497
HROV-vOTU02505	Smoking_Status	Never_Smoker	2.06166638683118	0.868797472657471	77	73	0.020354464574243	0.521528291121606
HROV-vOTU73162	Smoking_Status	Never_Smoker	2.02007794181767	0.858409588783707	77	69	0.0213821068901195	0.521528291121606
HROV-vOTU07535	Age	Age	-0.630853741763949	0.266438950759416	77	72	0.0206254658565829	0.521528291121606
HROV-vOTU34553	Age	Age	0.937211200569479	0.395594513179815	77	35	0.0205535411481862	0.521528291121606
HROV-vOTU21580	diagnosis	RA	0.705417804662285	0.298208878208922	77	76	0.0207395494683292	0.521528291121606
HROV-vOTU04887	diagnosis	RA	1.2621277528528	0.533125975847746	77	68	0.0206416292043382	0.521528291121606
HROV-vOTU42975	diagnosis	RA	1.25448369853942	0.531965711232493	77	43	0.0211214162899839	0.521528291121606
HROV-vOTU49771	Sex	M	1.68154926163259	0.709686543880488	77	59	0.0205378990007914	0.521528291121606
HROV-vOTU05726	Smoking_Status	Former_Smoker	-2.42772242735774	1.02603256312452	77	72	0.0207079536471938	0.521528291121606
HROV-vOTU66501	diagnosis	RA	1.14726307707703	0.487012162416288	77	73	0.0212526988519856	0.521528291121606
HROV-vOTU02992	Smoking_Status	Never_Smoker	2.54095775140966	1.07490483935915	77	67	0.0208238768260011	0.521528291121606
HROV-vOTU22926	Age	Age	-0.505335311330489	0.213769881827825	77	64	0.0208222628601455	0.521528291121606
HROV-vOTU11783	diagnosis	RA	-1.31468954201017	0.556668505811965	77	50	0.0209375418907477	0.521528291121606
HROV-vOTU12599	diagnosis	RA	1.43123417092386	0.602978778391813	77	64	0.020324186165	0.521528291121606
HROV-vOTU01529	Smoking_Status	Former_Smoker	-4.51794309337918	1.91662557698247	77	52	0.0211723229052485	0.521528291121606
HROV-vOTU16732	Smoking_Status	Former_Smoker	-3.37873870656684	1.43597233791055	77	61	0.0214008702416896	0.521528291121606
HROV-vOTU70820	diagnosis	RA	-1.57454171869978	0.664721466346569	77	61	0.0205739408963633	0.521528291121606
HROV-vOTU47224	Smoking_Status	Never_Smoker	2.21323977837187	0.938137874847824	77	61	0.0210698815008107	0.521528291121606
HROV-vOTU25462	Age	Age	0.616566618334078	0.26208805735228	77	59	0.0214227426574485	0.521528291121606
HROV-vOTU50116	Sex	M	1.1808538934054	0.501501729569692	77	70	0.0213100394664643	0.521528291121606
HROV-vOTU09255	Smoking_Status	Never_Smoker	3.18860703510446	1.34445624400607	77	67	0.0204228920523545	0.521528291121606
HROV-vOTU11934	Smoking_Status	Never_Smoker	3.05104913846678	1.29213284499884	77	67	0.0209615644182895	0.521528291121606
HROV-vOTU56918	Sex	M	2.68199803552891	1.13115822320101	77	43	0.0204561824082157	0.521528291121606
HROV-vOTU03401	Age	Age	0.603057223100981	0.254566377058497	77	57	0.0205618765046952	0.521528291121606
HROV-vOTU02249	diagnosis	RA	1.50040730706423	0.636486435463612	77	20	0.0211675860761724	0.521528291121606
HROV-vOTU26492	Smoking_Status	Never_Smoker	1.8087343866086	0.76723369694586	77	46	0.0211598246942199	0.521528291121606
HROV-vOTU42326	Smoking_Status	Never_Smoker	1.94348181532142	0.823433504393609	77	44	0.0210156639512316	0.521528291121606
HROV-vOTU20183	Smoking_Status	Never_Smoker	2.31601104438136	0.984354102895488	77	53	0.0214064302642192	0.521528291121606
HROV-vOTU75151	Smoking_Status	Never_Smoker	-0.961292437180709	0.407004192045252	77	10	0.0209289955664232	0.521528291121606
HROV-vOTU55544	Sex	M	1.88016834819955	0.796908112008887	77	21	0.0210622646734111	0.521528291121606
HROV-vOTU62203	diagnosis	RA	1.1044648614681	0.46867528778751	77	20	0.0212077504115751	0.521528291121606
HROV-vOTU01022	Smoking_Status	Former_Smoker	3.08830584006603	1.31204588645461	77	55	0.0213539370360416	0.521528291121606
HROV-vOTU22948	Smoking_Status	Never_Smoker	1.59139108119114	0.676024664597091	77	30	0.0213415201749015	0.521528291121606
HROV-vOTU42746	Smoking_Status	Never_Smoker	2.80875386076236	1.19248177871568	77	37	0.021270301753073	0.521528291121606
HROV-vOTU60406	Age	Age	-0.671400352024899	0.285190420244286	77	33	0.0213322315825904	0.521528291121606
HROV-vOTU59140	Smoking_Status	Never_Smoker	1.34441651581071	0.567118690450029	77	21	0.0204772049287709	0.521528291121606
HROV-vOTU44691	Smoking_Status	Never_Smoker	3.61017153115905	1.5193164745971799	77	61	0.0201935397471958	0.521528291121606
HROV-vOTU01788	Smoking_Status	Former_Smoker	5.69346757483377	2.4012836914603	77	58	0.0204566624003431	0.521528291121606
HROV-vOTU45209	Age	Age	-0.695744006964602	0.294535012425417	77	41	0.0209131225001996	0.521528291121606
HROV-vOTU22859	Smoking_Status	Former_Smoker	1.87452437744374	0.793879697459022	77	11	0.0209631678553408	0.521528291121606
HROV-vOTU55024	Age	Age	-0.877472435186334	0.371239791628358	77	59	0.0208375948652027	0.521528291121606
HROV-vOTU23603	Smoking_Status	Never_Smoker	2.27284265865476	0.961015752182602	77	35	0.0207641032461779	0.521528291121606
HROV-vOTU72662	Smoking_Status	Never_Smoker	1.64330382549371	0.695744831435017	77	20	0.0209258049742967	0.521528291121606
HROV-vOTU34569	Smoking_Status	Never_Smoker	2.24358694491393	0.94451208751923	77	38	0.0202334817746899	0.521528291121606
HROV-vOTU52600	Age	Age	-0.618951179055633	0.261612556863403	77	35	0.020719251748855	0.521528291121606
HROV-vOTU15824	Smoking_Status	Former_Smoker	2.03808297690518	0.858710057091937	77	23	0.0203334633369876	0.521528291121606
HROV-vOTU53291	Smoking_Status	Never_Smoker	1.47166322989665	0.623520914269201	77	13	0.0210141068572208	0.521528291121606
HROV-vOTU32744	Smoking_Status	Never_Smoker	1.7047544218075	0.719627542684193	77	20	0.0205628392405564	0.521528291121606
HROV-vOTU26696	diagnosis	RA	-0.478799847075588	0.203332633378056	77	13	0.0213033685923101	0.521528291121606
HROV-vOTU65362	Age	Age	-0.814858768782824	0.345064706780766	77	28	0.020950259839005	0.521528291121606
HROV-vOTU49166	Age	Age	-0.569121242808777	0.241791977659408	77	30	0.0213563489865462	0.521528291121606
HROV-vOTU16271	Sex	M	1.80940238395103	0.76665683236525894	77	24	0.0210207349341715	0.521528291121606
HROV-vOTU41617	Smoking_Status	Former_Smoker	1.29631862020366	0.546979960467431	77	11	0.0205106447239227	0.521528291121606
HROV-vOTU00933	Age	Age	-0.383666024756109	0.162170402455823	77	8	0.0207237808560428	0.521528291121606
HROV-vOTU05119	Smoking_Status	Never_Smoker	1.43948030876301	0.611672946450931	77	11	0.0213783893832459	0.521528291121606
HROV-vOTU12769	Age	Age	0.305221647145144	0.129410117076994	77	9	0.0211026333458706	0.521528291121606
HROV-vOTU16097	Smoking_Status	Never_Smoker	2.08679726583514	0.887509361151337	77	27	0.0214879317732625	0.522562902574695
HROV-vOTU40394	Smoking_Status	Never_Smoker	-2.17223390139117	0.924581276965487	77	40	0.0215881995256661	0.524447505354527
HROV-vOTU02437	diagnosis	RA	0.575339176002341	0.245024755203525	77	9	0.0216601680947814	0.525641381688953
HROV-vOTU59893	Age	Age	-0.94607137062512	0.403223375857188	77	56	0.0217580792240293	0.526907007917345
HROV-vOTU45865	Smoking_Status	Former_Smoker	3.48166823088879	1.48376499509212	77	32	0.0217452123706851	0.526907007917345
HROV-vOTU00606	Age	Age	-0.713578619964249	0.304431825456399	77	70	0.021882876299349	0.527248295369096
HROV-vOTU20267	diagnosis	RA	-0.829113620754801	0.353621136752681	77	21	0.0218465170039572	0.527248295369096
HROV-vOTU15775	Smoking_Status	Never_Smoker	2.00818668226502	0.856771764988536	77	55	0.0218866422220085	0.527248295369096
HROV-vOTU05388	Sex	M	2.39723568191608	1.022223913283	77	24	0.0218204990415826	0.527248295369096
HROV-vOTU74372	Smoking_Status	Never_Smoker	1.28894471048329	0.549744384046305	77	12	0.0218472044201258	0.527248295369096
HROV-vOTU05670	Age	Age	-0.434646395888453	0.185508251062759	77	29	0.0219353934251886	0.527870543972929
HROV-vOTU07508	Smoking_Status	Former_Smoker	-0.868782416415783	0.370918507477899	77	75	0.0219766461665186	0.528311233000964
HROV-vOTU21560	Smoking_Status	Never_Smoker	2.90101962419689	1.2389979103993	77	41	0.0220215168465821	0.5288000501841
HROV-vOTU00893	Age	Age	-0.638738776369506	0.272859912414069	77	71	0.0220499716636498	0.5288000501841
HROV-vOTU17675	Age	Age	-0.932448042881032	0.398377661980004	77	22	0.022065864013327	0.5288000501841
HROV-vOTU58984	diagnosis	RA	-2.00235181620608	0.855834106929489	77	65	0.0221186779677941	0.529311131707756
HROV-vOTU72168	Age	Age	0.394337311921397	0.168564478455412	77	13	0.0221331576133117	0.529311131707756
HROV-vOTU60216	Smoking_Status	Former_Smoker	-2.98581775355967	1.27701317351441	77	47	0.0222023874459628	0.530148599545921
HROV-vOTU75719	Smoking_Status	Never_Smoker	2.31640848727003	0.990979720384957	77	31	0.022237236090376	0.530148599545921
HROV-vOTU20962	Smoking_Status	Former_Smoker	3.31723131695437	1.41901353022264	77	37	0.0222257162066787	0.530148599545921
HROV-vOTU19384	Sex	M	1.64921880673004	0.705692639215591	77	54	0.0222632603943425	0.53014867512313
HROV-vOTU27610	Smoking_Status	Never_Smoker	1.8842910076812	0.806404027137065	77	48	0.0222832790933213	0.53014867512313
HROV-vOTU61745	Smoking_Status	Never_Smoker	1.65864464327267	0.710135285390518	77	15	0.0223377034909304	0.530895058200336
HROV-vOTU18137	Smoking_Status	Never_Smoker	2.37121962105212	1.01577639132898	77	35	0.0224087923405227	0.53203555422911
HROV-vOTU03562	Smoking_Status	Never_Smoker	3.02972841094269	1.29900684555173	77	68	0.0225227679751506	0.532545530254332
HROV-vOTU59733	Age	Age	-0.637319129783251	0.273244043255624	77	38	0.0225185795382017	0.532545530254332
HROV-vOTU75092	Smoking_Status	Never_Smoker	1.65320786848737	0.708681370236622	77	24	0.022497574572331	0.532545530254332
HROV-vOTU50478	Smoking_Status	Never_Smoker	0.924533407031812	0.396233376237282	77	11	0.0224691380345496	0.532545530254332
HROV-vOTU66335	Age	Age	0.85912892515844	0.37000293984708	77	32	0.023108637885645	0.534866261815482
HROV-vOTU01482	Smoking_Status	Never_Smoker	1.89904010193186	0.817046320008077	77	73	0.022976489570213	0.534866261815482
HROV-vOTU00906	Smoking_Status	Never_Smoker	1.82107783197012	0.784182091353339	77	73	0.0230908296777673	0.534866261815482
HROV-vOTU70215	diagnosis	RA	1.66022799848133	0.713614972034139	77	30	0.0228503152395961	0.534866261815482
HROV-vOTU38933	diagnosis	RA	-0.847570783705102	0.364297687344655	77	73	0.0228455415849906	0.534866261815482
HROV-vOTU22193	diagnosis	RA	0.741643809987892	0.318540543100133	77	9	0.0227515952244062	0.534866261815482
HROV-vOTU03667	diagnosis	RA	1.05574164644294	0.4532124190823	77	72	0.0226837630372479	0.534866261815482
HROV-vOTU18513	diagnosis	RA	-1.6449978495003	0.708092276798536	77	62	0.0230409246223067	0.534866261815482
HROV-vOTU53569	Smoking_Status	Never_Smoker	1.31971560277598	0.568333114331823	77	60	0.0231012527517317	0.534866261815482
HROV-vOTU35300	diagnosis	RA	1.24112495751084	0.534370302858695	77	68	0.0230720611986813	0.534866261815482
HROV-vOTU62321	Smoking_Status	Never_Smoker	2.52005718121308	1.08260896911298	77	67	0.0227793145526523	0.534866261815482
HROV-vOTU21018	Smoking_Status	Never_Smoker	3.35093974850474	1.44180263595219	77	62	0.0229845843256883	0.534866261815482
HROV-vOTU45833	Sex	M	1.55525840993307	0.668020450129299	77	67	0.0227569810306082	0.534866261815482
HROV-vOTU02061	Smoking_Status	Never_Smoker	-1.29174503927325	0.556090504373807	77	8	0.0230543621198405	0.534866261815482
HROV-vOTU10529	Age	Age	0.613942456215878	0.264147956949054	77	34	0.0229786293057899	0.534866261815482
HROV-vOTU61599	Age	Age	0.657986743856396	0.283101068282308	77	15	0.0229800795423749	0.534866261815482
HROV-vOTU44777	Age	Age	-0.445326927332737	0.191469521231214	77	21	0.0228879879601019	0.534866261815482
HROV-vOTU61603	Smoking_Status	Former_Smoker	4.83415163382418	2.07757122095665	77	50	0.022832000325663	0.534866261815482
HROV-vOTU36813	Smoking_Status	Never_Smoker	2.71774420482147	1.16651112291376	77	53	0.0226645587279379	0.534866261815482
HROV-vOTU11334	Smoking_Status	Never_Smoker	1.29793760713134	0.558275251376041	77	12	0.0229406824111448	0.534866261815482
HROV-vOTU54313	Smoking_Status	Never_Smoker	0.888880831538783	0.381717065132443	77	12	0.0227301011949781	0.534866261815482
HROV-vOTU50928	Smoking_Status	Never_Smoker	1.5415879336375	0.664477966965943	77	44	0.0232202572659346	0.535268872626192
HROV-vOTU50212	Smoking_Status	Never_Smoker	2.40018958346527	1.03438174711365	77	52	0.023196713056543	0.535268872626192
HROV-vOTU56498	Smoking_Status	Former_Smoker	2.46808232662424	1.06376403562953	77	63	0.0232121133129542	0.535268872626192
HROV-vOTU17525	Smoking_Status	Former_Smoker	-1.68608027210898	0.727006435428966	77	11	0.0232654859530533	0.535268872626192
HROV-vOTU22871	Sex	M	1.51735721089307	0.654143293910665	77	14	0.0232425316295558	0.535268872626192
HROV-vOTU69101	Smoking_Status	Never_Smoker	0.949979449565793	0.409600200735284	77	8	0.0232611791739863	0.535268872626192
HROV-vOTU16682	Age	Age	-0.425249395363968	0.183398353797199	77	10	0.0232935991244674	0.535380826184116
HROV-vOTU01913	Smoking_Status	Never_Smoker	1.96697926941054	0.849252480896077	77	73	0.0234427552209382	0.53548636599531
HROV-vOTU04367	Smoking_Status	Never_Smoker	1.94206573538709	0.838251548726617	77	73	0.0234037798101461	0.53548636599531
HROV-vOTU46624	Age	Age	-0.607429158748999	0.262217104173419	77	70	0.0234206885219119	0.53548636599531
HROV-vOTU01904	Smoking_Status	Never_Smoker	2.4431224042375	1.05523739660983	77	70	0.0234945172025134	0.53548636599531
HROV-vOTU04446	Smoking_Status	Former_Smoker	-3.06800918965023	1.32430471318016	77	18	0.0234101892687612	0.53548636599531
HROV-vOTU09438	Sex	M	0.732173413765994	0.31623910865949	77	8	0.0234934913258489	0.53548636599531
HROV-vOTU04797	Smoking_Status	Never_Smoker	2.65922491041288	1.14868764082863	77	32	0.0235074561885045	0.53548636599531
HROV-vOTU41694	Smoking_Status	Never_Smoker	2.63127315182335	1.13543888533542	77	29	0.0233691510476409	0.53548636599531
HROV-vOTU51173	Smoking_Status	Former_Smoker	4.47346455427861	1.93068130273993	77	65	0.0233902915953182	0.53548636599531
HROV-vOTU19378	Smoking_Status	Never_Smoker	3.02268326459381	1.30632381734246	77	64	0.0235727445149735	0.536437322945065
HROV-vOTU10220	Smoking_Status	Never_Smoker	1.99111970333121	0.860656916180078	77	16	0.0235957884560725	0.536437322945065
HROV-vOTU67968	Smoking_Status	Former_Smoker	2.71580537406448	1.17415242351236	77	19	0.0236246253587872	0.536563236699082
HROV-vOTU40973	diagnosis	RA	-0.619444692469079	0.267906434096869	77	14	0.023672598206289	0.5371230903358
HROV-vOTU06709	Smoking_Status	Never_Smoker	2.64719372093748	1.14518823447588	77	26	0.0237069050685363	0.537372070598811
HROV-vOTU73532	Smoking_Status	Former_Smoker	3.12438842783482	1.35217915815403	77	62	0.0237622396665406	0.537714436954717
HROV-vOTU08373	Smoking_Status	Never_Smoker	1.3086265673336	0.566498616696655	77	30	0.0237976841484111	0.537714436954717
HROV-vOTU38097	Smoking_Status	Former_Smoker	-3.57319625679592	1.54702341199718	77	36	0.0238154027656887	0.537714436954717
HROV-vOTU11680	diagnosis	RA	-2.55115729167831	1.1042221422637	77	33	0.0237777935793627	0.537714436954717
HROV-vOTU03430	diagnosis	RA	-1.4973995039276	0.648523703520341	77	40	0.0238615855664337	0.538229496175286
HROV-vOTU21289	Smoking_Status	Never_Smoker	2.13833573596097	0.928847274533709	77	73	0.0242633177547684	0.539273215397419
HROV-vOTU36307	Age	Age	0.832331647910323	0.363827154951989	77	70	0.0251360118101338	0.539273215397419
HROV-vOTU14169	Smoking_Status	Never_Smoker	1.90088575146276	0.832581926572466	77	73	0.0254194228462738	0.539273215397419
HROV-vOTU02260	Smoking_Status	Never_Smoker	1.9393981192769	0.847848002272625	77	73	0.0251529511704004	0.539273215397419
HROV-vOTU01753	Smoking_Status	Never_Smoker	2.01538177155344	0.874669958253385	77	73	0.0241430980497686	0.539273215397419
HROV-vOTU53073	Smoking_Status	Never_Smoker	2.31697354385527	1.00523814328259	77	72	0.0240994048248489	0.539273215397419
HROV-vOTU06373	Smoking_Status	Never_Smoker	1.84616568631629	0.801829854408823	77	73	0.0242453715065107	0.539273215397419
HROV-vOTU29058	Smoking_Status	Former_Smoker	3.88122967093268	1.70093422014021	77	62	0.0255001533464086	0.539273215397419
HROV-vOTU68101	Smoking_Status	Former_Smoker	-3.04389163255009	1.32320923289815	77	46	0.0243679318427804	0.539273215397419
HROV-vOTU15990	diagnosis	RA	1.72565422217946	0.751644712008137	77	44	0.0246411357727247	0.539273215397419
HROV-vOTU45518	Smoking_Status	Former_Smoker	-2.17320180801695	0.944106988315597	77	11	0.0242799684379394	0.539273215397419
HROV-vOTU41713	Smoking_Status	Former_Smoker	-3.87401877264751	1.68623104833354	77	62	0.0245444275289609	0.539273215397419
HROV-vOTU26732	Age	Age	0.887313553089508	0.388387259188325	77	26	0.0253271925168257	0.539273215397419
HROV-vOTU60379	Sex	M	1.93697631854309	0.840231153990383	77	49	0.0240763500517457	0.539273215397419
HROV-vOTU08062	Age	Age	-0.78253641160949	0.342311106612763	77	69	0.0252389891137526	0.539273215397419
HROV-vOTU13294	Age	Age	0.359032942767303	0.156586705322387	77	32	0.0248208661814263	0.539273215397419
HROV-vOTU62516	Age	Age	-0.862699150537667	0.37598303461409	77	41	0.0247210233750236	0.539273215397419
HROV-vOTU21547	Age	Age	-0.652738954336734	0.285077527531488	77	45	0.025014775545171	0.539273215397419
HROV-vOTU31478	Sex	M	1.31416085195527	0.572983839601553	77	25	0.0247802361103797	0.539273215397419
HROV-vOTU20641	Smoking_Status	Never_Smoker	-1.39841958674911	0.61019114995279	77	14	0.0248875900519124	0.539273215397419
HROV-vOTU72545	Smoking_Status	Former_Smoker	-1.97231293007307	0.861328789748118	77	8	0.0250050008938786	0.539273215397419
HROV-vOTU68801	Smoking_Status	Former_Smoker	-3.35515968368052	1.45612523629149	77	59	0.0241426734297362	0.539273215397419
HROV-vOTU09229	diagnosis	RA	-1.50746220595048	0.657388472952564	77	65	0.0248064554180974	0.539273215397419
HROV-vOTU14097	diagnosis	RA	-1.36438139404556	0.594827195864365	77	53	0.0247678008430267	0.539273215397419
HROV-vOTU21543	Smoking_Status	Former_Smoker	-3.33906693278252	1.45853793800719	77	31	0.0250370865779792	0.539273215397419
HROV-vOTU10480	Age	Age	-0.591705035043725	0.257966439315006	77	66	0.0247687348342968	0.539273215397419
HROV-vOTU03607	Age	Age	0.842730720204878	0.368729759301305	77	47	0.0252724117795086	0.539273215397419
HROV-vOTU04318	diagnosis	RA	-1.4559292632006	0.637121901193527	77	53	0.0252928502141575	0.539273215397419
HROV-vOTU04318	Smoking_Status	Never_Smoker	2.49052202604245	1.08829735977287	77	53	0.0250902428710718	0.539273215397419
HROV-vOTU00724	Smoking_Status	Never_Smoker	2.204393293305	0.962338390440276	77	46	0.0249552471927345	0.539273215397419
HROV-vOTU06760	Sex	M	2.56729166292325	1.12086946516378	77	31	0.0249684825717897	0.539273215397419
HROV-vOTU75151	Smoking_Status	Former_Smoker	-1.32364248111583	0.574551992598046	77	10	0.0241656751953281	0.539273215397419
HROV-vOTU57768	Age	Age	0.415269892481808	0.180867492854445	77	21	0.0246319606734659	0.539273215397419
HROV-vOTU12957	Smoking_Status	Never_Smoker	1.60643578756237	0.703966533391571	77	66	0.025490499407439	0.539273215397419
HROV-vOTU31729	Smoking_Status	Never_Smoker	1.7624496180107	0.769693308797762	77	64	0.025007534847871	0.539273215397419
HROV-vOTU46506	Smoking_Status	Former_Smoker	-2.1636721677068	0.941725772073876	77	11	0.0245373114208283	0.539273215397419
HROV-vOTU50930	Smoking_Status	Never_Smoker	2.61780305481304	1.14389834885504	77	60	0.0250880690943628	0.539273215397419
HROV-vOTU25786	Smoking_Status	Never_Smoker	-1.64271282846843	0.713995546495174	77	17	0.024347205702347	0.539273215397419
HROV-vOTU12978	Smoking_Status	Never_Smoker	2.96761923297793	1.29080570423256	77	44	0.024448243617808	0.539273215397419
HROV-vOTU35657	diagnosis	RA	-1.41776639758295	0.62011084196503	77	35	0.0252221836596816	0.539273215397419
HROV-vOTU18618	diagnosis	RA	-0.871407095651845	0.379424909920059	77	63	0.0245920002119603	0.539273215397419
HROV-vOTU52099	Age	Age	-0.884653979098376	0.387406465127903	77	55	0.0253941398346189	0.539273215397419
HROV-vOTU30012	Smoking_Status	Never_Smoker	1.64171743865262	0.71779829022707	77	38	0.0251701085304006	0.539273215397419
HROV-vOTU04983	Smoking_Status	Never_Smoker	2.7210218326532	1.18949171808783	77	36	0.0251459467632415	0.539273215397419
HROV-vOTU53150	diagnosis	RA	0.944908430190399	0.413293542996508	77	15	0.0252235627507242	0.539273215397419
HROV-vOTU09477	Sex	M	1.0695988625185	0.466939214714366	77	9	0.0249554680291787	0.539273215397419
HROV-vOTU69010	Smoking_Status	Never_Smoker	2.40768003864407	1.04401216063706	77	50	0.0240237505286314	0.539273215397419
HROV-vOTU74035	Smoking_Status	Former_Smoker	3.16862697697407	1.38278229960832	77	40	0.0249050416897928	0.539273215397419
HROV-vOTU01454	Smoking_Status	Never_Smoker	2.28126935885285	0.994043060640803	77	29	0.0246953654141158	0.539273215397419
HROV-vOTU51026	diagnosis	RA	-1.72158755550676	0.751363037362628	77	66	0.0249172669810112	0.539273215397419
HROV-vOTU01448	Smoking_Status	Never_Smoker	2.50706090211613	1.09267488166509	77	63	0.0247265243539352	0.539273215397419
HROV-vOTU69449	Age	Age	-0.23918362895483	0.104646635391507	77	12	0.0252641137325811	0.539273215397419
HROV-vOTU50467	Sex	M	1.5659529152263	0.686032906799759	77	38	0.0254505179749233	0.539273215397419
HROV-vOTU50395	Smoking_Status	Never_Smoker	1.35897193749361	0.589391813348077	77	23	0.0240509759213109	0.539273215397419
HROV-vOTU11220	Sex	M	1.20528138342594	0.52281675287207	77	21	0.0240721367142839	0.539273215397419
HROV-vOTU17874	Smoking_Status	Former_Smoker	3.54628747091889	1.55393602875649	77	30	0.0254808771105468	0.539273215397419
HROV-vOTU37867	Smoking_Status	Never_Smoker	1.89038126638595	0.825782524822912	77	44	0.0250447290857303	0.539273215397419
HROV-vOTU25231	Age	Age	-0.428069229934984	0.186472751351929	77	43	0.0246547135805191	0.539273215397419
HROV-vOTU37764	Smoking_Status	Never_Smoker	1.78458062198965	0.776980077151656	77	20	0.0245821108588223	0.539273215397419
HROV-vOTU72891	Age	Age	-0.390964863835565	0.170613474236079	77	15	0.0249027593518402	0.539273215397419
HROV-vOTU14772	Smoking_Status	Never_Smoker	2.23424319633895	0.974228138924429	77	23	0.0247918931367774	0.539273215397419
HROV-vOTU17522	Smoking_Status	Former_Smoker	2.02316192653837	0.884358163356964	77	9	0.0251356375022099	0.539273215397419
HROV-vOTU67070	Smoking_Status	Never_Smoker	1.50621301505002	0.659739635467386	77	19	0.0254243867674318	0.539273215397419
HROV-vOTU46426	Smoking_Status	Never_Smoker	1.48846266655402	0.646171291298678	77	21	0.0241817547209197	0.539273215397419
HROV-vOTU21114	Sex	M	1.05684781893218	0.462174471691726	77	15	0.0251991098014671	0.539273215397419
HROV-vOTU21114	Smoking_Status	Never_Smoker	1.37400418475909	0.598153495671749	77	15	0.0245664655732546	0.539273215397419
HROV-vOTU74372	Sex	M	0.971675313389635	0.424770267332059	77	12	0.0251470942419582	0.539273215397419
HROV-vOTU25738	diagnosis	RA	1.00680665344641	0.440914003045904	77	8	0.0253988296138837	0.539273215397419
HROV-vOTU25966	diagnosis	RA	0.749772798956664	0.328860575611744	77	15	0.0256193364855314	0.54030523741922
HROV-vOTU05577	Age	Age	-0.516360797902045	0.226465843772971	77	36	0.0256086171233616	0.54030523741922
HROV-vOTU62662	Smoking_Status	Never_Smoker	1.85947694368358	0.815336920196814	77	35	0.0255748139657219	0.54030523741922
HROV-vOTU42804	Smoking_Status	Never_Smoker	1.96842276416949	0.864051919160308	77	65	0.0257308073036325	0.541664069655079
HROV-vOTU72708	Smoking_Status	Former_Smoker	-2.22121006285324	0.974965606765129	77	17	0.0257236366762529	0.541664069655079
HROV-vOTU02846	Smoking_Status	Former_Smoker	-2.2562573941507	0.99150085582764	77	72	0.0258900593296215	0.542043696691986
HROV-vOTU13760	Sex	M	1.29747742396457	0.56983510216495	77	12	0.0258058739534483	0.542043696691986
HROV-vOTU74685	Smoking_Status	Never_Smoker	1.80314181225886	0.792003986246609	77	34	0.0258217332487515	0.542043696691986
HROV-vOTU23140	diagnosis	RA	-1.3456206005877	0.591100510630328	77	27	0.0258353323685035	0.542043696691986
HROV-vOTU32409	Age	Age	-0.468708573970295	0.205912190644503	77	24	0.0258486822811352	0.542043696691986
HROV-vOTU54557	Sex	M	1.14542910522152	0.503275621002615	77	14	0.0258680021391603	0.542043696691986
HROV-vOTU01747	Smoking_Status	Never_Smoker	2.6663092685831	1.17203959629746	77	51	0.0259321514408148	0.54243183259034
HROV-vOTU02040	Smoking_Status	Never_Smoker	2.43344556287692	1.06993988937099	77	67	0.0259672283271576	0.542441304491295
HROV-vOTU67370	Smoking_Status	Former_Smoker	4.45765016612431	1.96043525644334	77	60	0.026003265313	0.542441304491295
HROV-vOTU66925	Age	Age	-0.379839302828334	0.167024281717108	77	24	0.025981127966838	0.542441304491295
HROV-vOTU00473	Age	Age	-0.734569942893512	0.32311694564809	77	45	0.0260298103838998	0.542503649901549
HROV-vOTU12864	Smoking_Status	Never_Smoker	2.14796111555141	0.946093936901146	77	72	0.0262231098502273	0.5430919243262
HROV-vOTU55030	Smoking_Status	Never_Smoker	1.94237801750468	0.855410950900316	77	73	0.0262008468015848	0.5430919243262
HROV-vOTU49528	Smoking_Status	Former_Smoker	2.81111363365391	1.23745808155642	77	48	0.0261379365790079	0.5430919243262
HROV-vOTU29144	Smoking_Status	Never_Smoker	3.31784265219903	1.46136008162168	77	64	0.0262209793736893	0.5430919243262
HROV-vOTU39907	Smoking_Status	Never_Smoker	-1.10102160053505	0.484748187260869	77	16	0.0261606503160672	0.5430919243262
HROV-vOTU30073	diagnosis	RA	-1.35521647611476	0.596660836560946	77	57	0.0261601528133526	0.5430919243262
HROV-vOTU49836	diagnosis	RA	-0.966031975862741	0.425153776116705	77	63	0.0261054983095442	0.5430919243262
HROV-vOTU49140	Smoking_Status	Never_Smoker	2.22957898342212	0.982880325446096	77	71	0.0263466552227523	0.5431626122894
HROV-vOTU23159	Smoking_Status	Never_Smoker	2.20145769619401	0.971412722438615	77	71	0.0264859580373859	0.5431626122894
HROV-vOTU48934	Age	Age	-0.454091753963369	0.200354525841541	77	69	0.0264732348121663	0.5431626122894
HROV-vOTU38490	Smoking_Status	Former_Smoker	-2.00047322836393	0.882244170897034	77	11	0.0264063378887353	0.5431626122894
HROV-vOTU22508	diagnosis	RA	-1.09655553634713	0.483665221370121	77	55	0.0264258339519254	0.5431626122894
HROV-vOTU56795	diagnosis	RA	-1.51826561038738	0.669105521916798	77	59	0.0263028857133599	0.5431626122894
HROV-vOTU49399	Age	Age	-0.568270177855957	0.250481868921862	77	23	0.0263278099676985	0.5431626122894
HROV-vOTU01119	Age	Age	-0.509767808494307	0.224583900261073	77	28	0.0262559218657292	0.5431626122894
HROV-vOTU28350	Age	Age	-0.333481948597634	0.146981946100101	77	11	0.0263178588312451	0.5431626122894
HROV-vOTU73719	diagnosis	RA	-0.574577890660674	0.253343658541008	77	11	0.0263745465391569	0.5431626122894
HROV-vOTU24816	Age	Age	-0.355291930228729	0.156729431919381	77	11	0.0264429299840813	0.5431626122894
HROV-vOTU73162	Age	Age	-0.581696064926854	0.257110026886293	77	69	0.026731665777692398	0.543735693097092
HROV-vOTU26508	Age	Age	-0.624591664667816	0.276115383609607	77	72	0.0267558462337221	0.543735693097092
HROV-vOTU26508	Smoking_Status	Never_Smoker	2.08560642041386	0.921862502880916	77	72	0.0267353518505709	0.543735693097092
HROV-vOTU04569	Smoking_Status	Never_Smoker	2.09888638170364	0.9279948510964	77	67	0.0267768904848988	0.543735693097092
HROV-vOTU38046	Smoking_Status	Never_Smoker	2.79263724119212	1.23501365516982	77	69	0.0268109408431495	0.543735693097092
HROV-vOTU01220	Sex	M	1.54307448045981	0.681935159054127	77	54	0.026709134257897	0.543735693097092
HROV-vOTU34913	diagnosis	RA	-0.936465629036223	0.414094811178129	77	20	0.0267942540510266	0.543735693097092
HROV-vOTU54933	Smoking_Status	Never_Smoker	1.98148351064643	0.875392677466742	77	34	0.0266606173467595	0.543735693097092
HROV-vOTU02633	Age	Age	-0.7011974162996	0.31009334328419	77	47	0.0268092145380734	0.543735693097092
HROV-vOTU14975	Smoking_Status	Never_Smoker	2.02752387815605	0.896710831039385	77	41	0.0268208314093919	0.543735693097092
HROV-vOTU66044	Age	Age	-0.292428920711046	0.129307872290188	77	12	0.0267931363230353	0.543735693097092
HROV-vOTU16682	Smoking_Status	Former_Smoker	1.9578064083107	0.864373477154673	77	10	0.0265660339127151	0.543735693097092
HROV-vOTU35198	Age	Age	-0.409005977090477	0.180554826339931	77	12	0.0265484612838241	0.543735693097092
HROV-vOTU63905	Smoking_Status	Never_Smoker	2.21648633152558	0.980740490304303	77	45	0.0268895209124933	0.544648783302304
HROV-vOTU24427	Sex	M	1.70051885871679	0.75261467281299	77	59	0.0269242089047655	0.544872171420694
HROV-vOTU35482	Smoking_Status	Former_Smoker	-4.56153926902743	2.04702614234047	77	65	0.0290236929899126	0.545817374802464
HROV-vOTU43842	Age	Age	1.0388982523503	0.465940943464904	77	41	0.0289328590411614	0.545817374802464
HROV-vOTU74139	Smoking_Status	Former_Smoker	-4.78087460344637	2.15630192993666	77	48	0.0298148019554794	0.545817374802464
HROV-vOTU29822	Smoking_Status	Former_Smoker	-3.76995952962397	1.70309975434446	77	37	0.0300711769368049	0.545817374802464
HROV-vOTU04461	Smoking_Status	Never_Smoker	2.24605653993935	1.00596786626104	77	41	0.0287211437357217	0.545817374802464
HROV-vOTU19118	Smoking_Status	Never_Smoker	1.30133284460559	0.57870172818736	77	8	0.0276354631931178	0.545817374802464
HROV-vOTU06228	Age	Age	-0.589924387777883	0.266784571537989	77	76	0.0302405450183645	0.545817374802464
HROV-vOTU00812	Age	Age	-0.501610931365798	0.225205862342523	77	73	0.029095583908199	0.545817374802464
HROV-vOTU07385	Age	Age	-0.644739827254074	0.286619883868166	77	71	0.0275854921075674	0.545817374802464
HROV-vOTU64197	Sex	M	1.78052043756631	0.806340731928767	77	63	0.0304646730476499	0.545817374802464
HROV-vOTU33597	Smoking_Status	Never_Smoker	1.79999567458881	0.805852847734383	77	52	0.0286575519423419	0.545817374802464
HROV-vOTU19228	diagnosis	RA	0.768487989423696	0.342848139154393	77	42	0.0281220530018037	0.545817374802464
HROV-vOTU30612	Smoking_Status	Never_Smoker	2.12865155194247	0.954405614485462	77	34	0.0288866623498875	0.545817374802464
HROV-vOTU26021	Age	Age	0.705628471110342	0.31435010166521	77	63	0.0279030674966697	0.545817374802464
HROV-vOTU65965	Age	Age	0.467894641595118	0.211506497331632	77	77	0.0301711263350383	0.545817374802464
HROV-vOTU67214	Age	Age	1.00330742985557	0.451575497812338	77	59	0.0294858195427862	0.545817374802464
HROV-vOTU05144	Sex	M	1.33486040960311	0.600156143783757	77	72	0.0293168673633821	0.545817374802464
HROV-vOTU15017	diagnosis	RA	0.923293960057344	0.418571104722047	77	22	0.0306343181179855	0.545817374802464
HROV-vOTU01886	Smoking_Status	Former_Smoker	-1.31812482910776	0.595680433251079	77	77	0.0301274654299194	0.545817374802464
HROV-vOTU12570	diagnosis	RA	-1.80567032661249	0.799930496726147	77	38	0.027067992882532	0.545817374802464
HROV-vOTU56580	Smoking_Status	Never_Smoker	-1.96289056648235	0.886217384825617	77	22	0.0299762207439944	0.545817374802464
HROV-vOTU45518	Smoking_Status	Never_Smoker	-1.5023673186657	0.668791522671629	77	11	0.0277907998553019	0.545817374802464
HROV-vOTU19533	Smoking_Status	Never_Smoker	3.07952524201591	1.36667125188142	77	69	0.0273301725801239	0.545817374802464
HROV-vOTU37684	Smoking_Status	Former_Smoker	3.33229672156643	1.48884281619147	77	65	0.0283469012101084	0.545817374802464
HROV-vOTU29943	diagnosis	RA	0.830387628422383	0.370850095953902	77	76	0.0282808917463876	0.545817374802464
HROV-vOTU03667	Sex	M	1.32017178950917	0.598163834434872	77	72	0.0305454336370381	0.545817374802464
HROV-vOTU09082	Smoking_Status	Former_Smoker	-1.42956079054226	0.642605159448648	77	77	0.0292855928382884	0.545817374802464
HROV-vOTU63440	Smoking_Status	Never_Smoker	2.3899493953372	1.06250196801629	77	66	0.0275921321151831	0.545817374802464
HROV-vOTU59942	diagnosis	RA	1.53968688506894	0.682832987781767	77	64	0.0272279613030063	0.545817374802464
HROV-vOTU08878	Sex	M	1.91810337493135	0.86752481446954	77	41	0.0302573119000495	0.545817374802464
HROV-vOTU19608	Smoking_Status	Never_Smoker	1.74728656957743	0.786618530432888	77	66	0.0295233495513228	0.545817374802464
HROV-vOTU66328	diagnosis	RA	-1.17991742979045	0.531939148123406	77	70	0.0297449069484814	0.545817374802464
HROV-vOTU16572	Smoking_Status	Never_Smoker	3.30769108136896	1.47883324394709	77	49	0.0284487948265312	0.545817374802464
HROV-vOTU11600	Age	Age	-0.677331846355891	0.306457855717625	77	66	0.030316041684979	0.545817374802464
HROV-vOTU62466	Age	Age	-0.689582384282743	0.310844229261333	77	69	0.0297253713933068	0.545817374802464
HROV-vOTU20811	Smoking_Status	Never_Smoker	2.47849880523041	1.1029734052656	77	65	0.0277428063152236	0.545817374802464
HROV-vOTU56571	Age	Age	-0.703592668695461	0.318353863517789	77	62	0.0303232539502781	0.545817374802464
HROV-vOTU42685	Age	Age	-0.636527563322563	0.284552677945715	77	19	0.0284315761443581	0.545817374802464
HROV-vOTU19159	Smoking_Status	Never_Smoker	1.6800082109993	0.744521892686547	77	45	0.0271199380630904	0.545817374802464
HROV-vOTU69434	Age	Age	-0.297364987200414	0.133341895398073	77	20	0.0289039226948759	0.545817374802464
HROV-vOTU27248	diagnosis	RA	-1.21984028378414	0.551208071960528	77	63	0.0301112401198632	0.545817374802464
HROV-vOTU49630	Sex	M	1.41817672634657	0.636697190776368	77	36	0.0290919566948508	0.545817374802464
HROV-vOTU49304	Age	Age	-0.334226424283044	0.151376884911293	77	8	0.0304821208345814	0.545817374802464
HROV-vOTU32825	Sex	M	1.54371325892887	0.699010063022457	77	68	0.0304443857127991	0.545817374802464
HROV-vOTU26649	Age	Age	0.962588857525915	0.428046344537538	77	61	0.0276297824492344	0.545817374802464
HROV-vOTU04717	Sex	M	1.50639964410398	0.674876838706726	77	66	0.0287641149181174	0.545817374802464
HROV-vOTU13294	Smoking_Status	Former_Smoker	-1.64216623244832	0.738007687382923	77	32	0.0292503877941804	0.545817374802464
HROV-vOTU66481	Smoking_Status	Never_Smoker	2.14866937927268	0.97284865227293	77	65	0.0304291854176379	0.545817374802464
HROV-vOTU52713	Sex	M	1.56716297705671	0.707107402379642	77	47	0.029876456334562	0.545817374802464
HROV-vOTU05922	Age	Age	-0.558846856191206	0.250626924959936	77	69	0.0289246667064374	0.545817374802464
HROV-vOTU56503	Sex	M	1.41812857898309	0.632564811798479	77	71	0.02809570213252	0.545817374802464
HROV-vOTU24081	Smoking_Status	Never_Smoker	3.07703563782495	1.38530075719492	77	64	0.0295275178803147	0.545817374802464
HROV-vOTU57852	Smoking_Status	Never_Smoker	2.3851478159351	1.0717352356849	77	66	0.029224650926821	0.545817374802464
HROV-vOTU43810	Smoking_Status	Former_Smoker	4.42650948018456	1.96191408499012	77	62	0.0271378695051515	0.545817374802464
HROV-vOTU14148	Smoking_Status	Never_Smoker	3.138825806868	1.41096430561523	77	68	0.0292881971096101	0.545817374802464
HROV-vOTU09229	Smoking_Status	Never_Smoker	2.51808977188273	1.12291562747908	77	65	0.0280560105390513	0.545817374802464
HROV-vOTU09281	Smoking_Status	Never_Smoker	4.29009419467377	1.94187483996656	77	55	0.0303843694588344	0.545817374802464
HROV-vOTU59175	Smoking_Status	Never_Smoker	2.30988247783536	1.03966493824096	77	60	0.0294884144877088	0.545817374802464
HROV-vOTU36366	Smoking_Status	Never_Smoker	2.79438255668114	1.25507527680652	77	63	0.0291570015843823	0.545817374802464
HROV-vOTU03897	diagnosis	RA	-0.919150707139673	0.41353997370622	77	13	0.0294259622785615	0.545817374802464
HROV-vOTU45052	Smoking_Status	Never_Smoker	2.68824554314888	1.21359339057897	77	63	0.0299616197641443	0.545817374802464
HROV-vOTU43532	Age	Age	-0.492239197386168	0.22235507021094	77	65	0.0300592400988999	0.545817374802464
HROV-vOTU66549	Smoking_Status	Never_Smoker	2.50930209473801	1.11898394725143	77	59	0.0280542595315923	0.545817374802464
HROV-vOTU34787	diagnosis	RA	-1.19646883551643	0.532296123318512	77	68	0.027699682116798	0.545817374802464
HROV-vOTU62380	Smoking_Status	Never_Smoker	-2.04892420906828	0.919300869193434	77	31	0.0289950057674229	0.545817374802464
HROV-vOTU21127	Age	Age	-0.84023124017012	0.379330528450215	77	64	0.0299669984089215	0.545817374802464
HROV-vOTU21127	Smoking_Status	Never_Smoker	2.83883032448861	1.26646543848739	77	64	0.0281182702248183	0.545817374802464
HROV-vOTU01280	diagnosis	RA	-1.84091488022865	0.81966820682032	77	62	0.0278219752005025	0.545817374802464
HROV-vOTU04933	Smoking_Status	Former_Smoker	2.7403377698527698	1.21424905302124	77	66	0.0270986462269193	0.545817374802464
HROV-vOTU25173	Smoking_Status	Never_Smoker	1.05746828546318	0.478087842190736	77	21	0.0301949159317672	0.545817374802464
HROV-vOTU63000	Age	Age	0.649255236661341	0.288949828813359	77	16	0.0277534384215378	0.545817374802464
HROV-vOTU09691	Smoking_Status	Never_Smoker	2.7077249019014	1.2266521359884	77	61	0.0305184475646453	0.545817374802464
HROV-vOTU63670	diagnosis	RA	-1.0440587596435	0.466386492296347	77	41	0.0283172838424109	0.545817374802464
HROV-vOTU12202	Age	Age	0.804192716329528	0.357541616165494	77	33	0.0276009174595912	0.545817374802464
HROV-vOTU53898	Smoking_Status	Former_Smoker	-2.82632636672584	1.25285302515159	77	38	0.0271581024095183	0.545817374802464
HROV-vOTU46506	Smoking_Status	Never_Smoker	-1.47426621892922	0.667104704063335	77	11	0.0303340506510466	0.545817374802464
HROV-vOTU55544	Smoking_Status	Former_Smoker	-3.2177140241333	1.45594641754891	77	21	0.030326621300617	0.545817374802464
HROV-vOTU12820	Smoking_Status	Never_Smoker	2.26135548435219	1.02522207372247	77	67	0.0306416951352107	0.545817374802464
HROV-vOTU04808	Smoking_Status	Never_Smoker	1.89147177525087	0.851681045724175	77	49	0.0295512697592503	0.545817374802464
HROV-vOTU01022	Smoking_Status	Never_Smoker	2.09320775584804	0.929434033511993	77	55	0.027407793804097	0.545817374802464
HROV-vOTU40298	Smoking_Status	Never_Smoker	2.60202516626074	1.17772772779319	77	56	0.0303766141567217	0.545817374802464
HROV-vOTU27399	Smoking_Status	Never_Smoker	2.92672325400531	1.2996006572358	77	38	0.027415369567019	0.545817374802464
HROV-vOTU62131	Sex	M	0.755053098753603	0.337072239482676	77	12	0.0282204723272688	0.545817374802464
HROV-vOTU44936	Age	Age	-0.566897428833266	0.254007661613151	77	35	0.0287847497648715	0.545817374802464
HROV-vOTU66003	Smoking_Status	Never_Smoker	1.51677899746976	0.685900381639712	77	37	0.0302311138227111	0.545817374802464
HROV-vOTU13760	Smoking_Status	Never_Smoker	1.63519877343045	0.737489582816643	77	12	0.0298086482380269	0.545817374802464
HROV-vOTU30481	Smoking_Status	Never_Smoker	2.21459422472599	0.984294480705696	77	26	0.0275540942422647	0.545817374802464
HROV-vOTU72566	Smoking_Status	Never_Smoker	3.03171605421498	1.37411170672822	77	61	0.0305987745036497	0.545817374802464
HROV-vOTU71984	Smoking_Status	Former_Smoker	3.93822131668428	1.77538629291922	77	63	0.0297385042093965	0.545817374802464
HROV-vOTU75509	diagnosis	RA	-1.43716182875854	0.63704799477227	77	62	0.027154228974731	0.545817374802464
HROV-vOTU67860	Smoking_Status	Never_Smoker	1.43608738536472	0.650740888910212	77	18	0.0305593458406016	0.545817374802464
HROV-vOTU10940	Smoking_Status	Never_Smoker	2.6527180671196	1.18571306650648	77	52	0.0284114901879675	0.545817374802464
HROV-vOTU51438	Smoking_Status	Never_Smoker	1.475610195492	0.65764024667078	77	20	0.0279655223864304	0.545817374802464
HROV-vOTU39158	Age	Age	-0.605282362272008	0.271710635398992	77	19	0.0290726202311852	0.545817374802464
HROV-vOTU68816	Age	Age	-0.627844847882976	0.28331753992618	77	63	0.0298946799355993	0.545817374802464
HROV-vOTU15782	Smoking_Status	Never_Smoker	1.66493286654343	0.745183959276869	77	55	0.0286158901022553	0.545817374802464
HROV-vOTU37618	diagnosis	RA	-0.926057529520883	0.418144648528437	77	28	0.0299924697891574	0.545817374802464
HROV-vOTU68906	Smoking_Status	Never_Smoker	1.43058627106499	0.648590524172871	77	66	0.0306444579079281	0.545817374802464
HROV-vOTU53720	Smoking_Status	Never_Smoker	2.2720463427953	1.02596699880719	77	58	0.0300025850890603	0.545817374802464
HROV-vOTU12921	Smoking_Status	Never_Smoker	2.04354846209446	0.914979225422171	77	34	0.0286724555738622	0.545817374802464
HROV-vOTU07783	Age	Age	0.84717418452552	0.382629997528693	77	44	0.0300355848806983	0.545817374802464
HROV-vOTU12680	Sex	M	1.47541325029094	0.65487228204638	77	14	0.0273516761121526	0.545817374802464
HROV-vOTU12680	Smoking_Status	Never_Smoker	1.88033413084868	0.847546043144188	77	14	0.0297150483061915	0.545817374802464
HROV-vOTU16199	Smoking_Status	Former_Smoker	3.74246758846704	1.67381258763048	77	67	0.0285033633951898	0.545817374802464
HROV-vOTU51026	Smoking_Status	Former_Smoker	4.08292208623392	1.81177941321622	77	66	0.0273143670370347	0.545817374802464
HROV-vOTU50610	Smoking_Status	Former_Smoker	4.0546054041738	1.81364209619823	77	56	0.0285225252435402	0.545817374802464
HROV-vOTU21643	Age	Age	-0.350420993588396	0.157921382545288	77	18	0.0296868876390668	0.545817374802464
HROV-vOTU33883	Age	Age	-0.855607706493155	0.385171692218199	77	50	0.0295159779274547	0.545817374802464
HROV-vOTU35858	Smoking_Status	Former_Smoker	1.9093860013297	0.849421346183548	77	12	0.0276918966482949	0.545817374802464
HROV-vOTU16021	Age	Age	-0.588853701900042	0.261341710132961	77	30	0.0273373901205616	0.545817374802464
HROV-vOTU62699	Smoking_Status	Never_Smoker	2.18601411830436	0.976195612184031	77	25	0.0282690711931464	0.545817374802464
HROV-vOTU63708	Smoking_Status	Never_Smoker	2.02944802123376	0.916978135790142	77	34	0.0300996614441044	0.545817374802464
HROV-vOTU47902	Smoking_Status	Never_Smoker	1.82063555218063	0.813903341943439	77	33	0.0284331107079355	0.545817374802464
HROV-vOTU38116	Smoking_Status	Never_Smoker	2.22835505571242	1.00740971542559	77	33	0.0301880748166212	0.545817374802464
HROV-vOTU22871	Smoking_Status	Never_Smoker	1.89675719260477	0.846602575193469	77	14	0.0281932316279701	0.545817374802464
HROV-vOTU53891	Age	Age	-0.4691340448828	0.209312160786542	77	47	0.0281335371151952	0.545817374802464
HROV-vOTU51288	Smoking_Status	Former_Smoker	2.72568818787818	1.22875742183169	77	51	0.0297374990904815	0.545817374802464
HROV-vOTU18422	Smoking_Status	Never_Smoker	1.87362338066057	0.849240875626484	77	48	0.0306043700178002	0.545817374802464
HROV-vOTU02633	Smoking_Status	Never_Smoker	2.33230261114094	1.03530423343181	77	47	0.0273654696538962	0.545817374802464
HROV-vOTU63584	Smoking_Status	Former_Smoker	1.85529321892668	0.836450863927988	77	19	0.0297512913663344	0.545817374802464
HROV-vOTU57098	Smoking_Status	Never_Smoker	1.21863882102492	0.540966470738964	77	17	0.0273696771658864	0.545817374802464
HROV-vOTU41476	Smoking_Status	Former_Smoker	3.89863068310686	1.75559329147637	77	48	0.0295638441187463	0.545817374802464
HROV-vOTU74004	Sex	M	1.11356699865753	0.498851609817749	77	17	0.0287536988807429	0.545817374802464
HROV-vOTU33217	Smoking_Status	Never_Smoker	1.49316007211007	0.664732490267475	77	21	0.0277997961483564	0.545817374802464
HROV-vOTU12682	Smoking_Status	Never_Smoker	1.66867349391383	0.748738996539813	77	18	0.0290047725020248	0.545817374802464
HROV-vOTU70060	diagnosis	RA	-0.846623436825463	0.383098982539149	77	13	0.0303350183443555	0.545817374802464
HROV-vOTU65470	diagnosis	RA	-0.52321687866102	0.236685810557886	77	9	0.0302869975886459	0.545817374802464
HROV-vOTU25255	diagnosis	RA	-1.60880450989007	0.719373530099012	77	15	0.0284688862958466	0.545817374802464
HROV-vOTU34620	Age	Age	-0.982446975064711	0.437318013807036	77	37	0.0277816395886569	0.545817374802464
HROV-vOTU61851	Smoking_Status	Never_Smoker	1.53666788724861	0.689079485484675	77	14	0.0289083877757422	0.545817374802464
HROV-vOTU46177	Smoking_Status	Never_Smoker	1.52579852065784	0.680982024248365	77	17	0.0281829265890045	0.545817374802464
HROV-vOTU48645	Smoking_Status	Never_Smoker	1.62037322078013	0.724652773017849	77	19	0.0284913922691719	0.545817374802464
HROV-vOTU02199	Smoking_Status	Never_Smoker	1.41307468221793	0.63086850210023	77	15	0.0282303832409057	0.545817374802464
HROV-vOTU07698	Sex	M	1.67772818700887	0.75685491633066	77	34	0.0298471926231957	0.545817374802464
HROV-vOTU73713	Smoking_Status	Never_Smoker	0.905947669726257	0.403890584363438	77	11	0.0280157304540714	0.545817374802464
HROV-vOTU09525	Smoking_Status	Never_Smoker	2.62895716157318	1.18353011076181	77	47	0.0295218171810783	0.545817374802464
HROV-vOTU02408	Age	Age	-1.08280004984627	0.489144521308735	77	35	0.0300658702784276	0.545817374802464
HROV-vOTU49084	Age	Age	-0.469089646362137	0.211741517726302	77	15	0.0299418371840237	0.545817374802464
HROV-vOTU15575	diagnosis	RA	-1.5017017861314	0.671436361824436	77	12	0.0284582882912173	0.545817374802464
HROV-vOTU14422	Age	Age	-0.842378478482919	0.375083125323593	77	20	0.0278274942585456	0.545817374802464
HROV-vOTU05374	diagnosis	RA	-0.759464981066584	0.339567542586069	77	14	0.0284573206643176	0.545817374802464
HROV-vOTU65200	Smoking_Status	Never_Smoker	2.34075797068592	1.04131694243667	77	24	0.0276908531053966	0.545817374802464
HROV-vOTU44398	Age	Age	-0.51791186302752	0.229615728685817	77	18	0.0271813303485266	0.545817374802464
HROV-vOTU59186	Sex	M	0.522317873720715	0.236028960836589	77	8	0.0301177774631887	0.545817374802464
HROV-vOTU26729	Sex	M	0.932470673484955	0.41499257643816	77	9	0.0277528020875001	0.545817374802464
HROV-vOTU23857	Smoking_Status	Never_Smoker	1.73349133092163	0.775088342571985	77	17	0.0284612434853455	0.545817374802464
HROV-vOTU63780	Smoking_Status	Never_Smoker	1.51859729891519	0.677907185448221	77	12	0.0282141985615731	0.545817374802464
HROV-vOTU23476	Smoking_Status	Never_Smoker	1.62409816763358	0.727692762284449	77	14	0.0287824192880188	0.545817374802464
HROV-vOTU44289	Age	Age	-0.452867040772012	0.203753418184856	77	11	0.0294271973919182	0.545817374802464
HROV-vOTU54313	Sex	M	0.656552724424365	0.294940820692148	77	12	0.0291862196443504	0.545817374802464
HROV-vOTU58927	Age	Age	-0.362699778795227	0.160943383109053	77	12	0.0273114879324303	0.545817374802464
HROV-vOTU64000	Smoking_Status	Never_Smoker	1.76922727896327	0.801305001967273	77	19	0.030480435012968	0.545817374802464
HROV-vOTU10220	Sex	M	1.4748266812647	0.665002643003269	77	16	0.0297711381577888	0.545817374802464
HROV-vOTU24359	Sex	M	1.38245803864976	0.624613700612248	77	13	0.0300917726196102	0.545817374802464
HROV-vOTU48417	Age	Age	-0.28750310352694	0.12855198794106	77	8	0.0284636190039162	0.545817374802464
HROV-vOTU40255	Sex	M	0.502982531329312	0.228174834748527	77	77	0.0307405202778042	0.546682766021492
HROV-vOTU05144	Age	Age	0.512851202876889	0.232645899108568	77	72	0.0307364923088838	0.546682766021492
HROV-vOTU73912	Smoking_Status	Never_Smoker	1.84919288036837	0.840226997326876	77	73	0.0310017363738984	0.546928745864666
HROV-vOTU16598	diagnosis	RA	0.596452887774357	0.270710584844151	77	71	0.0308203579667625	0.546928745864666
HROV-vOTU07005	Age	Age	-0.651161906563569	0.295523005575219	77	42	0.0308103699483255	0.546928745864666
HROV-vOTU05373	Age	Age	0.967937011957816	0.439854489909348	77	65	0.0310195326297353	0.546928745864666
HROV-vOTU52191	Smoking_Status	Former_Smoker	-4.69573921708258	2.13296300942821	77	60	0.0309511859881187	0.546928745864666
HROV-vOTU39607	diagnosis	RA	-1.74208896191634	0.791315043280063	77	39	0.0309510883594849	0.546928745864666
HROV-vOTU26067	Age	Age	0.747747487563482	0.339630524938639	77	45	0.030940863174145	0.546928745864666
HROV-vOTU18809	Sex	M	1.08222260978454	0.491391085825416	77	28	0.0308881329685397	0.546928745864666
HROV-vOTU65186	Smoking_Status	Never_Smoker	3.10580055449811	1.41092206026614	77	44	0.0309699326865477	0.546928745864666
HROV-vOTU08046	Smoking_Status	Never_Smoker	2.70129643135813	1.22737854504805	77	51	0.0309986895538325	0.546928745864666
HROV-vOTU26189	Sex	M	0.861713824104724	0.391631701167658	77	12	0.031039334383201	0.546928745864666
HROV-vOTU03127	Age	Age	-0.374250614421865	0.17008005066961	77	17	0.0310303687129136	0.546928745864666
HROV-vOTU33026	Sex	M	1.38111266769031	0.627961874575012	77	19	0.0311103709520454	0.547350485400886
HROV-vOTU22635	Smoking_Status	Never_Smoker	1.18292132048866	0.537850006300379	77	8	0.031110802665643	0.547350485400886
HROV-vOTU04428	Smoking_Status	Never_Smoker	1.58229324592361	0.719958888590052	77	73	0.031229353593731	0.548390419310179
HROV-vOTU06026	Smoking_Status	Never_Smoker	1.84455630334518	0.839209240881342	77	72	0.0312134054029395	0.548390419310179
HROV-vOTU16495	Smoking_Status	Former_Smoker	-1.38097239572551	0.628402038041053	77	11	0.0312413473788517	0.548390419310179
HROV-vOTU11457	Age	Age	-0.589136218741476	0.268301864426682	77	48	0.0313753294378925	0.549325702091736
HROV-vOTU27485	Smoking_Status	Former_Smoker	-1.97082753731784	0.897726753893417	77	20	0.0314084078590713	0.549325702091736
HROV-vOTU37335	Smoking_Status	Former_Smoker	-2.28708248893412	1.04158404114543	77	12	0.0313770363586843	0.549325702091736
HROV-vOTU74700	Sex	M	1.8536823384256	0.844018377470582	77	43	0.0313408419566079	0.549325702091736
HROV-vOTU12936	Sex	M	0.847423985068304	0.386020895541501	77	15	0.0314138927336004	0.549325702091736
HROV-vOTU37751	diagnosis	RA	-1.29012554475618	0.587928768880908	77	11	0.0314829741680361	0.550116005379265
HROV-vOTU64237	Smoking_Status	Never_Smoker	1.77132630278794	0.807972586980114	77	73	0.0316366220080345	0.550915954000966
HROV-vOTU71167	Age	Age	-0.720722722060767	0.328804241446041	77	53	0.0316636434940043	0.550915954000966
HROV-vOTU03026	diagnosis	RA	1.29850527853737	0.59233461199079	77	24	0.031646243604642	0.550915954000966
HROV-vOTU49736	Smoking_Status	Never_Smoker	2.5621210186554	1.16893827413421	77	53	0.0316722849803421	0.550915954000966
HROV-vOTU51564	Smoking_Status	Never_Smoker	1.70259645492912	0.776354218345348	77	33	0.0315797525020925	0.550915954000966
HROV-vOTU49046	diagnosis	RA	-0.772388840090423	0.352214762025088	77	13	0.0315886169252963	0.550915954000966
HROV-vOTU12520	Sex	M	0.975692424337636	0.445214450355519	77	57	0.0316967558685524	0.550925500115292
HROV-vOTU45083	Smoking_Status	Former_Smoker	-1.16254786928735	0.530876911860514	77	77	0.0318211257450897	0.551136946813097
HROV-vOTU18260	Sex	M	0.556042331310868	0.253952458694023	77	77	0.031844604734742	0.551136946813097
HROV-vOTU37096	Smoking_Status	Former_Smoker	2.97145277744735	1.3564337197877	77	57	0.031762740170424	0.551136946813097
HROV-vOTU32394	Smoking_Status	Never_Smoker	2.16435613435733	0.988539461835448	77	52	0.0318525087367882	0.551136946813097
HROV-vOTU58027	Smoking_Status	Never_Smoker	1.54846147364584	0.707100254379062	77	15	0.0318202091234847	0.551136946813097
HROV-vOTU27155	Smoking_Status	Never_Smoker	0.846233091026813	0.386461969997759	77	9	0.0318339999136033	0.551136946813097
HROV-vOTU23194	Age	Age	0.741353222426832	0.33876389140739	77	50	0.0319314069719439	0.551982725192379
HROV-vOTU01543	Smoking_Status	Never_Smoker	1.52019754236154	0.694806059216556	77	31	0.0319664372828475	0.551982725192379
HROV-vOTU41466	diagnosis	RA	0.738343072536578	0.337473521841432	77	13	0.0319732937649429	0.551982725192379
HROV-vOTU53204	Smoking_Status	Never_Smoker	2.22782720523198	1.01853355820032	77	64	0.0320162800894037	0.55231080933256
HROV-vOTU70023	diagnosis	RA	0.431974353423823	0.197557561754398	77	77	0.0320706163443879	0.552371618356061
HROV-vOTU33272	Smoking_Status	Never_Smoker	1.39643736541272	0.63869253578636	77	67	0.0320839118932951	0.552371618356061
HROV-vOTU02637	Smoking_Status	Former_Smoker	2.37821374422806	1.08778166191864	77	20	0.0320917596769609	0.552371618356061
HROV-vOTU05156	diagnosis	RA	-1.42193230811099	0.650608000476375	77	45	0.0321491677630897	0.552946477657921
HROV-vOTU34201	Age	Age	-0.458110105578112	0.209666458653947	77	67	0.032194724699942	0.553316798387809
HROV-vOTU07041	Sex	M	1.41324866089067	0.647006979592167	77	61	0.0322452051148	0.553358475256218
HROV-vOTU61745	Sex	M	1.19857764429599	0.548699293291645	77	15	0.0322366830889001	0.553358475256218
HROV-vOTU48934	diagnosis	RA	-0.855032643506799	0.391606293218875	77	69	0.0323131831566425	0.553819195944497
HROV-vOTU63466	Smoking_Status	Former_Smoker	1.47577339345817	0.675962040656707	77	12	0.0323269247877615	0.553819195944497
HROV-vOTU55519	Smoking_Status	Never_Smoker	2.24932963142032	1.03038741641258	77	27	0.0323441953341445	0.553819195944497
HROV-vOTU34637	Sex	M	0.83752659127954	0.3837172097758	77	9	0.0323693480512254	0.553838102243478
HROV-vOTU32755	Age	Age	-0.548265399316812	0.251245814993116	77	73	0.0324061284816501	0.5540557824294
HROV-vOTU61921	Sex	M	2.72783571304779	1.2513791169645	77	42	0.0325850610439299	0.554852185141419
HROV-vOTU13745	Age	Age	-0.912426727126208	0.419139735315149	77	61	0.0328142554477138	0.554852185141419
HROV-vOTU07510	Smoking_Status	Never_Smoker	1.72133257126701	0.795191374642768	77	73	0.0337759079476047	0.554852185141419
HROV-vOTU04832	Smoking_Status	Never_Smoker	1.79448923472969	0.828909921033144	77	73	0.0337598740059926	0.554852185141419
HROV-vOTU34254	Smoking_Status	Former_Smoker	-1.69946172028834	0.779304758132997	77	11	0.032517402660283	0.554852185141419
HROV-vOTU40564	Smoking_Status	Never_Smoker	2.22509089902448	1.02591993501016	77	67	0.0334430795394925	0.554852185141419
HROV-vOTU73443	Smoking_Status	Never_Smoker	2.20467480153774	1.01843405153455	77	66	0.0337685635803379	0.554852185141419
HROV-vOTU08935	diagnosis	RA	-1.33362464709623	0.613928384611674	77	46	0.0331750190272731	0.554852185141419
HROV-vOTU31978	Smoking_Status	Former_Smoker	-2.68860567341804	1.24122944670987	77	61	0.0336641119726288	0.554852185141419
HROV-vOTU28343	Age	Age	0.787269432843698	0.362638460160464	77	52	0.0332796022783692	0.554852185141419
HROV-vOTU72585	Smoking_Status	Never_Smoker	-1.74960355183089	0.807518959345689	77	25	0.0336198131226822	0.554852185141419
HROV-vOTU67787	diagnosis	RA	1.13940883381482	0.524248431609512	77	24	0.0330862497297521	0.554852185141419
HROV-vOTU24695	Age	Age	-0.406416002067211	0.186496873060436	77	72	0.0326354796632287	0.554852185141419
HROV-vOTU04129	Smoking_Status	Never_Smoker	1.91156310198862	0.879859429638678	77	74	0.0331517097807789	0.554852185141419
HROV-vOTU40909	Smoking_Status	Never_Smoker	-1.10240973602647	0.506986898169603	77	14	0.0330065058456809	0.554852185141419
HROV-vOTU60669	Smoking_Status	Former_Smoker	2.70861509293368	1.25092521953368	77	56	0.0337271716650379	0.554852185141419
HROV-vOTU70250	Smoking_Status	Former_Smoker	-2.7179270980726	1.2503766791936	77	53	0.0330649197984097	0.554852185141419
HROV-vOTU44485	Smoking_Status	Never_Smoker	1.94971186223137	0.899186431454245	77	71	0.033487897732634	0.554852185141419
HROV-vOTU71080	Age	Age	-0.627553017481547	0.288889773962568	77	32	0.0331740961717621	0.554852185141419
HROV-vOTU05795	Smoking_Status	Never_Smoker	1.52150334661019	0.701926841834279	77	65	0.0335430404806069	0.554852185141419
HROV-vOTU59995	Smoking_Status	Never_Smoker	2.61119801893672	1.20372718852976	77	59	0.0334125470646591	0.554852185141419
HROV-vOTU73171	Age	Age	0.567316186893619	0.261644149113698	77	32	0.0334904797443019	0.554852185141419
HROV-vOTU50460	Age	Age	-0.549581116403845	0.253828275895815	77	35	0.0337367484015209	0.554852185141419
HROV-vOTU06297	Smoking_Status	Never_Smoker	1.57948317448716	0.726566757048822	77	64	0.0330482753385641	0.554852185141419
HROV-vOTU40810	Age	Age	0.647884660411987	0.299285433646287	77	54	0.0337683687785329	0.554852185141419
HROV-vOTU60532	Smoking_Status	Never_Smoker	2.24763149069389	1.03467901889753	77	31	0.033173620627443	0.554852185141419
HROV-vOTU25173	Sex	M	0.800674643461395	0.369403501752664	77	21	0.0335533132798107	0.554852185141419
HROV-vOTU17300	diagnosis	RA	1.04322039261263	0.479763397448632	77	13	0.0330054690333465	0.554852185141419
HROV-vOTU04541	Sex	M	1.044504047915	0.479784361015372	77	12	0.0328045721775623	0.554852185141419
HROV-vOTU29016	Age	Age	0.750907078730842	0.344783700134134	77	25	0.0327363388965168	0.554852185141419
HROV-vOTU61047	diagnosis	RA	0.564003998226058	0.259253380336579	77	14	0.0329239313101391	0.554852185141419
HROV-vOTU75084	Sex	M	2.06451097739667	0.951267226601724	77	48	0.0333326385251271	0.554852185141419
HROV-vOTU24598	Smoking_Status	Never_Smoker	2.41443139141939	1.11397285202351	77	38	0.033559165050645	0.554852185141419
HROV-vOTU01806	Sex	M	0.779343829836063	0.357987100393755	77	15	0.0328054736291646	0.554852185141419
HROV-vOTU56795	Smoking_Status	Never_Smoker	2.48820057662654	1.14293006024025	77	59	0.0328039138611232	0.554852185141419
HROV-vOTU60207	Smoking_Status	Never_Smoker	2.59099809692205	1.19376023008664	77	58	0.0333187410501661	0.554852185141419
HROV-vOTU36175	Age	Age	0.371390540860916	0.171341330456627	77	14	0.0335479240721429	0.554852185141419
HROV-vOTU26082	Smoking_Status	Never_Smoker	2.28845285121978	1.0540441585376	77	34	0.0332663838430708	0.554852185141419
HROV-vOTU31167	Smoking_Status	Never_Smoker	2.18339717968907	1.00860600331396	77	29	0.0337687344775691	0.554852185141419
HROV-vOTU46503	Smoking_Status	Former_Smoker	1.90838815106535	0.875525425292132	77	16	0.0325972123766405	0.554852185141419
HROV-vOTU65186	Age	Age	-0.920845212231828	0.422598038965867	77	44	0.0326510303404303	0.554852185141419
HROV-vOTU74217	diagnosis	RA	0.54900385096847	0.253239574765162	77	13	0.033518249763867	0.554852185141419
HROV-vOTU54452	Smoking_Status	Former_Smoker	2.92412322604434	1.35085057935227	77	48	0.0337778012839023	0.554852185141419
HROV-vOTU75022	Sex	M	1.79822202571548	0.825845872452863	77	40	0.0327733394941362	0.554852185141419
HROV-vOTU07407	Age	Age	-0.583777300591577	0.268008129701673	77	26	0.0327131162983529	0.554852185141419
HROV-vOTU02798	Sex	M	1.81950915013591	0.837934310383072	77	39	0.0332423787059514	0.554852185141419
HROV-vOTU23948	Smoking_Status	Former_Smoker	1.6056527393024	0.739802569494962	77	14	0.0333243263871594	0.554852185141419
HROV-vOTU28075	Smoking_Status	Never_Smoker	1.22335005369628	0.560923826626144	77	18	0.0325008470031154	0.554852185141419
HROV-vOTU29348	diagnosis	RA	-0.550318242751657	0.253394686001597	77	10	0.0332140559708104	0.554852185141419
HROV-vOTU26712	Age	Age	-0.705595707204427	0.324697462959362	77	30	0.0331118627647078	0.554852185141419
HROV-vOTU02199	Sex	M	1.05677943726274	0.487452332511538	77	15	0.0335149377730484	0.554852185141419
HROV-vOTU19568	Smoking_Status	Never_Smoker	1.67755848772178	0.771372690680614	77	26	0.0329802841930328	0.554852185141419
HROV-vOTU05887	Age	Age	-0.578572006635759	0.265861817523561	77	14	0.0328678975574256	0.554852185141419
HROV-vOTU65848	Sex	M	0.987903543311268	0.45570995715446	77	10	0.0335252764296385	0.554852185141419
HROV-vOTU42166	Age	Age	-0.426445438330477	0.195656338148632	77	8	0.032608218633781	0.554852185141419
HROV-vOTU09406	Age	Age	-0.606681953928828	0.280322776300833	77	73	0.0338118239714596	0.554873475614514
HROV-vOTU28419	Smoking_Status	Former_Smoker	-2.76644127765954	1.27837409516883	77	69	0.033827398865493	0.554873475614514
HROV-vOTU68597	Age	Age	-0.762931493401309	0.352975641978879	77	63	0.0340355551496354	0.554873475614514
HROV-vOTU14264	Smoking_Status	Never_Smoker	2.00814624362253	0.928979952243683	77	56	0.0340163279428706	0.554873475614514
HROV-vOTU57650	Smoking_Status	Former_Smoker	-2.27269907356532	1.05092132286486	77	19	0.0339434845783921	0.554873475614514
HROV-vOTU25170	Smoking_Status	Never_Smoker	2.53437473473723	1.17260434672185	77	57	0.0340441259680116	0.554873475614514
HROV-vOTU23458	Sex	M	0.934930772982092	0.432502290940341	77	9	0.0340155113277026	0.554873475614514
HROV-vOTU37661	Age	Age	-0.616027289354707	0.284942167338166	77	20	0.0339946983085105	0.554873475614514
HROV-vOTU11859	Smoking_Status	Former_Smoker	2.14146418140449	0.990674935539372	77	13	0.0340200603299784	0.554873475614514
HROV-vOTU66452	Smoking_Status	Never_Smoker	2.6629667579195	1.2311371702891	77	28	0.0339086141226444	0.554873475614514
HROV-vOTU72140	Age	Age	-0.209169928393092	0.0966717690571272	77	9	0.0338528052299599	0.554873475614514
HROV-vOTU05876	Smoking_Status	Former_Smoker	3.848139033362	1.78098721857857	77	59	0.0340957922288557	0.55532255659869
HROV-vOTU18620	diagnosis	RA	-1.0174174540264	0.471104801606769	77	19	0.0341790859702934	0.556285759643715
HROV-vOTU13757	Smoking_Status	Former_Smoker	-2.37644068133784	1.10071656830019	77	24	0.0342312110134212	0.556740670649076
HROV-vOTU35802	Age	Age	-0.609432888866949	0.282324509122167	77	53	0.0342609330144794	0.556830830856358
HROV-vOTU31834	Smoking_Status	Former_Smoker	-2.07882644489968	0.963494574143422	77	22	0.0343445182665511	0.557017751942363
HROV-vOTU67177	Sex	M	2.02575476754906	0.938899471293114	77	54	0.0343449938236281	0.557017751942363
HROV-vOTU53190	Smoking_Status	Never_Smoker	1.51061173815025	0.700057121988195	77	15	0.0343242790660325	0.557017751942363
HROV-vOTU42257	Smoking_Status	Never_Smoker	2.15598616859644	0.999774335721337	77	47	0.0344349285347649	0.558083324528948
HROV-vOTU21803	Sex	M	1.94784781183617	0.903630727666444	77	62	0.0345073627858566	0.558263909088826
HROV-vOTU63559	Sex	M	1.27569471259001	0.591931226857755	77	28	0.0345430338884749	0.558263909088826
HROV-vOTU28082	diagnosis	RA	-0.60596620002303	0.281149853429363	77	12	0.0345289139383041	0.558263909088826
HROV-vOTU25593	diagnosis	RA	-1.46289707905212	0.678731025153603	77	25	0.0345266846669661	0.558263909088826
HROV-vOTU31698	Smoking_Status	Former_Smoker	2.29866432074307	1.06691851080601	77	21	0.0345959450246625	0.558726938231401
HROV-vOTU66843	Smoking_Status	Former_Smoker	-3.20504522949915	1.48880565586801	77	33	0.0347366157293963	0.559922739513039
HROV-vOTU01502	Smoking_Status	Never_Smoker	2.7376455476112	1.27146209760319	77	52	0.0347052091958491	0.559922739513039
HROV-vOTU31001	diagnosis	RA	-0.784119783304549	0.364251924302786	77	10	0.0347429263901056	0.559922739513039
HROV-vOTU53230	Smoking_Status	Former_Smoker	1.98110180833099	0.920755965315745	77	68	0.0348313390530289	0.560955061812067
HROV-vOTU05947	diagnosis	RA	1.26851496595856	0.590163895535188	77	64	0.0350097125995654	0.561887963246972
HROV-vOTU41480	Smoking_Status	Never_Smoker	-1.65744411542779	0.772459915412624	77	32	0.0353197646326774	0.561887963246972
HROV-vOTU50753	diagnosis	RA	0.784218585403811	0.365184486323782	77	11	0.0351719090605111	0.561887963246972
HROV-vOTU65727	Age	Age	-0.554581525002709	0.257981305968411	77	72	0.0349876707488848	0.561887963246972
HROV-vOTU15022	Smoking_Status	Never_Smoker	-1.57315374478803	0.732161476068543	77	13	0.0350742882429251	0.561887963246972
HROV-vOTU07688	Smoking_Status	Never_Smoker	1.89934106615658	0.885221879623554	77	67	0.0353247252478363	0.561887963246972
HROV-vOTU21655	Sex	M	1.97429658186027	0.918431354407969	77	50	0.0349923338563944	0.561887963246972
HROV-vOTU07299	diagnosis	RA	1.09143104634948	0.508510402132899	77	27	0.0352651612081395	0.561887963246972
HROV-vOTU44351	diagnosis	RA	0.83421267187588	0.388524760537693	77	16	0.0351991426886723	0.561887963246972
HROV-vOTU35627	Smoking_Status	Never_Smoker	2.65153475502258	1.23582097357679	77	61	0.035328431210665	0.561887963246972
HROV-vOTU04957	Smoking_Status	Never_Smoker	3.15948595618514	1.47227597977715	77	56	0.0352934779186642	0.561887963246972
HROV-vOTU51173	diagnosis	RA	-1.72006905668842	0.800672839764065	77	65	0.0351042329221788	0.561887963246972
HROV-vOTU20308	Smoking_Status	Never_Smoker	2.14868816936459	1.00063773675951	77	33	0.0351834552560574	0.561887963246972
HROV-vOTU36564	Age	Age	0.523164463979013	0.243270796491048	77	19	0.0349181533419809	0.561887963246972
HROV-vOTU46802	Smoking_Status	Former_Smoker	3.54020771840112	1.64993095383759	77	18	0.035319751350869	0.561887963246972
HROV-vOTU01844	diagnosis	RA	-0.799261768476003	0.372153724063712	77	18	0.0351548326737135	0.561887963246972
HROV-vOTU58622	Smoking_Status	Never_Smoker	1.45785927235845	0.679097728289522	77	31	0.0352296685906762	0.561887963246972
HROV-vOTU10158	diagnosis	RA	0.4043650710556	0.188252423318753	77	8	0.0351277612556182	0.561887963246972
HROV-vOTU64011	diagnosis	RA	1.10846685233433	0.516715402432712	77	39	0.0353572734199174	0.561958596867286
HROV-vOTU41053	Smoking_Status	Never_Smoker	1.11716432324362	0.520960170098167	77	12	0.0354223214893282	0.562604181999468
HROV-vOTU08434	Smoking_Status	Never_Smoker	-1.1709942812518	0.546149961167564	77	8	0.0354508915617293	0.562669905352602
HROV-vOTU03523	diagnosis	RA	-1.19195547286296	0.556148513327652	77	63	0.0355221544100957	0.563347723848484
HROV-vOTU37414	Smoking_Status	Never_Smoker	2.30906886174701	1.07749982223952	77	47	0.0355425203105448	0.563347723848484
HROV-vOTU29943	Smoking_Status	Former_Smoker	-1.91607265090141	0.894239583034298	77	76	0.0355678358136873	0.563361250886671
HROV-vOTU33597	Smoking_Status	Former_Smoker	2.43296837388291	1.13759113162923	77	52	0.0359009677506877	0.563891364960448
HROV-vOTU49658	Smoking_Status	Never_Smoker	1.8365398491285	0.857582128114343	77	74	0.0356638922062376	0.563891364960448
HROV-vOTU46686	Smoking_Status	Never_Smoker	1.83731954543705	0.858671419894267	77	73	0.0358152311960596	0.563891364960448
HROV-vOTU06769	Smoking_Status	Former_Smoker	-2.51740595510874	1.17724507577172	77	49	0.0359274053914044	0.563891364960448
HROV-vOTU02525	Smoking_Status	Former_Smoker	1.50025517530395	0.701743193106572	77	73	0.0359685807697307	0.563891364960448
HROV-vOTU10057	Smoking_Status	Never_Smoker	2.8915761232637	1.35075487722399	77	56	0.0357325280548305	0.563891364960448
HROV-vOTU60099	diagnosis	RA	-1.42169778648962	0.664829435532953	77	66	0.0359229874606381	0.563891364960448
HROV-vOTU11617	Sex	M	1.66212090556443	0.777222426997274	77	67	0.0359146116031918	0.563891364960448
HROV-vOTU03270	Age	Age	-0.57440737231286	0.268331556285223	77	49	0.0357365817761868	0.563891364960448
HROV-vOTU16733	Smoking_Status	Former_Smoker	2.88924605235384	1.35136720769578	77	60	0.035958546680823	0.563891364960448
HROV-vOTU73077	Smoking_Status	Never_Smoker	2.24792178288955	1.05110633577118	77	28	0.0359074727902562	0.563891364960448
HROV-vOTU46503	Age	Age	-0.397610964617347	0.185764517248644	77	16	0.0357583062992916	0.563891364960448
HROV-vOTU52600	Smoking_Status	Never_Smoker	1.86738950777912	0.873442121559437	77	35	0.0359628412822091	0.563891364960448
HROV-vOTU70747	Smoking_Status	Never_Smoker	0.576310162612873	0.269270928708944	77	9	0.0357701810782906	0.563891364960448
HROV-vOTU53340	Sex	M	-1.40051490668688	0.654754033337554	77	13	0.0358764475222892	0.563891364960448
HROV-vOTU15752	Age	Age	-0.297671983586132	0.139278353089593	77	18	0.0360235260166508	0.564368574260863
HROV-vOTU14527	Age	Age	0.495484869515982	0.23221559879965	77	77	0.036320938381546	0.564779192623929
HROV-vOTU08286	Sex	M	0.579014169973989	0.271395745713656	77	74	0.0363429771679653	0.564779192623929
HROV-vOTU24406	Smoking_Status	Never_Smoker	1.65208266620062	0.774763000944778	77	23	0.0364361730228922	0.564779192623929
HROV-vOTU02469	Smoking_Status	Never_Smoker	2.16807003516769	1.01637058103849	77	69	0.036370067422501	0.564779192623929
HROV-vOTU35442	Smoking_Status	Never_Smoker	2.16606320993621	1.01471999690445	77	56	0.0362434895479167	0.564779192623929
HROV-vOTU43965	diagnosis	RA	-1.66217656818514	0.778868882613301	77	67	0.0362901809038082	0.564779192623929
HROV-vOTU57852	diagnosis	RA	-1.33850231757126	0.62742593722562	77	66	0.0363552813697605	0.564779192623929
HROV-vOTU06386	Smoking_Status	Former_Smoker	-2.00070015519392	0.937391962118345	77	19	0.0362701931754794	0.564779192623929
HROV-vOTU29783	diagnosis	RA	-0.906074550356178	0.425214800145422	77	11	0.0365647319236768	0.564779192623929
HROV-vOTU28517	Smoking_Status	Never_Smoker	-2.2020734205005	1.03306794198206	77	31	0.0365030585927081	0.564779192623929
HROV-vOTU49012	Sex	M	1.0959457933616	0.514221061728854	77	18	0.0365297103128285	0.564779192623929
HROV-vOTU11401	Age	Age	-0.21987481402043	0.10310868972828	77	8	0.0364289392156812	0.564779192623929
HROV-vOTU43064	Age	Age	0.456196368951103	0.214085265066094	77	22	0.0365607588961292	0.564779192623929
HROV-vOTU14865	Smoking_Status	Never_Smoker	1.9671020604009	0.920672572057384	77	26	0.0360785542363598	0.564779192623929
HROV-vOTU08743	Smoking_Status	Never_Smoker	1.89225825214464	0.887260825819127	77	33	0.0364085221547685	0.564779192623929
HROV-vOTU16315	Smoking_Status	Former_Smoker	4.33297459388231	2.03102717477688	77	67	0.036349545907788	0.564779192623929
HROV-vOTU49292	Age	Age	-0.816575350237947	0.383198475272267	77	36	0.0365576408510368	0.564779192623929
HROV-vOTU19905	Smoking_Status	Former_Smoker	1.87283266534547	0.87738724531963	77	8	0.0362506707567695	0.564779192623929
HROV-vOTU33099	Smoking_Status	Never_Smoker	2.4999977827138	1.17056135595521	77	48	0.0361517550096422	0.564779192623929
HROV-vOTU06146	Smoking_Status	Never_Smoker	2.57661012256065	1.20909046059325	77	23	0.0365503468442188	0.564779192623929
HROV-vOTU54184	Smoking_Status	Former_Smoker	2.19061444862486	1.02615002825293	77	43	0.03623092676651	0.564779192623929
HROV-vOTU37639	Smoking_Status	Never_Smoker	2.54555984982577	1.19510632823041	77	57	0.0366396594046924	0.564800104477956
HROV-vOTU21646	Smoking_Status	Never_Smoker	1.71638127086715	0.805734689025607	77	19	0.0366208170720092	0.564800104477956
HROV-vOTU66557	Smoking_Status	Never_Smoker	1.79034176614944	0.840419415336813	77	20	0.036613204203787	0.564800104477956
HROV-vOTU19515	Smoking_Status	Never_Smoker	1.7241564541297	0.810060244715998	77	63	0.0367729313065294	0.566064749585027
HROV-vOTU74691	diagnosis	RA	-1.523524231528	0.715749196223798	77	35	0.036760681285044	0.566064749585027
HROV-vOTU46268	diagnosis	RA	-1.19139536730522	0.559822154192396	77	26	0.0367954376955617	0.566064749585027
HROV-vOTU73532	Smoking_Status	Never_Smoker	2.03578038447707	0.957863853672036	77	62	0.0370393423408985	0.56646112515942
HROV-vOTU05550	Sex	M	1.48618502766028	0.699600939794008	77	62	0.0371258531295828	0.56646112515942
HROV-vOTU10197	Smoking_Status	Never_Smoker	1.81172201660759	0.853646724106069	77	72	0.0372992057769657	0.56646112515942
HROV-vOTU06705	Smoking_Status	Former_Smoker	-2.45537766365411	1.1547228082963	77	50	0.0369492663344961	0.56646112515942
HROV-vOTU34622	Smoking_Status	Never_Smoker	1.92887338821624	0.908874201863036	77	72	0.0373049093458908	0.56646112515942
HROV-vOTU08930	Smoking_Status	Never_Smoker	1.60101796393269	0.753335940020902	77	73	0.0370476318846496	0.56646112515942
HROV-vOTU17996	Smoking_Status	Former_Smoker	-2.38030916779811	1.12133294509511	77	73	0.0372629735697706	0.56646112515942
HROV-vOTU48360	Smoking_Status	Never_Smoker	2.0520948881412	0.966352543650321	77	67	0.0371938620513899	0.56646112515942
HROV-vOTU06938	diagnosis	RA	0.857187224579172	0.403675859001203	77	12	0.0372018822740523	0.56646112515942
HROV-vOTU71476	Smoking_Status	Never_Smoker	2.4800106196365	1.16836074728793	77	61	0.0372723915611984	0.56646112515942
HROV-vOTU01200	Smoking_Status	Never_Smoker	1.6929001357883	0.796169867872914	77	27	0.0369555731193331	0.56646112515942
HROV-vOTU73206	diagnosis	RA	-0.837256869575142	0.393909933021075	77	66	0.037024709158878	0.56646112515942
HROV-vOTU73206	Smoking_Status	Never_Smoker	1.43013971065303	0.672855758516653	77	66	0.0370269452635979	0.56646112515942
HROV-vOTU44615	Smoking_Status	Never_Smoker	1.66782655072693	0.785785469730756	77	28	0.0372849883570387	0.56646112515942
HROV-vOTU05941	diagnosis	RA	0.914919371777456	0.430977003243829	77	13	0.0372502776248334	0.56646112515942
HROV-vOTU45998	Smoking_Status	Former_Smoker	-2.17877746368674	1.02420900936466	77	29	0.0368718387751492	0.56646112515942
HROV-vOTU70611	Smoking_Status	Never_Smoker	1.86328167789783	0.87663401546548	77	37	0.0370253814883718	0.56646112515942
HROV-vOTU01552	Sex	M	0.953489781169749	0.448489684321741	77	10	0.036981736841712	0.56646112515942
HROV-vOTU51691	Smoking_Status	Never_Smoker	2.75732895164362	1.29910772756981	77	48	0.0372864625889381	0.56646112515942
HROV-vOTU15866	Age	Age	-0.437462373787202	0.206138989150803	77	15	0.0373131362078524	0.56646112515942
HROV-vOTU19405	Age	Age	-0.446426133842339	0.210425351153518	77	19	0.0373679281346414	0.5669192259162
HROV-vOTU74328	Age	Age	0.388767783835301	0.183574164904424	77	34	0.037697276692399	0.567222883212569
HROV-vOTU63038	Age	Age	0.522463477383125	0.246838383156018	77	72	0.0377980030852265	0.567222883212569
HROV-vOTU70525	Age	Age	0.679516397260432	0.321120292809349	77	69	0.037845571535297	0.567222883212569
HROV-vOTU45549	Smoking_Status	Never_Smoker	1.32100875991105	0.623857909100027	77	73	0.0377223685926343	0.567222883212569
HROV-vOTU19048	Age	Age	-0.614589060857303	0.290395414242677	77	70	0.0378186319094198	0.567222883212569
HROV-vOTU15439	diagnosis	RA	-1.19913497315371	0.565633296691793	77	39	0.0375034019223692	0.567222883212569
HROV-vOTU53029	Smoking_Status	Never_Smoker	2.179675332186	1.02835309404596	77	61	0.0375390009756735	0.567222883212569
HROV-vOTU56546	Smoking_Status	Former_Smoker	-3.49301742782878	1.64856861795053	77	40	0.0376054535723916	0.567222883212569
HROV-vOTU59995	Age	Age	-0.763334071505462	0.360539227253006	77	59	0.0377471262742802	0.567222883212569
HROV-vOTU12710	Sex	M	1.34029353269663	0.633420117415564	77	28	0.0378559084454068	0.567222883212569
HROV-vOTU74340	diagnosis	RA	0.565792146450275	0.266855704806443	77	14	0.0374832500872802	0.567222883212569
HROV-vOTU04734	diagnosis	RA	-1.17506170585733	0.555258063600323	77	42	0.0378311712842835	0.567222883212569
HROV-vOTU63797	Smoking_Status	Never_Smoker	1.43189518059302	0.675585820189411	77	21	0.0375470347895999	0.567222883212569
HROV-vOTU49292	Smoking_Status	Former_Smoker	3.82730481112068	1.80605000892062	77	36	0.0375757816465936	0.567222883212569
HROV-vOTU16455	Smoking_Status	Never_Smoker	2.08138345449539	0.98142727495507	77	50	0.0374349229449522	0.567222883212569
HROV-vOTU64692	Sex	M	1.10475726606607	0.5217914387982	77	28	0.0377437925592885	0.567222883212569
HROV-vOTU61851	Smoking_Status	Former_Smoker	2.06053562334079	0.972746716573468	77	14	0.0376538500358451	0.567222883212569
HROV-vOTU63780	Sex	M	1.10913329953792	0.523797649863595	77	12	0.0377222888125709	0.567222883212569
HROV-vOTU06556	Age	Age	-0.655915143950566	0.309473112200187	77	20	0.0375495779364501	0.567222883212569
HROV-vOTU07700	diagnosis	RA	-1.24096849576562	0.58706594326955	77	31	0.0380423086058744	0.56816755330304
HROV-vOTU04039	Sex	M	1.78820379301427	0.845906603435038	77	24	0.0380333966947256	0.56816755330304
HROV-vOTU66879	Smoking_Status	Never_Smoker	1.83343839001778	0.867060043422243	77	62	0.0379807326262809	0.56816755330304
HROV-vOTU67216	Smoking_Status	Former_Smoker	4.48802457923539	2.12225493284063	77	61	0.0379633273607077	0.56816755330304
HROV-vOTU50739	Age	Age	-0.492858615899404	0.233125195284383	77	11	0.0380168280577038	0.56816755330304
HROV-vOTU17790	Sex	M	1.74952277070255	0.832121804312029	77	59	0.0390578712386363	0.568222287436601
HROV-vOTU00682	Smoking_Status	Never_Smoker	1.75806642042049	0.835400266428047	77	74	0.0388796221988329	0.568222287436601
HROV-vOTU71115	Smoking_Status	Never_Smoker	-2.69065692775326	1.27870982996575	77	39	0.0389033358856326	0.568222287436601
HROV-vOTU37702	Smoking_Status	Former_Smoker	-1.42935195569162	0.679542306108917	77	12	0.0389747975941028	0.568222287436601
HROV-vOTU67350	Age	Age	-0.545274520297886	0.258861429855248	77	70	0.0387022532892606	0.568222287436601
HROV-vOTU26109	Age	Age	0.499528072062311	0.236636076668253	77	72	0.0382986968493381	0.568222287436601
HROV-vOTU23121	diagnosis	RA	-1.23581618800256	0.586058157254718	77	22	0.0385002267161442	0.568222287436601
HROV-vOTU19159	Age	Age	-0.468575235222306	0.222998492033743	77	45	0.0391696865696228	0.568222287436601
HROV-vOTU51786	Age	Age	0.522554348632003	0.247447310791745	77	20	0.0382254100553942	0.568222287436601
HROV-vOTU62516	diagnosis	RA	-1.54920945981315	0.734883935763233	77	41	0.0385530327133006	0.568222287436601
HROV-vOTU34282	Sex	M	2.24491883372002	1.06382138473514	77	50	0.0383622308258298	0.568222287436601
HROV-vOTU43810	Age	Age	-0.87609149752284	0.416268919614641	77	62	0.0388644380782568	0.568222287436601
HROV-vOTU19336	Sex	M	1.85783883467342	0.880486857618068	77	50	0.0383824568368521	0.568222287436601
HROV-vOTU29426	Age	Age	-0.942133115984248	0.447215266406713	77	53	0.0386814713292824	0.568222287436601
HROV-vOTU08028	Age	Age	-0.719695775746837	0.340600930670091	77	67	0.0381157759417751	0.568222287436601
HROV-vOTU38085	diagnosis	RA	-0.588636109284029	0.280064207203928	77	67	0.0391206556558813	0.568222287436601
HROV-vOTU21127	diagnosis	RA	-1.5641464037249	0.741426835891051	77	64	0.0384153654949254	0.568222287436601
HROV-vOTU45038	Smoking_Status	Never_Smoker	-2.2257201768029	1.05459792938866	77	42	0.0383398711336616	0.568222287436601
HROV-vOTU53343	Smoking_Status	Never_Smoker	1.86473529074121	0.883508466975884	77	32	0.0383300060790172	0.568222287436601
HROV-vOTU72962	diagnosis	RA	-0.989227881430579	0.470069276125463	77	11	0.038882321554307	0.568222287436601
HROV-vOTU74507	Age	Age	-0.636604892487364	0.301910859270961	77	39	0.0385097311536355	0.568222287436601
HROV-vOTU10491	Age	Age	-0.745550207937989	0.354665818909865	77	38	0.0390907584599264	0.568222287436601
HROV-vOTU49012	Age	Age	0.418986456076439	0.199333827514021	77	18	0.0391076528728777	0.568222287436601
HROV-vOTU06467	Age	Age	-0.58804786316422	0.279040444140627	77	64	0.0386163462681836	0.568222287436601
HROV-vOTU56079	Smoking_Status	Former_Smoker	2.01430744118988	0.955458141602764	77	36	0.0385431834662076	0.568222287436601
HROV-vOTU54940	Smoking_Status	Never_Smoker	1.63831585763566	0.776223898172938	77	54	0.0383282121697221	0.568222287436601
HROV-vOTU20887	Age	Age	-0.455889403239425	0.216740897398446	77	36	0.0389765674064578	0.568222287436601
HROV-vOTU53048	diagnosis	RA	-0.970786347363536	0.460716053835066	77	22	0.0386403273874109	0.568222287436601
HROV-vOTU06214	Age	Age	0.412438602214569	0.195766486483016	77	10	0.0386704677318014	0.568222287436601
HROV-vOTU28941	diagnosis	RA	-1.71760500085003	0.817089566082801	77	56	0.0390924788537767	0.568222287436601
HROV-vOTU75544	Age	Age	-0.766525670129852	0.362721974803649	77	26	0.0380943761113553	0.568222287436601
HROV-vOTU20962	Smoking_Status	Never_Smoker	2.11723692969205	1.005208341125	77	37	0.0387172524994557	0.568222287436601
HROV-vOTU07407	Smoking_Status	Former_Smoker	2.65632218838618	1.2631472103185999	77	26	0.0390167160345672	0.568222287436601
HROV-vOTU70158	Smoking_Status	Former_Smoker	1.18181668980599	0.560410376536134	77	9	0.0384868846675481	0.568222287436601
HROV-vOTU49583	Smoking_Status	Former_Smoker	2.4611333686929	1.16782847010906	77	46	0.0386117566222552	0.568222287436601
HROV-vOTU16624	Sex	M	1.19328034852227	0.565133140433995	77	21	0.0382500100070252	0.568222287436601
HROV-vOTU00742	Smoking_Status	Never_Smoker	2.60851212529198	1.23993189319782	77	46	0.0389431927501897	0.568222287436601
HROV-vOTU01986	Smoking_Status	Never_Smoker	2.91792933366285	1.38462849316939	77	26	0.0386180904559207	0.568222287436601
HROV-vOTU36677	Smoking_Status	Never_Smoker	2.75416078652357	1.30409947407712	77	53	0.0382125381428684	0.568222287436601
HROV-vOTU60677	diagnosis	RA	-1.27014477965939	0.604507207178162	77	17	0.0391809375792151	0.568222287436601
HROV-vOTU17471	Smoking_Status	Former_Smoker	2.22387396496696	1.05421757555202	77	28	0.038427996212306297	0.568222287436601
HROV-vOTU40670	diagnosis	RA	-1.06731561355985	0.507028432468417	77	24	0.0388273476917633	0.568222287436601
HROV-vOTU32342	Age	Age	-0.58349138442425	0.277639761106071	77	35	0.0391366487613396	0.568222287436601
HROV-vOTU70105	diagnosis	RA	-0.504035177381042	0.239239447321044	77	9	0.0386673826888824	0.568222287436601
HROV-vOTU11730	Age	Age	-0.562103726460753	0.267001180169457	77	9	0.0388087241572952	0.568222287436601
HROV-vOTU04552	Smoking_Status	Never_Smoker	3.26754046020387	1.55314004285769	77	39	0.038936498878701	0.568222287436601
HROV-vOTU03963	Smoking_Status	Never_Smoker	1.07435176844721	0.511493500021533	77	11	0.0392447107734959	0.568788979933046
HROV-vOTU02488	Age	Age	-0.616775426743129	0.293804649903732	77	71	0.0393492691982557	0.569587473058346
HROV-vOTU12921	Smoking_Status	Former_Smoker	2.71157571794582	1.29164059591228	77	34	0.0393441455294712	0.569587473058346
HROV-vOTU12196	Smoking_Status	Never_Smoker	3.0637540444657	1.45980244737758	77	64	0.0393970377914229	0.569920716291752
HROV-vOTU00758	Age	Age	-0.808924917203076	0.385650706512106	77	62	0.039505277366784	0.570889088400808
HROV-vOTU28293	Age	Age	0.612326747527445	0.291936183428786	77	74	0.039513556531085	0.570889088400808
HROV-vOTU45998	Age	Age	0.455672008005785	0.217311441438556	77	29	0.0395689412112195	0.571330856485508
HROV-vOTU04917	Age	Age	0.853698902672418	0.407678504715421	77	69	0.0398267354343179	0.572948053288804
HROV-vOTU21803	diagnosis	RA	1.43141886844733	0.684656350763376	77	62	0.0401346051044198	0.572948053288804
HROV-vOTU02846	diagnosis	RA	0.86134870351027	0.411185318228027	77	72	0.0397582944641954	0.572948053288804
HROV-vOTU63440	Smoking_Status	Former_Smoker	3.13432635694282	1.4998927155896	77	66	0.0402282675713415	0.572948053288804
HROV-vOTU00515	Age	Age	-0.684299034468705	0.327415197036946	77	70	0.0402001306999665	0.572948053288804
HROV-vOTU22790	Smoking_Status	Never_Smoker	1.01026282991968	0.482380992575078	77	67	0.0398013524105145	0.572948053288804
HROV-vOTU36611	Age	Age	-0.56503249886017	0.269948905484795	77	34	0.0399132542968624	0.572948053288804
HROV-vOTU60099	Smoking_Status	Former_Smoker	3.35308393289073	1.60311889819173	77	66	0.0400524231104976	0.572948053288804
HROV-vOTU14148	diagnosis	RA	-1.72770212287872	0.826020804734285	77	68	0.0400527834256157	0.572948053288804
HROV-vOTU27546	Smoking_Status	Never_Smoker	1.00705949108703	0.481785665597554	77	74	0.0401759816582987	0.572948053288804
HROV-vOTU68703	Smoking_Status	Never_Smoker	2.12513512659975	1.01672542292912	77	34	0.0401841786566392	0.572948053288804
HROV-vOTU56218	Sex	M	1.83207534807593	0.876552933281761	77	45	0.0401920634914075	0.572948053288804
HROV-vOTU07581	Age	Age	0.537920602092351	0.257293686280483	77	32	0.0401368540572708	0.572948053288804
HROV-vOTU09198	diagnosis	RA	-1.39063451177434	0.664159390860996	77	60	0.0398472277674547	0.572948053288804
HROV-vOTU10032	Smoking_Status	Former_Smoker	3.10014718033478	1.48078216560628	77	67	0.0398692013332877	0.572948053288804
HROV-vOTU24461	Smoking_Status	Never_Smoker	2.01361046806258	0.961286852634458	77	27	0.039766683883598	0.572948053288804
HROV-vOTU07555	diagnosis	RA	-1.9946741967434	0.954489311380462	77	66	0.0402207357384297	0.572948053288804
HROV-vOTU59097	diagnosis	RA	-1.27714234934803	0.610068808958213	77	21	0.039882799155622	0.572948053288804
HROV-vOTU25215	Smoking_Status	Never_Smoker	1.60506430961699	0.766941314669218	77	26	0.0399405826255969	0.572948053288804
HROV-vOTU73958	Sex	M	1.14422001317997	0.546960576135964	77	18	0.0400191426276849	0.572948053288804
HROV-vOTU12546	Sex	M	0.869639192109879	0.416103936988124	77	14	0.0402045080997467	0.572948053288804
HROV-vOTU60901	diagnosis	RA	-0.858803479673971	0.410404055571802	77	9	0.0399619701877999	0.572948053288804
HROV-vOTU30479	Age	Age	-0.860771635219707	0.411987594613876	77	54	0.0402640671179199	0.573103501684607
HROV-vOTU66335	Smoking_Status	Former_Smoker	-3.63269676217111	1.74385822474027	77	32	0.0408408244594313	0.574645538907278
HROV-vOTU21496	Smoking_Status	Never_Smoker	1.27696829314549	0.614477818993424	77	71	0.0413131099037183	0.574645538907278
HROV-vOTU00652	Smoking_Status	Never_Smoker	2.00039211372998	0.966743453914517	77	72	0.0421679250065275	0.574645538907278
HROV-vOTU15831	Smoking_Status	Never_Smoker	1.47120176707758	0.71014102877231	77	74	0.0419273595105496	0.574645538907278
HROV-vOTU14373	Smoking_Status	Never_Smoker	1.69500662444942	0.818026418206504	77	73	0.0418923251896647	0.574645538907278
HROV-vOTU22120	Smoking_Status	Never_Smoker	1.61376156405027	0.773849773006195	77	72	0.0406317465468407	0.574645538907278
HROV-vOTU24797	Smoking_Status	Never_Smoker	2.07575490157975	0.998803684171698	77	70	0.0413031063744962	0.574645538907278
HROV-vOTU66996	Smoking_Status	Former_Smoker	-3.71991300054842	1.78774425537258	77	69	0.0410622953916129	0.574645538907278
HROV-vOTU68101	Age	Age	0.580215859702867	0.280751783177806	77	46	0.0424154329906746	0.574645538907278
HROV-vOTU71430	Smoking_Status	Former_Smoker	3.0305475282002	1.46522216926927	77	69	0.0422537023838109	0.574645538907278
HROV-vOTU71115	Age	Age	0.792886084540749	0.382997956987059	77	39	0.0420711547619323	0.574645538907278
HROV-vOTU44031	Age	Age	-0.613827400140416	0.29485243329695	77	34	0.0409655157698559	0.574645538907278
HROV-vOTU49879	Smoking_Status	Never_Smoker	1.95205560713695	0.938002348162795	77	74	0.0410347741868971	0.574645538907278
HROV-vOTU36535	Smoking_Status	Never_Smoker	1.86952937947576	0.902245863427817	77	65	0.0418908019027117	0.574645538907278
HROV-vOTU01387	Smoking_Status	Former_Smoker	2.10560655994189	1.01488595813877	77	65	0.041638105102008	0.574645538907278
HROV-vOTU01387	Smoking_Status	Never_Smoker	1.49243388302106	0.718930305232304	77	65	0.041524870709266803	0.574645538907278
HROV-vOTU60687	Smoking_Status	Never_Smoker	2.03467014956603	0.978255992572355	77	66	0.0411464224625552	0.574645538907278
HROV-vOTU04217	Smoking_Status	Never_Smoker	1.65944139686786	0.79852312955263	77	65	0.0413128754201386	0.574645538907278
HROV-vOTU11756	Sex	M	0.974705754315703	0.47079584572749	77	15	0.0420589474833952	0.574645538907278
HROV-vOTU53337	Age	Age	-0.716121678733533	0.346181929321348	77	60	0.0422238459099841	0.574645538907278
HROV-vOTU48382	Age	Age	0.621399849253219	0.300554394235978	77	67	0.0423318800469759	0.574645538907278
HROV-vOTU23555	Smoking_Status	Former_Smoker	4.91947942678194	2.37500747265902	77	42	0.0419610492893375	0.574645538907278
HROV-vOTU09847	diagnosis	RA	1.32250295952817	0.634953524805709	77	55	0.0408693381956185	0.574645538907278
HROV-vOTU24081	Smoking_Status	Former_Smoker	4.04853973086337	1.95557521507157	77	64	0.0420667701189754	0.574645538907278
HROV-vOTU61540	Smoking_Status	Never_Smoker	2.75594515258957	1.33165970107826	77	63	0.042134147647269	0.574645538907278
HROV-vOTU11662	Smoking_Status	Former_Smoker	-3.08830836062653	1.48460273736389	77	63	0.0411152269194078	0.574645538907278
HROV-vOTU71894	Smoking_Status	Former_Smoker	-2.64945429442644	1.2786832898376	77	26	0.0418971953724255	0.574645538907278
HROV-vOTU37850	Smoking_Status	Never_Smoker	2.71531520258113	1.30769102846992	77	45	0.0414762345247804	0.574645538907278
HROV-vOTU02061	Smoking_Status	Former_Smoker	-1.63013614288661	0.785011342874081	77	8	0.041461287598793	0.574645538907278
HROV-vOTU09951	Age	Age	0.586925915620875	0.281859335447814	77	46	0.0409161774825844	0.574645538907278
HROV-vOTU39907	Sex	M	-0.7785975269696	0.374549741783605	77	16	0.0412542849314192	0.574645538907278
HROV-vOTU21127	Smoking_Status	Former_Smoker	3.70203410699881	1.78782001625818	77	64	0.0420241742937366	0.574645538907278
HROV-vOTU43068	Sex	M	1.88971434454639	0.914255888051323	77	57	0.0423871121834089	0.574645538907278
HROV-vOTU58814	Smoking_Status	Never_Smoker	1.92041263052839	0.923706994847439	77	20	0.041228522324042	0.574645538907278
HROV-vOTU63216	Smoking_Status	Never_Smoker	2.19904915507685	1.06212335025048	77	47	0.0420501860785743	0.574645538907278
HROV-vOTU41338	Age	Age	-0.389645266106336	0.187944835471776	77	31	0.0417847638568844	0.574645538907278
HROV-vOTU59223	Smoking_Status	Never_Smoker	1.54295087031739	0.74149644405938	77	25	0.0410552256541361	0.574645538907278
HROV-vOTU61390	diagnosis	RA	0.834263550920288	0.403604660231796	77	9	0.0423784764939752	0.574645538907278
HROV-vOTU51433	Smoking_Status	Former_Smoker	-2.3796397508345	1.14777422658801	77	23	0.0417775647161662	0.574645538907278
HROV-vOTU18901	Age	Age	-0.502107005727459	0.240648035266895	77	60	0.0405279717155093	0.574645538907278
HROV-vOTU49079	Sex	M	1.96373539996486	0.940885213519611	77	50	0.0404686513361103	0.574645538907278
HROV-vOTU60614	Smoking_Status	Former_Smoker	-2.3646890814640402	1.14351106538465	77	18	0.0422923946234417	0.574645538907278
HROV-vOTU24776	Age	Age	0.307463973465929	0.148243279559967	77	11	0.0417023795105636	0.574645538907278
HROV-vOTU33134	Smoking_Status	Never_Smoker	2.38265631275537	1.15109948178764	77	50	0.0421013941433402	0.574645538907278
HROV-vOTU06547	Smoking_Status	Never_Smoker	1.83268090103892	0.882140237263858	77	43	0.0413697478377806	0.574645538907278
HROV-vOTU27399	Smoking_Status	Former_Smoker	3.79449837119201	1.83459571618746	77	38	0.042255371742874	0.574645538907278
HROV-vOTU37069	Smoking_Status	Never_Smoker	2.48936497846364	1.19285530035548	77	35	0.040489042764472	0.574645538907278
HROV-vOTU49746	Smoking_Status	Former_Smoker	3.76266084904213	1.81823906905732	77	63	0.0421494304276708	0.574645538907278
HROV-vOTU07919	Sex	M	1.41738771417768	0.682087294680035	77	50	0.041324552848798	0.574645538907278
HROV-vOTU27575	Smoking_Status	Former_Smoker	2.63789051836769	1.26765717705865	77	66	0.0410498347284334	0.574645538907278
HROV-vOTU13689	Smoking_Status	Former_Smoker	2.13807792235929	1.03116758439821	77	42	0.0417594864109417	0.574645538907278
HROV-vOTU18749	diagnosis	RA	0.665359181313591	0.319072689997307	77	11	0.0406390172307285	0.574645538907278
HROV-vOTU08567	Smoking_Status	Never_Smoker	3.02528647845886	1.46233057712051	77	51	0.0422061076796652	0.574645538907278
HROV-vOTU53720	Smoking_Status	Former_Smoker	3.02010391163333	1.44831772012552	77	58	0.0406428258713046	0.574645538907278
HROV-vOTU70272	Smoking_Status	Never_Smoker	1.89865670513198	0.918360596775528	77	32	0.0423387341593671	0.574645538907278
HROV-vOTU33528	Sex	M	1.46589891265737	0.707867666599286	77	27	0.0420079557496584	0.574645538907278
HROV-vOTU09248	diagnosis	RA	-0.920026299374443	0.443919507128691	77	28	0.0418502099015118	0.574645538907278
HROV-vOTU45018	diagnosis	RA	0.804483620717446	0.387195600011622	77	14	0.0413526754501972	0.574645538907278
HROV-vOTU39268	Age	Age	-0.575669789867819	0.277635168387667	77	8	0.0417573444993976	0.574645538907278
HROV-vOTU51360	Smoking_Status	Former_Smoker	1.99262242601553	0.957220155311505	77	21	0.0409783298685332	0.574645538907278
HROV-vOTU29947	diagnosis	RA	-0.520400093224155	0.251812260976959	77	9	0.0424184722597643	0.574645538907278
HROV-vOTU54132	Sex	M	0.765905929515912	0.368993615849714	77	11	0.0415484422387845	0.574645538907278
HROV-vOTU55435	Age	Age	-0.511993149002926	0.247452854281499	77	10	0.0421827498994284	0.574645538907278
HROV-vOTU24158	Age	Age	-0.582771810663508	0.281117470589131	77	37	0.0417977146167116	0.574645538907278
HROV-vOTU05388	Age	Age	-0.819957987689354	0.396257213825492	77	24	0.0421630814776782	0.574645538907278
HROV-vOTU03725	Smoking_Status	Never_Smoker	1.73037026195459	0.837197587221248	77	38	0.0423951096082644	0.574645538907278
HROV-vOTU14912	Age	Age	-0.319947469725081	0.153372750536518	77	9	0.0405654163736454	0.574645538907278
HROV-vOTU51131	Smoking_Status	Never_Smoker	2.11194306940515	1.01227904910634	77	27	0.0405423223072196	0.574645538907278
HROV-vOTU34094	diagnosis	RA	-0.814747122855623	0.392456449245321	77	19	0.0415143678026935	0.574645538907278
HROV-vOTU07731	Sex	M	1.05602045959946	0.510284993806606	77	17	0.0421423247997078	0.574645538907278
HROV-vOTU07731	Smoking_Status	Never_Smoker	1.37277897838499	0.660418892711686	77	17	0.0412644410227011	0.574645538907278
HROV-vOTU06225	Age	Age	-0.767121466276951	0.368970735849063	77	38	0.0412231301188429	0.574645538907278
HROV-vOTU72684	Age	Age	-0.467244378888793	0.224651543559563	77	18	0.0411495102132626	0.574645538907278
HROV-vOTU02408	Smoking_Status	Never_Smoker	3.40008315379474	1.63309985408748	77	35	0.0409496034554888	0.574645538907278
HROV-vOTU25923	Sex	M	0.685318165692203	0.330171454682848	77	12	0.0415502009468173	0.574645538907278
HROV-vOTU25193	Smoking_Status	Never_Smoker	2.74292963655656	1.32049419575122	77	26	0.0414020465170939	0.574645538907278
HROV-vOTU57313	Age	Age	-0.391516520021874	0.187870955727511	77	14	0.0407631483658639	0.574645538907278
HROV-vOTU59948	diagnosis	RA	-0.466051006050483	0.224810756359481	77	9	0.0417951235128818	0.574645538907278
HROV-vOTU30563	Sex	M	1.71805410734816	0.822919710307732	77	22	0.0404090829781207	0.574645538907278
HROV-vOTU21098	diagnosis	RA	0.864784801623585	0.418027961518421	77	11	0.0422145018812115	0.574645538907278
HROV-vOTU34107	Sex	M	0.475908031167227	0.229743787631079	77	11	0.0419495419559865	0.574645538907278
HROV-vOTU43612	diagnosis	RA	0.796718577030239	0.382372844576537	77	10	0.0407958082815919	0.574645538907278
HROV-vOTU43556	Smoking_Status	Never_Smoker	1.90350069094408	0.921485703276256	77	73	0.042509106222845	0.575192484849592
HROV-vOTU37579	Age	Age	0.385496072979696	0.186684957534138	77	36	0.0425802961124356	0.575192484849592
HROV-vOTU08047	Smoking_Status	Never_Smoker	1.29246286197756	0.625625366515673	77	68	0.0424909345849146	0.575192484849592
HROV-vOTU22508	Smoking_Status	Never_Smoker	1.70597683767412	0.826170913988367	77	55	0.0425837249964635	0.575192484849592
HROV-vOTU57544	Age	Age	-0.224143642086396	0.108526870787315	77	8	0.0425439469854105	0.575192484849592
HROV-vOTU43577	Smoking_Status	Never_Smoker	-2.3303816400701	1.1294889581998	77	51	0.0427498169066309	0.57675939271219
HROV-vOTU67547	Smoking_Status	Former_Smoker	3.40569254259826	1.65056142564736	77	65	0.042736498615589	0.57675939271219
HROV-vOTU09082	Smoking_Status	Never_Smoker	-0.939028599134491	0.455212055819083	77	77	0.0427869708227987	0.576922680356589
HROV-vOTU08556	Age	Age	-0.504789820960323	0.244763104403675	77	74	0.0428336438716903	0.577175087200791
HROV-vOTU42804	Sex	M	1.37622210257815	0.667625855473201	77	65	0.0429309997557514	0.577175087200791
HROV-vOTU39417	Age	Age	-0.480754116465964	0.233181456440853	77	40	0.0428967316318654	0.577175087200791
HROV-vOTU50705	Age	Age	-0.60552875672027	0.29370114829448	77	51	0.0428966724388839	0.577175087200791
HROV-vOTU14606	diagnosis	RA	-0.726113494522903	0.352245661970395	77	9	0.0429293824499199	0.577175087200791
HROV-vOTU00172	Sex	M	1.69297188236477	0.821589283276083	77	15	0.0430057240178369	0.577232355777365
HROV-vOTU05459	diagnosis	RA	-0.862992032660781	0.418866578279736	77	34	0.0430355169287771	0.577232355777365
HROV-vOTU09805	Smoking_Status	Never_Smoker	2.73614392933218	1.32801852469529	77	51	0.0430337782253213	0.577232355777365
HROV-vOTU21077	diagnosis	RA	-1.35794565578932	0.659075611690925	77	44	0.0430280227211694	0.577232355777365
HROV-vOTU61708	Age	Age	0.625966442270628	0.303932483728744	77	62	0.0431088390574096	0.577746539132209
HROV-vOTU07931	Sex	M	2.44028835687508	1.18494922382128	77	37	0.0431240252179013	0.577746539132209
HROV-vOTU22499	Smoking_Status	Never_Smoker	1.71219477195732	0.831752458874418	77	73	0.0432092215384491	0.57855137908749
HROV-vOTU66406	Age	Age	-0.628945494020726	0.30573727642922	77	38	0.0433470382266293	0.580059436582959
HROV-vOTU20363	diagnosis	RA	-0.830018828619482	0.403539297764798	77	15	0.0433763307317516	0.580114341900255
HROV-vOTU50652	Smoking_Status	Never_Smoker	1.60687170549566	0.781591926154479	77	73	0.0434705982407186	0.580700624990574
HROV-vOTU72289	Age	Age	0.871941147578007	0.424069971571219	77	24	0.0434478307581618	0.580700624990574
HROV-vOTU14169	Age	Age	-0.510893450121017	0.249374149966569	77	73	0.0441889374885567	0.580702032807413
HROV-vOTU05109	Smoking_Status	Never_Smoker	1.78459961388258	0.872232821359156	77	72	0.0444601379218381	0.580702032807413
HROV-vOTU01913	Age	Age	-0.52014240851021	0.25436729860605	77	73	0.0445780644861056	0.580702032807413
HROV-vOTU10130	Smoking_Status	Never_Smoker	1.81883716071264	0.891910264604611	77	72	0.0451473527057749	0.580702032807413
HROV-vOTU00606	Smoking_Status	Never_Smoker	2.07212608777543	1.01640220440828	77	70	0.0452060996106761	0.580702032807413
HROV-vOTU10339	diagnosis	RA	1.22892177597981	0.599763446818567	77	20	0.0441579450319493	0.580702032807413
HROV-vOTU72226	Age	Age	0.409178968193806	0.199911186960326	77	75	0.0443802466043855	0.580702032807413
HROV-vOTU12134	Age	Age	0.169137044565547	0.0826657233089536	77	77	0.0444578052859479	0.580702032807413
HROV-vOTU13507	Smoking_Status	Never_Smoker	-1.5757115383173	0.768010053888582	77	28	0.0438902875786018	0.580702032807413
HROV-vOTU03632	diagnosis	RA	-1.85773364382425	0.909269743049329	77	64	0.0447549527694642	0.580702032807413
HROV-vOTU46353	Age	Age	0.597914423254116	0.293321151078959	77	71	0.0452325501152623	0.580702032807413
HROV-vOTU57557	diagnosis	RA	-1.37894498480079	0.675157669119744	77	70	0.0448262466874019	0.580702032807413
HROV-vOTU33454	Smoking_Status	Never_Smoker	1.85184385882883	0.904709609436787	77	63	0.0443712285604253	0.580702032807413
HROV-vOTU03559	Smoking_Status	Never_Smoker	2.27855727986619	1.11383571561723	77	66	0.0444932759336007	0.580702032807413
HROV-vOTU69810	Smoking_Status	Former_Smoker	3.57586737533248	1.75065438737432	77	68	0.0448074546785106	0.580702032807413
HROV-vOTU16592	Smoking_Status	Never_Smoker	2.05356160310888	1.00438330606676	77	52	0.0446032299973604	0.580702032807413
HROV-vOTU07068	Sex	M	1.29085073372937	0.631977964286476	77	67	0.0448107558516725	0.580702032807413
HROV-vOTU04217	Sex	M	1.26338893639844	0.616993812132027	77	65	0.0442946414576103	0.580702032807413
HROV-vOTU36826	Smoking_Status	Never_Smoker	1.97145644919577	0.959814424788615	77	70	0.0436591938898401	0.580702032807413
HROV-vOTU44485	Age	Age	-0.549987649158842	0.269323468176267	77	71	0.0448564168909955	0.580702032807413
HROV-vOTU64807	diagnosis	RA	-1.11078167271052	0.54497745276677	77	43	0.0452544565506813	0.580702032807413
HROV-vOTU24081	diagnosis	RA	-1.66183100698144	0.810996594104636	77	64	0.044146763841161	0.580702032807413
HROV-vOTU32413	Smoking_Status	Never_Smoker	2.20090572771996	1.07568960057249	77	68	0.0444572322968809	0.580702032807413
HROV-vOTU09229	Smoking_Status	Former_Smoker	3.24773915605692	1.5851763296233	77	65	0.0441772394219998	0.580702032807413
HROV-vOTU69424	Smoking_Status	Never_Smoker	2.11283333693081	1.02945367439769	77	39	0.0438201256017105	0.580702032807413
HROV-vOTU09255	diagnosis	RA	-1.60703108076818	0.787084991579349	77	67	0.0448928771465511	0.580702032807413
HROV-vOTU04247	Age	Age	-0.727980143364766	0.356191728246882	77	66	0.0446856315247382	0.580702032807413
HROV-vOTU72414	diagnosis	RA	-1.48245863942076	0.721719062424846	77	59	0.0436523717404034	0.580702032807413
HROV-vOTU64823	Smoking_Status	Never_Smoker	1.9240250290534	0.938543403010865	77	68	0.0440574388311653	0.580702032807413
HROV-vOTU53230	Smoking_Status	Never_Smoker	1.33984477775766	0.652250000978337	77	68	0.0436401401586267	0.580702032807413
HROV-vOTU67153	Sex	M	1.11448182109626	0.544416604992854	77	73	0.0443491307772645	0.580702032807413
HROV-vOTU66549	Age	Age	-0.687699780292631	0.335157011900105	77	59	0.0438710355125474	0.580702032807413
HROV-vOTU67198	Smoking_Status	Former_Smoker	-1.51317116105426	0.742363349563335	77	16	0.0452441657833861	0.580702032807413
HROV-vOTU07160	Age	Age	0.656242067950446	0.319756046832696	77	42	0.0438263218476879	0.580702032807413
HROV-vOTU14209	Smoking_Status	Never_Smoker	2.34269266466352	1.14863335890853	77	44	0.0451179026154401	0.580702032807413
HROV-vOTU14264	Age	Age	-0.569924393824607	0.278247195300592	77	56	0.0442328111302468	0.580702032807413
HROV-vOTU41338	Sex	M	0.989354010731846	0.484840902560572	77	31	0.0450128849606415	0.580702032807413
HROV-vOTU05982	Smoking_Status	Former_Smoker	1.71065496027192	0.835906235876079	77	56	0.0444141982060992	0.580702032807413
HROV-vOTU26839	Sex	M	1.94995392859641	0.955004093999078	77	52	0.0448849829534969	0.580702032807413
HROV-vOTU04949	Smoking_Status	Never_Smoker	2.2161339717971	1.08444151534198	77	63	0.04470753366437	0.580702032807413
HROV-vOTU52532	diagnosis	RA	-0.959597574924088	0.470817385346191	77	28	0.0452609704250676	0.580702032807413
HROV-vOTU49753	Smoking_Status	Never_Smoker	2.27156373694366	1.11448189610838	77	24	0.0452536192068089	0.580702032807413
HROV-vOTU67169	Age	Age	-0.472364433351792	0.230999177525752	77	40	0.0445753117192919	0.580702032807413
HROV-vOTU22119	Age	Age	-0.326275863758074	0.159835677590927	77	12	0.044936708205764	0.580702032807413
HROV-vOTU27519	Smoking_Status	Never_Smoker	1.04765488766336	0.511385901853293	77	25	0.0441934016693854	0.580702032807413
HROV-vOTU73363	Smoking_Status	Never_Smoker	2.53446001271172	1.24347686185971	77	44	0.0452556300296582	0.580702032807413
HROV-vOTU18809	Smoking_Status	Never_Smoker	1.30688114868148	0.635966098803615	77	28	0.0435640773389339	0.580702032807413
HROV-vOTU32970	Smoking_Status	Former_Smoker	3.59142382526016	1.75130965142286	77	62	0.0439876998978427	0.580702032807413
HROV-vOTU28914	Sex	M	1.11294467928752	0.543921928701718	77	39	0.0444464986397939	0.580702032807413
HROV-vOTU17514	Sex	M	-1.45592913915291	0.713717567925633	77	17	0.0450794670064313	0.580702032807413
HROV-vOTU04807	diagnosis	RA	-0.779766672404507	0.380311439417966	77	34	0.044024811517878903	0.580702032807413
HROV-vOTU39970	Smoking_Status	Former_Smoker	4.51752839381858	2.20643780440207	77	59	0.0443170051844114	0.580702032807413
HROV-vOTU45209	Smoking_Status	Former_Smoker	2.83828030797345	1.38817087265394	77	41	0.044601269968999	0.580702032807413
HROV-vOTU03830	Smoking_Status	Former_Smoker	2.55321132487947	1.24377147176137	77	21	0.0437787402111945	0.580702032807413
HROV-vOTU70764	Smoking_Status	Former_Smoker	3.20296055445423	1.56141882331473	77	56	0.0439269642683548	0.580702032807413
HROV-vOTU20831	Smoking_Status	Never_Smoker	0.808279416476595	0.395346738112548	77	10	0.0446151106693185	0.580702032807413
HROV-vOTU16021	Smoking_Status	Never_Smoker	1.77993023360159	0.872537849433928	77	30	0.0450771345778662	0.580702032807413
HROV-vOTU74826	Age	Age	-0.273914697657437	0.134045926483981	77	14	0.0447209957241679	0.580702032807413
HROV-vOTU31916	Sex	M	1.10406533573321	0.53998254808669	77	13	0.0445999841559757	0.580702032807413
HROV-vOTU25790	diagnosis	RA	-0.726151252551733	0.353684740608636	77	12	0.043748286577065	0.580702032807413
HROV-vOTU70430	Smoking_Status	Never_Smoker	2.6222414405361	1.28243932355214	77	40	0.0445900582223068	0.580702032807413
HROV-vOTU74047	diagnosis	RA	-0.95060101873123	0.465009850373065	77	14	0.0446376632557751	0.580702032807413
HROV-vOTU25644	Age	Age	-0.333464539080594	0.162448155416438	77	18	0.0437840678458621	0.580702032807413
HROV-vOTU37661	Smoking_Status	Never_Smoker	1.94099043655564	0.951332360134156	77	20	0.0450423416534389	0.580702032807413
HROV-vOTU74611	Smoking_Status	Former_Smoker	-2.29764180098012	1.12646063897932	77	13	0.0451023207974755	0.580702032807413
HROV-vOTU09462	diagnosis	RA	-0.755017165259889	0.369047498949107	77	8	0.0444762435454099	0.580702032807413
HROV-vOTU17055	diagnosis	RA	-0.864297165901916	0.423201448199083	77	14	0.0448385968659478	0.580702032807413
HROV-vOTU14589	Smoking_Status	Never_Smoker	1.80370259664532	0.878052966055044	77	23	0.0436383440913016	0.580702032807413
HROV-vOTU24094	Sex	M	0.569062638810779	0.277720693241245	77	8	0.04415434760934	0.580702032807413
HROV-vOTU16350	Age	Age	-0.549679289079776	0.268719148058609	77	23	0.044506644072914	0.580702032807413
HROV-vOTU34107	Smoking_Status	Never_Smoker	0.606166427011175	0.297338035952923	77	11	0.0452105142914225	0.580702032807413
HROV-vOTU04572	Age	Age	-0.496623578837644	0.243769984690267	77	73	0.0453523544192296	0.581550513516068
HROV-vOTU06484	Sex	M	1.75322665787065	0.860728136267209	77	55	0.0453885654510397	0.581690964016386
HROV-vOTU07385	Smoking_Status	Never_Smoker	1.947761300788	0.956933728443488	77	71	0.0455423203591	0.581836936343063
HROV-vOTU02349	Smoking_Status	Former_Smoker	-3.09531021329442	1.52146208941138	77	45	0.0456443776316427	0.581836936343063
HROV-vOTU64911	diagnosis	RA	-1.47415484403372	0.724510483820627	77	67	0.0456175526705068	0.581836936343063
HROV-vOTU10969	Smoking_Status	Never_Smoker	-1.29839707850434	0.63793434889407	77	20	0.0455531219882231	0.581836936343063
HROV-vOTU28353	Smoking_Status	Never_Smoker	2.6814395537196	1.31823874531455	77	56	0.0456778628271063	0.581836936343063
HROV-vOTU55301	Smoking_Status	Never_Smoker	3.02683491438016	1.48663068228277	77	34	0.0454786060545401	0.581836936343063
HROV-vOTU18869	diagnosis	RA	-0.990961851231092	0.486717515228336	77	24	0.0454813523849085	0.581836936343063
HROV-vOTU53204	diagnosis	RA	-1.21356704040304	0.596280080258057	77	64	0.0455618655254863	0.581836936343063
HROV-vOTU12936	Smoking_Status	Never_Smoker	1.01727907642089	0.499594335501291	77	15	0.045460743943185	0.581836936343063
HROV-vOTU08856	Age	Age	-0.270608814831385	0.13303478809172	77	9	0.0456765165091828	0.581836936343063
HROV-vOTU67717	Age	Age	0.348086999441883	0.171054935669046	77	9	0.0455915223975006	0.581836936343063
HROV-vOTU04693	Smoking_Status	Former_Smoker	2.43543712932517	1.19775785719312	77	16	0.0457583840668732	0.582540400807125
HROV-vOTU64162	Sex	M	-0.642370889241683	0.315976065704517	77	8	0.0457953813742493	0.58268930002705
HROV-vOTU46696	Smoking_Status	Never_Smoker	-1.16642242955345	0.574105689430228	77	77	0.0459254355777261	0.582809995627665
HROV-vOTU55256	Age	Age	0.373045996441862	0.183580977710196	77	74	0.0458910620981725	0.582809995627665
HROV-vOTU58716	Sex	M	0.585920505890057	0.288394483806429	77	9	0.0459314000027882	0.582809995627665
HROV-vOTU69880	diagnosis	RA	-0.924476494396445	0.454962124426164	77	22	0.0458979044181066	0.582809995627665
HROV-vOTU61873	Age	Age	-0.317830608304758	0.156391175689545	77	11	0.0458673583791887	0.582809995627665
HROV-vOTU66995	Age	Age	-0.425563172418439	0.209539163235948	77	72	0.0460058154718824	0.58330622680308
HROV-vOTU06146	Age	Age	-0.73544561053495	0.362145629420991	77	23	0.0460211643118192	0.58330622680308
HROV-vOTU33700	Sex	M	1.62147152120732	0.798871981190017	77	44	0.0461357867977262	0.583740767908377
HROV-vOTU14852	Age	Age	0.689355840105995	0.339705584418742	77	55	0.0461803656004319	0.583740767908377
HROV-vOTU07438	Smoking_Status	Former_Smoker	2.45385737435277	1.20876521787524	77	64	0.0460991024757465	0.583740767908377
HROV-vOTU03486	Smoking_Status	Former_Smoker	-1.52592944235303	0.751964613434764	77	10	0.0461821832014357	0.583740767908377
HROV-vOTU32220	Age	Age	0.596918733455488	0.294152828513916	77	28	0.0461796788333344	0.583740767908377
HROV-vOTU42245	Smoking_Status	Never_Smoker	1.37259587230832	0.676608555796056	77	61	0.0462465651049623	0.584233897074757
HROV-vOTU59311	Smoking_Status	Never_Smoker	1.58729515507866	0.782557783182164	77	26	0.0462778026433577	0.584308001577043
HROV-vOTU63797	Sex	M	1.05826868407099	0.522004003634229	77	21	0.0463849973066622	0.585228244948104
HROV-vOTU44644	Smoking_Status	Never_Smoker	2.55965330662539	1.26267844656783	77	48	0.0464015099989248	0.585228244948104
HROV-vOTU49658	Age	Age	-0.520596472162156	0.256862186650435	77	74	0.0464442793667977	0.585234268650277
HROV-vOTU36826	Age	Age	-0.582355293187619	0.287482707308659	77	70	0.0465544585396139	0.585234268650277
HROV-vOTU08500	Age	Age	-0.598589390145908	0.295370105346718	77	36	0.046463175389054	0.585234268650277
HROV-vOTU72186	Age	Age	-0.794096975859914	0.391949652523046	77	48	0.0465216157814941	0.585234268650277
HROV-vOTU08038	Age	Age	-0.483892011056058	0.238862580613755	77	9	0.0465426695817687	0.585234268650277
HROV-vOTU06178	Age	Age	-0.386982843096384	0.190994750769068	77	8	0.0465083659783298	0.585234268650277
HROV-vOTU59949	Sex	M	1.52831949632916	0.75459211551221	77	63	0.0465909748271113	0.585373786289347
HROV-vOTU74213	Age	Age	0.689040709719429	0.340255408059273	77	23	0.046621436880856	0.585437127244337
HROV-vOTU15122	diagnosis	RA	-1.17013081619748	0.578244528768761	77	71	0.0467772521494454	0.585580021116297
HROV-vOTU07014	Smoking_Status	Never_Smoker	2.67852409709248	1.32356220387167	77	68	0.0467633184984853	0.585580021116297
HROV-vOTU08500	Sex	M	1.54184873117934	0.761965648623633	77	36	0.0467853772841505	0.585580021116297
HROV-vOTU03230	diagnosis	RA	1.06950576006558	0.528298262468965	77	17	0.0466882031770509	0.585580021116297
HROV-vOTU11859	Age	Age	-0.425529730509736	0.210196352766566	77	13	0.0466878164969473	0.585580021116297
HROV-vOTU18620	Smoking_Status	Never_Smoker	1.6284736648846	0.804715880594463	77	19	0.0467697314701713	0.585580021116297
HROV-vOTU42180	Smoking_Status	Former_Smoker	-2.48708912133731	1.22948136787298	77	48	0.0468528256235834	0.586105689359655
HROV-vOTU11934	diagnosis	RA	-1.52881332914704	0.756453305162919	77	67	0.0470486897738484	0.586204719851006
HROV-vOTU03210	Smoking_Status	Never_Smoker	1.33907438980164	0.662166218414239	77	72	0.0469177396743271	0.586204719851006
HROV-vOTU04675	Smoking_Status	Never_Smoker	2.81945677147663	1.39532818173029	77	51	0.0470898276910274	0.586204719851006
HROV-vOTU71984	Age	Age	-0.761229210591518	0.37669240447695	77	63	0.0470703049452155	0.586204719851006
HROV-vOTU55043	Age	Age	0.244162598001295	0.120781326861225	77	8	0.046995854125315	0.586204719851006
HROV-vOTU07976	Age	Age	-0.685820702415599	0.33938977034435	77	39	0.0470785759773971	0.586204719851006
HROV-vOTU16315	diagnosis	RA	-1.70304847569239	0.842287276185244	77	67	0.0469527129780522	0.586204719851006
HROV-vOTU18938	Smoking_Status	Never_Smoker	1.2334023121506	0.610171969227107	77	26	0.0470091010319598	0.586204719851006
HROV-vOTU58016	diagnosis	RA	-0.788201659481304	0.390060305527016	77	15	0.0470816666547672	0.586204719851006
HROV-vOTU73633	Smoking_Status	Never_Smoker	-0.893893745849467	0.442449192192859	77	8	0.0471227413121188	0.586297532370662
HROV-vOTU60785	Age	Age	0.182477970309005	0.0903484342233786	77	9	0.0471883734489138	0.586797106116892
HROV-vOTU58030	diagnosis	RA	1.03584312434783	0.513147532292453	77	63	0.0473062830217095	0.586995526934251
HROV-vOTU56546	diagnosis	RA	1.38013075022203	0.683677888736554	77	40	0.0472978793429373	0.586995526934251
HROV-vOTU03138	Smoking_Status	Never_Smoker	1.01965014130536	0.505036281764105	77	19	0.0472681945782194	0.586995526934251
HROV-vOTU72061	Age	Age	-0.481728098534794	0.238623421380579	77	12	0.0472878623987717	0.586995526934251
HROV-vOTU43747	Age	Age	-0.594863789236202	0.294781367259111	77	60	0.0473728511431442	0.587133696693715
HROV-vOTU35164	Age	Age	0.850771055382182	0.42183392514903	77	58	0.0474951465573179	0.587133696693715
HROV-vOTU04021	Smoking_Status	Never_Smoker	1.49232306424836	0.739876069121555	77	72	0.0474789141590009	0.587133696693715
HROV-vOTU21886	Smoking_Status	Never_Smoker	1.69532008580139	0.840130553493513	77	65	0.0473790906054673	0.587133696693715
HROV-vOTU38046	diagnosis	RA	-1.45756317018807	0.723014019023242	77	69	0.0475898898470121	0.587133696693715
HROV-vOTU12943	Sex	M	1.48262007731229	0.735530662814035	77	46	0.0476155553577241	0.587133696693715
HROV-vOTU34787	Smoking_Status	Former_Smoker	2.58891010997561	1.28353819659329	77	68	0.0474767760767269	0.587133696693715
HROV-vOTU14264	Smoking_Status	Former_Smoker	2.64455228581015	1.31140487758392	77	56	0.0475228999052326	0.587133696693715
HROV-vOTU68967	Age	Age	0.526338845670258	0.260867944056819	77	18	0.0474089753141009	0.587133696693715
HROV-vOTU12820	Age	Age	-0.618950385233173	0.307073544358583	77	67	0.0476233497795858	0.587133696693715
HROV-vOTU18924	diagnosis	RA	-1.40056987675459	0.694653797333585	77	56	0.0475621807756757	0.587133696693715
HROV-vOTU40261	diagnosis	RA	-0.731307198137583	0.362801506246838	77	13	0.047614723119312	0.587133696693715
HROV-vOTU55005	Smoking_Status	Never_Smoker	-0.791724961886648	0.392920208119668	77	77	0.0476947986289068	0.587640625633976
HROV-vOTU33883	Smoking_Status	Never_Smoker	2.59094586529517	1.28596724885557	77	50	0.047715500214309	0.587640625633976
HROV-vOTU23301	Smoking_Status	Never_Smoker	1.78294692263519	0.885049502329559	77	73	0.0477442031118477	0.587641634412098
HROV-vOTU72585	diagnosis	RA	0.952182897746984	0.472745807943079	77	25	0.0477831845538986	0.587641634412098
HROV-vOTU57556	Age	Age	-0.606552650506321	0.301157544699349	77	56	0.047792131187749	0.587641634412098
HROV-vOTU02505	Age	Age	-0.523498172298076	0.260221396024026	77	73	0.048043300353586	0.587765853401188
HROV-vOTU69478	Age	Age	-0.489233538477933	0.243117151342681	77	73	0.0479790246983571	0.587765853401188
HROV-vOTU49540	Smoking_Status	Former_Smoker	-1.42881587611336	0.710284546455814	77	9	0.0480574512355379	0.587765853401188
HROV-vOTU11952	Age	Age	-0.553959993252088	0.275219051521038	77	64	0.04792938327367	0.587765853401188
HROV-vOTU56168	Age	Age	-0.569947574997911	0.28330324505329	77	37	0.04803769715134	0.587765853401188
HROV-vOTU24166	Sex	M	0.803293168237284	0.399325266699506	77	10	0.0480557580745017	0.587765853401188
HROV-vOTU48991	Smoking_Status	Former_Smoker	-2.38030764295107	1.18285023015148	77	16	0.0479776697153745	0.587765853401188
HROV-vOTU64647	Sex	M	1.11120886066212	0.551887202455565	77	16	0.0478567110198586	0.587765853401188
HROV-vOTU57356	Age	Age	0.241429631684694	0.119936321638011	77	9	0.047909423211512	0.587765853401188
HROV-vOTU14822	Age	Age	-0.364339767530492	0.181039561397307	77	9	0.0479627888933061	0.587765853401188
HROV-vOTU09248	Smoking_Status	Never_Smoker	1.52487736320016	0.75827942290918	77	28	0.0481267042238177	0.588300423712591
HROV-vOTU69384	diagnosis	RA	-1.40058244831538	0.696558302697825	77	48	0.0481539911522798	0.588321706226527
HROV-vOTU12864	Age	Age	-0.56949322088237	0.28337315977362	77	72	0.0482650448178003	0.588631572993231
HROV-vOTU54272	Sex	M	1.26334609154954	0.62874759724347	77	52	0.0483071503672256	0.588631572993231
HROV-vOTU20399	diagnosis	RA	0.545385212600745	0.271307491209025	77	76	0.0482089724320281	0.588631572993231
HROV-vOTU06241	Sex	M	1.20566064271919	0.600000114998055	77	73	0.048293212982795	0.588631572993231
HROV-vOTU33181	Smoking_Status	Former_Smoker	-1.62114264555341	0.806538237625736	77	18	0.0482317043530425	0.588631572993231
HROV-vOTU28719	Smoking_Status	Former_Smoker	-3.58182019902527	1.78358147032661	77	27	0.0484253776782252	0.589511379237063
HROV-vOTU13757	Smoking_Status	Never_Smoker	-1.5658335828781	0.779731448717223	77	24	0.0484305483941174	0.589511379237063
HROV-vOTU11831	Smoking_Status	Never_Smoker	2.68278570740471	1.33628975892832	77	48	0.0484885375529151	0.589569362824224
HROV-vOTU11370	Smoking_Status	Former_Smoker	2.42300885556606	1.20730801836659	77	70	0.0485633122569498	0.589569362824224
HROV-vOTU15287	Smoking_Status	Never_Smoker	1.96876572396282	0.98084576238306	77	69	0.0485348888402689	0.589569362824224
HROV-vOTU28659	Smoking_Status	Former_Smoker	-1.78030027619163	0.88674985338166	77	73	0.048485118650242	0.589569362824224
HROV-vOTU03181	Sex	M	1.53515096370596	0.764875210777941	77	16	0.0485514245605295	0.589569362824224
HROV-vOTU17996	diagnosis	RA	0.932522628478772	0.465027983746547	77	73	0.0487432721272694	0.589744587579961
HROV-vOTU73249	diagnosis	RA	-1.31760084086561	0.656690996882133	77	69	0.0486208509803287	0.589744587579961
HROV-vOTU35575	Smoking_Status	Never_Smoker	-1.04582400280181	0.521367255271202	77	14	0.0486753197019213	0.589744587579961
HROV-vOTU74791	diagnosis	RA	0.979079026647294	0.488276897769896	77	35	0.0487577833850415	0.589744587579961
HROV-vOTU27937	diagnosis	RA	-1.46411519136744	0.729969760480481	77	62	0.0486977730274923	0.589744587579961
HROV-vOTU46268	Age	Age	-0.574332812192846	0.28641751728979	77	26	0.0487514763963527	0.589744587579961
HROV-vOTU60122	Smoking_Status	Never_Smoker	1.98525898364214	0.990253630266364	77	24	0.0487986453519801	0.589744587579961
HROV-vOTU05429	Age	Age	-0.423435309296876	0.211052610567579	77	30	0.0486341984679289	0.589744587579961
HROV-vOTU43683	Age	Age	-0.537713831377721	0.268225094762898	77	15	0.0488082146733567	0.589744587579961
HROV-vOTU10686	Age	Age	-0.602667084806216	0.300747446427681	77	70	0.0488973985613963	0.590512369621896
HROV-vOTU67214	Smoking_Status	Former_Smoker	-4.26388500012636	2.12831726763223	77	59	0.0489512848155787	0.590543786957976
HROV-vOTU65848	Smoking_Status	Former_Smoker	-1.66813882099276	0.832579402269914	77	10	0.0489323346455839	0.590543786957976
HROV-vOTU70215	Smoking_Status	Never_Smoker	2.43925271255262	1.21895870869339	77	30	0.0492056576532063	0.591305084191162
HROV-vOTU14986	Smoking_Status	Former_Smoker	-1.42996346171973	0.714968402161738	77	76	0.0493224952987939	0.591305084191162
HROV-vOTU15056	Age	Age	0.851769203297797	0.425848783277994	77	58	0.0493080248980431	0.591305084191162
HROV-vOTU38312	Sex	M	0.695729757246019	0.347610649499209	77	10	0.0491651589223589	0.591305084191162
HROV-vOTU48382	Sex	M	1.5507966146239	0.775339547927086	77	67	0.0493098648071706	0.591305084191162
HROV-vOTU07214	Smoking_Status	Former_Smoker	-2.25442206422294	1.12683656451711	77	47	0.0492531968474965	0.591305084191162
HROV-vOTU23491	Age	Age	-0.51419340596181	0.25677024323555	77	37	0.0490462275926781	0.591305084191162
HROV-vOTU57988	diagnosis	RA	-1.04747119327204	0.523315472607353	77	63	0.0491494096243466	0.591305084191162
HROV-vOTU49940	Smoking_Status	Former_Smoker	2.74215942039877	1.36991604365337	77	12	0.0491391333098933	0.591305084191162
HROV-vOTU14738	Age	Age	-0.665341326243052	0.332436107394755	77	59	0.0491708458728422	0.591305084191162
HROV-vOTU14680	Age	Age	-0.460808242575624	0.230200461431803	77	17	0.0491313635630317	0.591305084191162
HROV-vOTU41061	Smoking_Status	Former_Smoker	1.54360727738587	0.771633257429885	77	12	0.0492778228885017	0.591305084191162
HROV-vOTU12777	diagnosis	RA	-1.41562276031984	0.708062355514213	77	19	0.0494050300244017	0.591986389938591
HROV-vOTU49771	diagnosis	RA	-1.07475163344647	0.537710133622685	77	59	0.0494642310807487	0.592018945389325
HROV-vOTU06856	Smoking_Status	Never_Smoker	2.52202886116258	1.26172739575974	77	53	0.049451674035182	0.592018945389325
HROV-vOTU39206	Smoking_Status	Never_Smoker	1.47351007627729	0.737282079549643	77	19	0.0494848662559466	0.592018945389325
HROV-vOTU20502	Smoking_Status	Never_Smoker	3.3063929319197	1.65504481021403	77	56	0.0495740396280659	0.592684583957609
HROV-vOTU17341	Sex	M	0.948762103364736	0.474949834989418	77	21	0.0495919753923714	0.592684583957609
HROV-vOTU10529	Smoking_Status	Former_Smoker	-2.48589377751142	1.24495385756753	77	34	0.0496841095375884	0.592748333627903
HROV-vOTU67547	diagnosis	RA	-1.36670230262098	0.684504326013104	77	65	0.0497002619294607	0.592748333627903
HROV-vOTU48193	Sex	M	1.90067978919787	0.951763585801957	77	41	0.049658258865055	0.592748333627903
HROV-vOTU69880	Smoking_Status	Former_Smoker	2.19099581048125	1.0970609011082	77	22	0.0496424448125168	0.592748333627903
HROV-vOTU65540	Smoking_Status	Never_Smoker	2.11316449976962	1.0588248158804	77	53	0.0497967521865039	0.593284636759019
HROV-vOTU75686	Sex	M	1.09463883573742	0.548480100124508	77	31	0.0497963516597844	0.593284636759019
HROV-vOTU55876	Smoking_Status	Former_Smoker	-1.37284851537986	0.688107250284045	77	13	0.0498698688026906	0.593848541119941
HROV-vOTU03562	diagnosis	RA	-1.51680144892548	0.760477551166766	77	68	0.0499335304795128	0.594299331753581
HROV-vOTU14373	Age	Age	-0.488580499088632	0.245014497888801	77	73	0.049983815113966	0.594481718571358
HROV-vOTU59942	Age	Age	0.69634604722069	0.349352607108166	77	64	0.0500779215817818	0.594481718571358
HROV-vOTU65018	Age	Age	0.482023532370229	0.241809437290996	77	17	0.0500605174019768	0.594481718571358
HROV-vOTU16189	Smoking_Status	Never_Smoker	2.49290479938377	1.25035791282278	77	62	0.0500212958937619	0.594481718571358
HROV-vOTU49981	Smoking_Status	Never_Smoker	2.20762244686424	1.10738487840293	77	33	0.0500444787023867	0.594481718571358
HROV-vOTU00758	diagnosis	RA	-1.50215812717495	0.753780045746954	77	62	0.0501242458791933	0.594637742252954
HROV-vOTU72571	Sex	M	1.41752816367548	0.711371682474084	77	69	0.0501427049698323	0.594637742252954
HROV-vOTU20022	Smoking_Status	Former_Smoker	-1.6758889921644	0.841240600304644	77	24	0.0501993548703212	0.594697089847478
HROV-vOTU42274	Smoking_Status	Former_Smoker	1.66044142344224	0.833463105571034	77	10	0.0501930983996549	0.594697089847478
HROV-vOTU55105	Age	Age	0.604371190470286	0.303462611934269	77	38	0.0502644734567246	0.594856538390734
HROV-vOTU21061	Smoking_Status	Never_Smoker	1.60123731477353	0.803997853948034	77	73	0.0502633142591174	0.594856538390734
HROV-vOTU57880	Smoking_Status	Never_Smoker	0.768824753884846	0.386109553016217	77	9	0.0503065980249609	0.595049282236697
HROV-vOTU43771	Age	Age	-0.588207435436	0.295528510580547	77	71	0.050402360223919	0.595459497890687
HROV-vOTU29531	Age	Age	-0.441622862557684	0.221948658542036	77	50	0.050470557528555	0.595459497890687
HROV-vOTU35575	Age	Age	-0.310735098301006	0.156159426422936	77	14	0.0504586374706277	0.595459497890687
HROV-vOTU17241	Sex	M	1.5185798433611	0.763107121911868	77	47	0.0504431374494123	0.595459497890687
HROV-vOTU31955	Smoking_Status	Former_Smoker	3.23150043074227	1.62377083125817	77	62	0.0504290138152267	0.595459497890687
HROV-vOTU11599	diagnosis	RA	-1.07815094407619	0.541993181713849	77	71	0.0505290845630344	0.595492549546997
HROV-vOTU26057	diagnosis	RA	1.15541632038505	0.580769087618369	77	32	0.0505036280947693	0.595492549546997
HROV-vOTU08027	Smoking_Status	Former_Smoker	2.28718319516024	1.14989310341823	77	33	0.0505509307149101	0.595492549546997
HROV-vOTU05109	Age	Age	-0.51950271370419	0.261250348412949	77	72	0.0506091338238996	0.595873390574851
HROV-vOTU35718	diagnosis	RA	1.14687798377429	0.577096835823492	77	29	0.050745015220947	0.597167961440169
HROV-vOTU07317	Age	Age	-0.509371760699697	0.256406313484004	77	73	0.0508292073355844	0.597346251914928
HROV-vOTU19533	diagnosis	RA	-1.58883338381314	0.800090323187913	77	69	0.0509157921193662	0.597346251914928
HROV-vOTU09133	diagnosis	RA	-1.1660135315184	0.586979461237321	77	48	0.0508424189262831	0.597346251914928
HROV-vOTU00850	Age	Age	0.480815140778264	0.242123583900588	77	19	0.0509149078308071	0.597346251914928
HROV-vOTU02792	diagnosis	RA	-0.516548097025213	0.260110107081695	77	23	0.0509084181662105	0.597346251914928
HROV-vOTU65186	Smoking_Status	Former_Smoker	3.95738450768559	1.99174381239867	77	44	0.0507936148857225	0.597346251914928
HROV-vOTU56590	Smoking_Status	Never_Smoker	1.0092571490058	0.508409385444997	77	19	0.0509942830550535	0.597962494275907
HROV-vOTU00893	Smoking_Status	Never_Smoker	1.80789360264761	0.91099350751694	77	71	0.05106224906447	0.598278936010707
HROV-vOTU59140	Sex	M	0.869568419047867	0.438194849719784	77	21	0.0510732257141576	0.598278936010707
HROV-vOTU13792	Age	Age	-0.429764171567373	0.216645050466295	77	9	0.0511539481354016	0.598919890980325
HROV-vOTU19474	Smoking_Status	Never_Smoker	-0.770210903804751	0.388602767983858	77	74	0.0513508968090758	0.598995571415009
HROV-vOTU74488	Age	Age	0.837529418849595	0.422473152008965	77	56	0.0513001709247489	0.598995571415009
HROV-vOTU03083	Age	Age	0.791713827365723	0.399480632232133	77	52	0.0513672259991363	0.598995571415009
HROV-vOTU12957	Sex	M	1.07853480232309	0.543932891829912	77	66	0.0512543248862552	0.598995571415009
HROV-vOTU42350	Sex	M	1.56580324084645	0.789856379793847	77	40	0.0513063799074598	0.598995571415009
HROV-vOTU63642	diagnosis	RA	1.24264266601761	0.626869482768623	77	16	0.0513167778660913	0.598995571415009
HROV-vOTU06106	Smoking_Status	Never_Smoker	1.4737087926747	0.743393573470852	77	24	0.0513043890795194	0.598995571415009
HROV-vOTU65281	diagnosis	RA	-0.48851646719117	0.246495571228568	77	8	0.0513684869103189	0.598995571415009
HROV-vOTU54132	Smoking_Status	Never_Smoker	0.946287851798483	0.477557361385991	77	11	0.0514062879185067	0.599133001398386
HROV-vOTU51501	Smoking_Status	Never_Smoker	1.12184131175189	0.567110746214495	77	71	0.0517907741270491	0.599386891307027
HROV-vOTU47534	diagnosis	RA	1.3581599694543	0.686298330945543	77	39	0.0516992611531442	0.599386891307027
HROV-vOTU47188	Age	Age	-0.528523207462032	0.266844095504555	77	25	0.0515062762025847	0.599386891307027
HROV-vOTU42975	Age	Age	0.538969208263899	0.272165538918891	77	43	0.0515458568025358	0.599386891307027
HROV-vOTU04630	Smoking_Status	Never_Smoker	1.90803845901154	0.963696966086245	77	70	0.0515899294487152	0.599386891307027
HROV-vOTU15439	Sex	M	1.47750189996588	0.746540402220885	77	39	0.0516799945189757	0.599386891307027
HROV-vOTU07424	Age	Age	-0.505201456435273	0.255355125171472	77	50	0.0517611404583726	0.599386891307027
HROV-vOTU02550	Smoking_Status	Never_Smoker	2.35777929173149	1.19026801784008	77	65	0.0514791204005009	0.599386891307027
HROV-vOTU10300	diagnosis	RA	-1.16776341429159	0.590174410342497	77	61	0.0517325602370144	0.599386891307027
HROV-vOTU22698	diagnosis	RA	-1.53163137352458	0.7740246806048	77	24	0.0517194710101612	0.599386891307027
HROV-vOTU22520	diagnosis	RA	0.766313835741015	0.387364574915768	77	12	0.0517785896321307	0.599386891307027
HROV-vOTU02249	Smoking_Status	Never_Smoker	2.15027399849116	1.08721189139579	77	20	0.0518348496103945	0.599386891307027
HROV-vOTU53362	Smoking_Status	Former_Smoker	-1.78498699783842	0.902555274610626	77	14	0.0518444935945982	0.599386891307027
HROV-vOTU06106	Age	Age	-0.440362247864656	0.222660538931082	77	24	0.0518415649204137	0.599386891307027
HROV-vOTU61851	Sex	M	1.05383298367065	0.532430136180725	77	14	0.0516619492748403	0.599386891307027
HROV-vOTU70645	Smoking_Status	Never_Smoker	0.9473819157879	0.478728285875397	77	14	0.0517003001566649	0.599386891307027
HROV-vOTU69794	Smoking_Status	Former_Smoker	-2.60653568463993	1.31812227388899	77	58	0.0518724806042505	0.599409547574455
HROV-vOTU64705	Age	Age	-0.709682505378641	0.358956039370409	77	26	0.0519172299470785	0.599625780181152
HROV-vOTU53073	Age	Age	-0.594809126506677	0.301087976443419	77	72	0.0520954464884183	0.599653499280822
HROV-vOTU16572	Smoking_Status	Former_Smoker	4.12355906029517	2.08761138984918	77	49	0.0521279333721322	0.599653499280822
HROV-vOTU49528	Age	Age	-0.519003094179917	0.262557541443253	77	48	0.051957923522596	0.599653499280822
HROV-vOTU47530	diagnosis	RA	-0.881246302871581	0.44594234192189	77	59	0.0520246733020165	0.599653499280822
HROV-vOTU39425	Smoking_Status	Never_Smoker	2.00456997809038	1.01469013824752	77	35	0.05209356477274	0.599653499280822
HROV-vOTU75084	Smoking_Status	Never_Smoker	2.43190900513102	1.23114505833053	77	48	0.0521197467700079	0.599653499280822
HROV-vOTU35959	Age	Age	-0.492524731944085	0.2492221087821	77	19	0.0520126303092965	0.599653499280822
HROV-vOTU21315	Age	Age	-0.528745661899665	0.267570201360646	77	20	0.0520296880433865	0.599653499280822
HROV-vOTU62466	Smoking_Status	Never_Smoker	2.04953650314419	1.03781120576062	77	69	0.0521728829759662	0.599712291455559
HROV-vOTU30661	Age	Age	0.446767938230147	0.226239227725577	77	22	0.0521851251444612	0.599712291455559
HROV-vOTU74625	Smoking_Status	Never_Smoker	1.58769073384788	0.804198270063206	77	15	0.0522438559068408	0.600047997589024
HROV-vOTU69101	Age	Age	-0.242183523107421	0.122683064121987	77	8	0.0522664473800947	0.600047997589024
HROV-vOTU52792	Age	Age	0.433926756616503	0.219921805867117	77	76	0.052378362445633	0.600199859868506
HROV-vOTU06163	Smoking_Status	Never_Smoker	2.30563446182683	1.16840751433506	77	71	0.0523530036186373	0.600199859868506
HROV-vOTU24598	Smoking_Status	Former_Smoker	3.10272068720401	1.57255216122952	77	38	0.0523839217688101	0.600199859868506
HROV-vOTU17189	Smoking_Status	Former_Smoker	1.09347420704317	0.55408703133594694	77	8	0.0523348020289142	0.600199859868506
HROV-vOTU18653	Smoking_Status	Never_Smoker	1.2639288532512	0.641253308759268	77	68	0.0526193120778115	0.600361045215547
HROV-vOTU67370	Age	Age	-0.819880459384703	0.415955149319512	77	60	0.0526134689314311	0.600361045215547
HROV-vOTU43815	Smoking_Status	Former_Smoker	-1.63918401890768	0.831336612519079	77	18	0.0525356955762181	0.600361045215547
HROV-vOTU50485	Smoking_Status	Former_Smoker	3.31294227387964	1.6803150149175	77	37	0.0525503379748557	0.600361045215547
HROV-vOTU02943	Smoking_Status	Never_Smoker	2.1903703928636298	1.11105814909698	77	43	0.0525727959613818	0.600361045215547
HROV-vOTU67636	Sex	M	-1.81014286620572	0.917928521428544	77	22	0.0525075311985858	0.600361045215547
HROV-vOTU02503	Smoking_Status	Never_Smoker	-1.35809100428946	0.689066186643057	77	9	0.0526326074811199	0.600361045215547
HROV-vOTU65289	Smoking_Status	Never_Smoker	1.16308900071723	0.589902084121327	77	16	0.0525451161825859	0.600361045215547
HROV-vOTU16350	Smoking_Status	Never_Smoker	1.76856002198772	0.897168796475263	77	23	0.0525914116611961	0.600361045215547
HROV-vOTU11679	Age	Age	-0.377398676305911	0.191677084113499	77	27	0.05286504881995	0.602701531317484
HROV-vOTU20073	Smoking_Status	Never_Smoker	1.5867207728949	0.805967445893095	77	35	0.0528901343809221	0.602701531317484
HROV-vOTU56533	Age	Age	-0.364435776032639	0.185169201823775	77	18	0.0529597092296048	0.603195896912858
HROV-vOTU43842	Smoking_Status	Former_Smoker	-4.31481573168454	2.19602294738613	77	41	0.0533475120422851	0.603782216671603
HROV-vOTU22120	Age	Age	-0.455016833748855	0.231782750965644	77	72	0.0535504329955637	0.603782216671603
HROV-vOTU00371	Age	Age	-0.521948195311661	0.265859065841076	77	74	0.0535345821804191	0.603782216671603
HROV-vOTU59588	Sex	M	1.78567487835742	0.908830949833396	77	67	0.0533507734803454	0.603782216671603
HROV-vOTU43358	diagnosis	RA	1.17962303697706	0.600951879686862	77	65	0.053573378947226	0.603782216671603
HROV-vOTU12828	Smoking_Status	Never_Smoker	2.97404935643868	1.51412531942356	77	52	0.0534218888016194	0.603782216671603
HROV-vOTU37474	diagnosis	RA	-1.15968325220698	0.590672493042066	77	53	0.0535256262447888	0.603782216671603
HROV-vOTU02550	Smoking_Status	Former_Smoker	3.30196648086906	1.68025508027128	77	65	0.0533089855516436	0.603782216671603
HROV-vOTU27485	Smoking_Status	Never_Smoker	-1.24864762847103	0.635936445879519	77	20	0.0535076542477511	0.603782216671603
HROV-vOTU00955	Smoking_Status	Former_Smoker	-2.95411046207745	1.50341021678196	77	47	0.0533347573927135	0.603782216671603
HROV-vOTU01341	Smoking_Status	Former_Smoker	-2.27808849757801	1.15842106665172	77	34	0.0531452116584463	0.603782216671603
HROV-vOTU42398	Sex	M	1.89773265650339	0.966531604613529	77	45	0.053511516904862	0.603782216671603
HROV-vOTU22458	Sex	M	1.25363189192255	0.638870179195179	77	25	0.0536517631089246	0.603782216671603
HROV-vOTU04808	Age	Age	-0.500966907658948	0.255094700042854	77	49	0.0534640446360157	0.603782216671603
HROV-vOTU53602	Smoking_Status	Never_Smoker	1.38396090198865	0.703754641313653	77	25	0.0531460627271799	0.603782216671603
HROV-vOTU23010	Smoking_Status	Never_Smoker	1.58220406739718	0.804638529740828	77	31	0.0531678725850319	0.603782216671603
HROV-vOTU16199	diagnosis	RA	-1.36402502809463	0.694146815359442	77	67	0.0533231185776952	0.603782216671603
HROV-vOTU42914	Smoking_Status	Never_Smoker	1.17367896283339	0.598163051543445	77	18	0.0536666173481013	0.603782216671603
HROV-vOTU58571	Smoking_Status	Never_Smoker	1.37576755826973	0.6997208511442	77	28	0.0531899796079641	0.603782216671603
HROV-vOTU36109	Sex	M	1.06138426539981	0.539881486513838	77	17	0.0532145562723323	0.603782216671603
HROV-vOTU60252	Smoking_Status	Former_Smoker	1.77487270738618	0.902487889341552	77	30	0.0531336445649552	0.603782216671603
HROV-vOTU11263	Sex	M	2.00149650756484	1.01940932237028	77	30	0.0535183404674985	0.603782216671603
HROV-vOTU26844	Smoking_Status	Never_Smoker	2.27823486843962	1.16025017116304	77	29	0.0534965801919114	0.603782216671603
HROV-vOTU28132	Smoking_Status	Never_Smoker	1.53320461346688	0.781360871794559	77	18	0.0536565698353872	0.603782216671603
HROV-vOTU60236	Sex	M	0.409235455489516	0.20853320644539	77	8	0.0536299692680294	0.603782216671603
HROV-vOTU61538	Smoking_Status	Never_Smoker	2.46508802271127	1.25654422141122	77	36	0.053706925808496	0.603796988741142
HROV-vOTU01844	Age	Age	-0.37350936120682	0.190402157003321	77	18	0.0537203660412766	0.603796988741142
HROV-vOTU41713	Age	Age	0.701668096062712	0.357775899607756	77	62	0.0537789144752902	0.604160195300455
HROV-vOTU26908	diagnosis	RA	-1.29232278893217	0.659197009938964	77	66	0.0538675674290733	0.604566314761968
HROV-vOTU38942	Smoking_Status	Never_Smoker	1.66599103493744	0.849784560046689	77	51	0.0538632368092645	0.604566314761968
HROV-vOTU17965	Smoking_Status	Never_Smoker	2.57065491079527	1.31241527846067	77	60	0.0540740042672819	0.605088082884362
HROV-vOTU19551	Smoking_Status	Former_Smoker	-2.87481717644761	1.46785167767129	77	42	0.0540979749309119	0.605088082884362
HROV-vOTU66953	Sex	M	1.33692704086082	0.682445613976837	77	58	0.0540377962995493	0.605088082884362
HROV-vOTU10823	Smoking_Status	Never_Smoker	2.04261338782347	1.04260577185071	77	53	0.0540235730765999	0.605088082884362
HROV-vOTU07922	Sex	M	0.641029190694955	0.327162562012342	77	11	0.0539976230432809	0.605088082884362
HROV-vOTU02809	Sex	M	0.643496145666687	0.328550451383581	77	14	0.0540894396105945	0.605088082884362
HROV-vOTU12310	Age	Age	-0.280027603911076	0.142886350589619	77	9	0.0539459721528202	0.605088082884362
HROV-vOTU09021	Smoking_Status	Never_Smoker	1.91612413891012	0.978500033833688	77	38	0.0541331839511341	0.605187973977971
HROV-vOTU08563	Age	Age	0.576632931786504	0.294570435897735	77	73	0.0542155225624896	0.605330360975767
HROV-vOTU57557	Smoking_Status	Never_Smoker	2.25528105442791	1.15326801253726	77	70	0.0544534287952024	0.605330360975767
HROV-vOTU01231	diagnosis	RA	1.51042187113957	0.771672339352879	77	57	0.0542398058911984	0.605330360975767
HROV-vOTU64354	diagnosis	RA	0.907846710436652	0.464134204827262	77	14	0.0544000841350059	0.605330360975767
HROV-vOTU39467	diagnosis	RA	-0.878370404999583	0.449024545288536	77	75	0.054379158776269	0.605330360975767
HROV-vOTU25310	Age	Age	-0.581183544594022	0.297232979727678	77	71	0.0544827404832573	0.605330360975767
HROV-vOTU72935	Age	Age	-0.56532773370564	0.28914761186338	77	56	0.0545020476673795	0.605330360975767
HROV-vOTU01741	Smoking_Status	Never_Smoker	2.73195170554531	1.3967406557145	77	53	0.0544064203713239	0.605330360975767
HROV-vOTU11450	Sex	M	-1.12984877760136	0.577976262935201	77	29	0.0545401866706347	0.605330360975767
HROV-vOTU50690	Smoking_Status	Never_Smoker	1.44727146004779	0.740279431585234	77	21	0.0545163370147324	0.605330360975767
HROV-vOTU70480	Smoking_Status	Never_Smoker	1.58513308250633	0.810663833589113	77	22	0.0544780716191253	0.605330360975767
HROV-vOTU09635	Smoking_Status	Never_Smoker	1.5184871617166	0.775982310597544	77	16	0.0542971105715956	0.605330360975767
HROV-vOTU15774	Age	Age	0.479692300542839	0.245116622616777	77	20	0.0542805251146125	0.605330360975767
HROV-vOTU72061	Sex	M	-1.204765850852	0.615576345600758	77	12	0.0542639094748021	0.605330360975767
HROV-vOTU13271	Age	Age	-0.481101928276578	0.246020407786639	77	15	0.0544558452584443	0.605330360975767
HROV-vOTU08375	diagnosis	RA	0.874242523669729	0.447336093260702	77	12	0.0546011068392129	0.605714590803022
HROV-vOTU06975	Sex	M	0.651879479338547	0.334103289402547	77	77	0.0549879128795835	0.606553369469987
HROV-vOTU01702	Smoking_Status	Former_Smoker	-2.8428314861023	1.4552816979407	77	40	0.0547063834577759	0.606553369469987
HROV-vOTU25132	Sex	M	1.91407106460898	0.981206209119187	77	60	0.0550363061502268	0.606553369469987
HROV-vOTU27585	Age	Age	-0.590480838675674	0.302583524545793	77	66	0.0549476144912973	0.606553369469987
HROV-vOTU32964	Smoking_Status	Former_Smoker	-2.33921141365161	1.19910419223305	77	69	0.0550282471024689	0.606553369469987
HROV-vOTU42326	Age	Age	-0.481044998328617	0.246634023221589	77	44	0.0550717800938663	0.606553369469987
HROV-vOTU03764	diagnosis	RA	-1.05879976504333	0.542165181837236	77	18	0.0547725853790662	0.606553369469987
HROV-vOTU43318	Age	Age	-0.279088527281948	0.143086786452999	77	53	0.0550664691524047	0.606553369469987
HROV-vOTU44668	Age	Age	-0.679458128578801	0.348148149852818	77	44	0.0549268794303834	0.606553369469987
HROV-vOTU10505	Smoking_Status	Never_Smoker	1.4453480267273	0.74063681486508	77	30	0.0549440164874544	0.606553369469987
HROV-vOTU37099	Smoking_Status	Never_Smoker	1.06313621008705	0.544911696256336	77	13	0.0550008703332969	0.606553369469987
HROV-vOTU60846	diagnosis	RA	-0.674529653606386	0.345572656366074	77	16	0.0548925441733055	0.606553369469987
HROV-vOTU09745	Smoking_Status	Never_Smoker	2.26232429150424	1.15944361677009	77	42	0.0549777423411468	0.606553369469987
HROV-vOTU27473	Sex	M	0.765469690211106	0.392384287786933	77	8	0.0550261552704139	0.606553369469987
HROV-vOTU42580	diagnosis	RA	-0.646555739183129	0.331412599981209	77	8	0.0550149454463528	0.606553369469987
HROV-vOTU61026	diagnosis	RA	-0.639966266276623	0.32817397898065	77	8	0.0551153014218567	0.60674253907522
HROV-vOTU50724	Smoking_Status	Former_Smoker	-2.20088909447504	1.12893302363118	77	30	0.0551824217411925	0.606970724916267
HROV-vOTU72658	Age	Age	0.259008438258442	0.132860383885816	77	10	0.0551887406849615	0.606970724916267
HROV-vOTU68597	Smoking_Status	Never_Smoker	2.29639845865475	1.17847475398443	77	63	0.055293355504001	0.607541019683752
HROV-vOTU54639	diagnosis	RA	0.562193380061903	0.288507188304157	77	8	0.0552921932894393	0.607541019683752
HROV-vOTU12134	diagnosis	RA	0.314662242205771	0.161575673648019	77	77	0.0554346990926999	0.60767425494194
HROV-vOTU37143	Age	Age	0.832930665451586	0.427704621127754	77	66	0.0554367520795773	0.60767425494194
HROV-vOTU19142	Smoking_Status	Never_Smoker	1.94842826695964	1.00061934029009	77	61	0.0554637986924862	0.60767425494194
HROV-vOTU24068	Age	Age	-0.589091234844485	0.302366156134017	77	68	0.0553357842920069	0.60767425494194
HROV-vOTU24328	Smoking_Status	Never_Smoker	1.23972571024377	0.636425573618341	77	30	0.0553748483726888	0.60767425494194
HROV-vOTU60252	diagnosis	RA	-0.728794404944817	0.374270751048505	77	30	0.0554618197915453	0.60767425494194
HROV-vOTU59949	Age	Age	-0.569292420994595	0.292511812120727	77	63	0.0555863356017931	0.607860070707168
HROV-vOTU16656	Smoking_Status	Former_Smoker	-0.877232778133458	0.450613675384918	77	8	0.055521361520078	0.607860070707168
HROV-vOTU20073	Age	Age	-0.469913523246567	0.241402605924599	77	35	0.0555402714398394	0.607860070707168
HROV-vOTU53756	Age	Age	-1.03187320417079	0.530188582440381	77	28	0.0555841578720851	0.607860070707168
HROV-vOTU62321	diagnosis	RA	-1.23331836312404	0.633791746765221	77	67	0.055621106999431603	0.60795163464495
HROV-vOTU30351	Smoking_Status	Never_Smoker	2.13269296369027	1.09699772072842	77	66	0.0558441845500711	0.607989084509857
HROV-vOTU72585	Age	Age	0.469804810218951	0.241867313764217	77	25	0.0560547581684331	0.607989084509857
HROV-vOTU63440	Age	Age	-0.617966718200254	0.318239582983316	77	66	0.0561261308583568	0.607989084509857
HROV-vOTU60687	Age	Age	-0.569973538725346	0.293006308222089	77	66	0.0557039507189034	0.607989084509857
HROV-vOTU05407	Smoking_Status	Never_Smoker	-1.24805024700078	0.641761264592394	77	33	0.0557694214448555	0.607989084509857
HROV-vOTU73012	Age	Age	0.706256784040585	0.363474965761639	77	53	0.0559732702019465	0.607989084509857
HROV-vOTU62225	Smoking_Status	Never_Smoker	1.43583679457292	0.738926532306107	77	71	0.0559646273346275	0.607989084509857
HROV-vOTU07569	Smoking_Status	Never_Smoker	2.37902668710209	1.22387448072601	77	68	0.0558772948554653	0.607989084509857
HROV-vOTU26908	Smoking_Status	Former_Smoker	3.08804362886392	1.58953729751374	77	66	0.0560148308401635	0.607989084509857
HROV-vOTU74323	diagnosis	RA	-1.19525651124104	0.615475820461778	77	35	0.056104483420113	0.607989084509857
HROV-vOTU41963	diagnosis	RA	-1.03055733570318	0.529742036004289	77	49	0.055687474545471	0.607989084509857
HROV-vOTU23118	Age	Age	0.292366126547369	0.150339275201953	77	10	0.0557716027252118	0.607989084509857
HROV-vOTU61538	diagnosis	RA	1.42846860297673	0.735618657979967	77	36	0.0561222272932868	0.607989084509857
HROV-vOTU67206	diagnosis	RA	-0.858285691771418	0.441734547275902	77	22	0.055982978542751	0.607989084509857
HROV-vOTU59916	Age	Age	-0.221285851960692	0.113935419474056	77	11	0.0560797871231318	0.607989084509857
HROV-vOTU47915	Smoking_Status	Never_Smoker	2.03416917864748	1.04732473174581	77	22	0.0560738205565317	0.607989084509857
HROV-vOTU04346	Smoking_Status	Never_Smoker	-1.75258075106823	0.901926484096789	77	23	0.0559629305696447	0.607989084509857
HROV-vOTU21986	Smoking_Status	Never_Smoker	1.01454683156245	0.522449432088973	77	11	0.0561167787836405	0.607989084509857
HROV-vOTU48788	Smoking_Status	Never_Smoker	0.894717557612847	0.460047021057876	77	10	0.0557555891369806	0.607989084509857
HROV-vOTU57537	Age	Age	0.750547353048139	0.386612342825192	77	71	0.0561860278798249	0.60809828000714
HROV-vOTU05429	Sex	M	1.05695511938674	0.544451982085543	77	30	0.0561890204018755	0.60809828000714
HROV-vOTU72475	Sex	M	1.48788318614855	0.766992339944687	77	25	0.0563654313665024	0.608928100941791
HROV-vOTU41168	Smoking_Status	Never_Smoker	2.30211540282733	1.18672465086735	77	64	0.0563658089998072	0.608928100941791
HROV-vOTU01204	Sex	M	2.17685387244514	1.12217958120627	77	67	0.0563714594532305	0.608928100941791
HROV-vOTU57111	diagnosis	RA	-0.884469471575291	0.455865228042563	77	15	0.056327500286753	0.608928100941791
HROV-vOTU02021	Age	Age	-0.481747583133366	0.24846022711414	77	73	0.0564845427326287	0.608952119198716
HROV-vOTU32094	Smoking_Status	Never_Smoker	1.97326656796108	1.01851335704976	77	26	0.0566751147538013	0.608952119198716
HROV-vOTU09505	Age	Age	-0.563252084784157	0.290689775523668	77	66	0.0566451293414152	0.608952119198716
HROV-vOTU03578	Sex	M	1.95976125277756	1.01059816196823	77	44	0.0564502034123664	0.608952119198716
HROV-vOTU37292	Age	Age	-0.620222002846134	0.320152370490248	77	66	0.0566909832202365	0.608952119198716
HROV-vOTU33173	diagnosis	RA	-0.844323147737207	0.435709121966653	77	18	0.0566234925055382	0.608952119198716
HROV-vOTU03270	Smoking_Status	Never_Smoker	1.73623077101644	0.895874749335847	77	49	0.0565968035478803	0.608952119198716
HROV-vOTU06912	diagnosis	RA	1.13500153044438	0.585349819262435	77	37	0.0564744096221772	0.608952119198716
HROV-vOTU43341	Age	Age	-0.564670463927264	0.291361319077345	77	39	0.0565951260987917	0.608952119198716
HROV-vOTU36004	Smoking_Status	Never_Smoker	1.76406132253642	0.910325825615716	77	26	0.0566208455198097	0.608952119198716
HROV-vOTU03737	diagnosis	RA	-0.847642767686575	0.437050329909331	77	23	0.0564187835481387	0.608952119198716
HROV-vOTU64818	Smoking_Status	Never_Smoker	1.27106982304435	0.65574144491542	77	20	0.0565543131145464	0.608952119198716
HROV-vOTU67216	diagnosis	RA	-1.70423162286538	0.880120339576157	77	61	0.0568042585520719	0.609340123543091
HROV-vOTU07170	Smoking_Status	Never_Smoker	1.19085163479955	0.614999966344323	77	28	0.0568064804709951	0.609340123543091
HROV-vOTU55519	Age	Age	-0.597620377074692	0.308620662908145	77	27	0.056796567390019	0.609340123543091
HROV-vOTU15797	Sex	M	0.990962172354665	0.511853846152202	77	67	0.0568462160586137	0.609482474781133
HROV-vOTU00314	Age	Age	-0.489352806067316	0.252953056449537	77	73	0.0570293534242786	0.609637044492149
HROV-vOTU13070	Age	Age	0.51851924400325	0.268311548589633	77	69	0.0572841756092492	0.609637044492149
HROV-vOTU46624	Smoking_Status	Never_Smoker	1.69294369344821	0.87546051506231	77	70	0.0571275979760696	0.609637044492149
HROV-vOTU59691	Smoking_Status	Former_Smoker	3.82152542212601	1.9765257237721	77	60	0.057167587895077	0.609637044492149
HROV-vOTU18437	Smoking_Status	Never_Smoker	-1.61862174987582	0.836698887279414	77	10	0.0570326810982602	0.609637044492149
HROV-vOTU16329	diagnosis	RA	-1.19224946011268	0.616917100718136	77	69	0.0572758988565085	0.609637044492149
HROV-vOTU42257	Age	Age	0.578821110984218	0.299451461978378	77	47	0.0572325501184444	0.609637044492149
HROV-vOTU68801	diagnosis	RA	1.1675448182069	0.60386969425719	77	59	0.0571697958443304	0.609637044492149
HROV-vOTU08781	Smoking_Status	Never_Smoker	1.60859425340401	0.831244939038702	77	67	0.0569539583282536	0.609637044492149
HROV-vOTU64966	Sex	M	1.55222797326167	0.802007958531566	77	37	0.056920928360523	0.609637044492149
HROV-vOTU56079	Age	Age	-0.391862739802607	0.202724233127669	77	36	0.0572267533326595	0.609637044492149
HROV-vOTU45982	Age	Age	-0.494512335589845	0.25562469113468	77	57	0.0570337129321599	0.609637044492149
HROV-vOTU05840	Sex	M	2.5497991864754	1.31848874761039	77	43	0.0571144333306073	0.609637044492149
HROV-vOTU37747	diagnosis	RA	1.06241105201101	0.549663518425456	77	52	0.057244982080676	0.609637044492149
HROV-vOTU20422	Smoking_Status	Never_Smoker	2.15863643124647	1.11549462953932	77	44	0.0569570098346439	0.609637044492149
HROV-vOTU24074	diagnosis	RA	-0.829476946382832	0.429129679721963	77	25	0.0572337548314738	0.609637044492149
HROV-vOTU34920	Age	Age	-0.4754854146893	0.246108101816985	77	73	0.0573480263323642	0.610034663480068
HROV-vOTU52792	Smoking_Status	Former_Smoker	-1.99681532044203	1.03651189939088	77	76	0.058048311990144603	0.610964089805953
HROV-vOTU19481	diagnosis	RA	1.09292341842734	0.567440741639265	77	38	0.0581015022277569	0.610964089805953
HROV-vOTU72475	Smoking_Status	Former_Smoker	-2.69937459984634	1.40129047854073	77	25	0.0580644376633845	0.610964089805953
HROV-vOTU73091	Age	Age	0.764245233351042	0.39652766503287	77	44	0.0579381622230032	0.610964089805953
HROV-vOTU02440	Smoking_Status	Former_Smoker	3.34487671306731	1.73374752285928	77	68	0.0576936948536083	0.610964089805953
HROV-vOTU45963	diagnosis	RA	0.800672380379852	0.415051158069406	77	9	0.0577167333942216	0.610964089805953
HROV-vOTU00144	diagnosis	RA	-0.994060971030046	0.514917500038223	77	74	0.0575360551457644	0.610964089805953
HROV-vOTU01179	Age	Age	-0.589847299935773	0.305795180953182	77	63	0.0577415829130739	0.610964089805953
HROV-vOTU52372	diagnosis	RA	-1.20535676339018	0.625387617802819	77	60	0.0579341756860656	0.610964089805953
HROV-vOTU17933	diagnosis	RA	-0.997676726224253	0.517770656191414	77	35	0.0579982995801639	0.610964089805953
HROV-vOTU68836	Age	Age	0.410048527495951	0.212578533840771	77	16	0.0577377137084419	0.610964089805953
HROV-vOTU12973	diagnosis	RA	-0.88600247505129	0.45964730380068	77	63	0.0579094845087082	0.610964089805953
HROV-vOTU65851	Smoking_Status	Never_Smoker	1.80440437586029	0.93592783956506	77	20	0.0578637686802362	0.610964089805953
HROV-vOTU06759	Age	Age	0.411186895085936	0.213299396118832	77	22	0.0578873116866631	0.610964089805953
HROV-vOTU65654	Age	Age	0.320142652625987	0.166232631009967	77	12	0.0581251550484083	0.610964089805953
HROV-vOTU51288	Smoking_Status	Never_Smoker	1.67858001243103	0.870433708585342	77	51	0.0577992207109483	0.610964089805953
HROV-vOTU73450	Age	Age	0.643377346152196	0.334067976783743	77	26	0.0581230928462039	0.610964089805953
HROV-vOTU39549	Smoking_Status	Former_Smoker	3.65334422419576	1.89678419965045	77	58	0.0580995556462487	0.610964089805953
HROV-vOTU14828	Sex	M	0.876604509311836	0.454711513693959	77	26	0.0578771269816561	0.610964089805953
HROV-vOTU48190	Age	Age	-0.395878249857581	0.205406681123053	77	15	0.0579450104788359	0.610964089805953
HROV-vOTU18349	Sex	M	1.13465982455941	0.588012582864935	77	22	0.0576461149065823	0.610964089805953
HROV-vOTU58951	Sex	M	0.622285486559464	0.323031897228325	77	11	0.0580592100558284	0.610964089805953
HROV-vOTU58307	Smoking_Status	Former_Smoker	1.59248049202557	0.826646218769125	77	12	0.0580534783719786	0.610964089805953
HROV-vOTU56533	Smoking_Status	Never_Smoker	1.19241911502493	0.618221779671199	77	18	0.057755246164839	0.610964089805953
HROV-vOTU57880	Sex	M	0.576063251137651	0.298334758505411	77	9	0.0574851117531834	0.610964089805953
HROV-vOTU46426	Age	Age	-0.373187725622461	0.193540613070686	77	21	0.0578279411365861	0.610964089805953
HROV-vOTU40468	Smoking_Status	Former_Smoker	-2.72781980315899	1.41712710884991	77	64	0.0582494935891204	0.611073772540665
HROV-vOTU01543	Smoking_Status	Former_Smoker	1.88802314585353	0.98083069804766	77	31	0.0582458849446647	0.611073772540665
HROV-vOTU42785	diagnosis	RA	-0.974661597235894	0.50634621135271	77	39	0.0582498221925765	0.611073772540665
HROV-vOTU51173	Age	Age	-0.788372093100856	0.409642107246395	77	65	0.0582947928038142	0.611073772540665
HROV-vOTU69449	Smoking_Status	Never_Smoker	0.672409162516936	0.349382232742519	77	12	0.0582913160511136	0.611073772540665
HROV-vOTU01989	Smoking_Status	Former_Smoker	1.02352460045742	0.531821737700318	77	9	0.0582916583828181	0.611073772540665
HROV-vOTU04887	Sex	M	1.35398613775538	0.703636229994862	77	68	0.058329041527229	0.61115460708466
HROV-vOTU23954	Smoking_Status	Never_Smoker	-3.22861924139406	1.67886080704241	77	51	0.0584782576302689	0.611451476791196
HROV-vOTU32413	diagnosis	RA	-1.21099708404974	0.629740940981321	77	68	0.058490126069084	0.611451476791196
HROV-vOTU58654	Sex	M	1.32931502972839	0.691098570582619	77	41	0.0584297268474985	0.611451476791196
HROV-vOTU63642	Sex	M	1.59162797098798	0.827361823540393	77	16	0.0583968337448477	0.611451476791196
HROV-vOTU08027	Sex	M	1.21040479282273	0.629390704913272	77	33	0.0584736344222412	0.611451476791196
HROV-vOTU73532	Age	Age	-0.550860570755315	0.28689847409554	77	62	0.0588687801148026	0.611559799883532
HROV-vOTU02740	Smoking_Status	Never_Smoker	1.78219860512536	0.928415131294642	77	19	0.0589253667364983	0.611559799883532
HROV-vOTU35881	Age	Age	0.76426750250025	0.397585508842453	77	63	0.0585843056940611	0.611559799883532
HROV-vOTU07900	diagnosis	RA	1.06380079478627	0.553494944586288	77	40	0.0586229474094386	0.611559799883532
HROV-vOTU07900	Smoking_Status	Never_Smoker	-1.81579389623619	0.94545029092936	77	40	0.0588037982080673	0.611559799883532
HROV-vOTU10171	Smoking_Status	Never_Smoker	0.943965946833018	0.491252821868058	77	75	0.0586770209314437	0.611559799883532
HROV-vOTU04464	Age	Age	0.592896537520102	0.308859167767364	77	68	0.0589227925888722	0.611559799883532
HROV-vOTU59876	Age	Age	0.423683459157211	0.220654053216075	77	8	0.058859603859182603	0.611559799883532
HROV-vOTU63613	Age	Age	-0.542001145017497	0.282110999583882	77	63	0.0587173398562123	0.611559799883532
HROV-vOTU42535	Age	Age	-0.782067315993154	0.40721905855252	77	22	0.0588105051148972	0.611559799883532
HROV-vOTU31186	Sex	M	1.328508635737	0.691506444243288	77	38	0.0587241672073736	0.611559799883532
HROV-vOTU43256	Smoking_Status	Never_Smoker	1.67748526557726	0.873636798155626	77	67	0.0588606288685409	0.611559799883532
HROV-vOTU53381	Smoking_Status	Former_Smoker	-1.15709175701336	0.602032595428331	77	8	0.0586223000460675	0.611559799883532
HROV-vOTU02754	Smoking_Status	Never_Smoker	1.24539310519521	0.648439855690284	77	24	0.0587987421968986	0.611559799883532
HROV-vOTU26729	Smoking_Status	Never_Smoker	1.03111077459975	0.537089942172059	77	9	0.0589001180491407	0.611559799883532
HROV-vOTU54655	Smoking_Status	Never_Smoker	1.58657946424957	0.825410513827496	77	15	0.0585973446932069	0.611559799883532
HROV-vOTU39947	Age	Age	0.561800649670715	0.292909623729068	77	75	0.0591332713189186	0.61174737373700006
HROV-vOTU70504	diagnosis	RA	0.58471658807706	0.307370349631482	77	9	0.0611857595119629	0.61174737373700006
HROV-vOTU69410	Smoking_Status	Never_Smoker	1.57933525220603	0.822907296238952	77	10	0.0589768174446653	0.61174737373700006
HROV-vOTU01021	Smoking_Status	Never_Smoker	1.93697530825864	1.01674436323872	77	72	0.0608206323680254	0.61174737373700006
HROV-vOTU24513	Age	Age	-0.479860398394577	0.252525281945117	77	73	0.0614614901222327	0.61174737373700006
HROV-vOTU52595	Smoking_Status	Never_Smoker	2.55525102742253	1.34739835710424	77	67	0.0619716293064881	0.61174737373700006
HROV-vOTU56072	Age	Age	-0.863833197561685	0.452263283048261	77	33	0.0601700203686543	0.61174737373700006
HROV-vOTU45763	diagnosis	RA	1.44829131671067	0.756098735677673	77	31	0.0594592493476352	0.61174737373700006
HROV-vOTU75697	Smoking_Status	Never_Smoker	-1.59645493497498	0.840029468244297	77	72	0.0614311097566437	0.61174737373700006
HROV-vOTU18825	Smoking_Status	Former_Smoker	-2.21297072251547	1.16539841470665	77	72	0.061641753793278	0.61174737373700006
HROV-vOTU49540	Smoking_Status	Never_Smoker	-0.95678182168294	0.503155139442223	77	9	0.0612861113463055	0.61174737373700006
HROV-vOTU70497	Sex	M	1.26588222326549	0.66575184396303	77	73	0.0613036259881861	0.61174737373700006
HROV-vOTU27016	Smoking_Status	Never_Smoker	1.16645536957906	0.612030275156476	77	63	0.0607146809024852	0.61174737373700006
HROV-vOTU12354	Smoking_Status	Never_Smoker	2.0434754632891	1.07110664934307	77	64	0.0604594048086344	0.61174737373700006
HROV-vOTU02348	Smoking_Status	Never_Smoker	2.41523292643475	1.2717296067281	77	70	0.0616049552875921	0.61174737373700006
HROV-vOTU08541	Age	Age	0.587381656189945	0.308966013299915	77	32	0.0613451274611547	0.61174737373700006
HROV-vOTU17187	Smoking_Status	Former_Smoker	-3.51939686519455	1.84137325852125	77	68	0.0600044134155527	0.61174737373700006
HROV-vOTU35718	Smoking_Status	Never_Smoker	1.88097896006614	0.985765771955797	77	29	0.0604169742958663	0.61174737373700006
HROV-vOTU44212	Age	Age	0.557048095171953	0.29292703696016	77	26	0.0612731675420033	0.61174737373700006
HROV-vOTU41845	diagnosis	RA	-1.17711832424208	0.61930716637794	77	55	0.0614008691073931	0.61174737373700006
HROV-vOTU26340	Smoking_Status	Never_Smoker	1.96564354637221	1.02476670273383	77	66	0.059115517660371	0.61174737373700006
HROV-vOTU03303	Smoking_Status	Former_Smoker	-1.56263791782716	0.82395024281614	77	76	0.0619600158567375	0.61174737373700006
HROV-vOTU59942	Sex	M	1.72261044490059	0.901224196541691	77	64	0.0599884216756212	0.61174737373700006
HROV-vOTU36749	Age	Age	0.600880607453624	0.315976743427228	77	71	0.0612732639780057	0.61174737373700006
HROV-vOTU02992	Smoking_Status	Former_Smoker	2.87824348098524	1.51740136681053	77	67	0.0619191818180391	0.61174737373700006
HROV-vOTU06347	Smoking_Status	Former_Smoker	2.98756396356335	1.56309819392476	77	61	0.0600018037279602	0.61174737373700006
HROV-vOTU00403	diagnosis	RA	-2.11163055257639	1.11156408696264	77	59	0.0615353640065737	0.61174737373700006
HROV-vOTU00231	Smoking_Status	Never_Smoker	1.65007464727089	0.865527649046851	77	69	0.0606409353136619	0.61174737373700006
HROV-vOTU20487	Age	Age	-0.760867591347788	0.398663073546676	77	54	0.0603633801070263	0.61174737373700006
HROV-vOTU63903	Age	Age	-0.684476528928843	0.357751687367519	77	52	0.0597458109341162	0.61174737373700006
HROV-vOTU10654	Age	Age	-0.612217501009074	0.321622499550115	77	64	0.0610254217016055	0.61174737373700006
HROV-vOTU54265	Age	Age	0.50163015944373	0.263802866886011	77	55	0.0612901134559747	0.61174737373700006
HROV-vOTU22926	Sex	M	1.05263309732036	0.551461721124196	77	64	0.0603295933228665	0.61174737373700006
HROV-vOTU57404	Sex	M	1.26947283457808	0.665597560771273	77	28	0.0605316280639853	0.61174737373700006
HROV-vOTU04356	Sex	M	1.46020700021782	0.760974526145788	77	42	0.0590218280333283	0.61174737373700006
HROV-vOTU61992	Age	Age	-0.412608413738269	0.21648683070412	77	53	0.0607080948119401	0.61174737373700006
HROV-vOTU67718	Smoking_Status	Never_Smoker	2.09292821982722	1.10000786873621	77	57	0.0611420871891964	0.61174737373700006
HROV-vOTU64911	Smoking_Status	Former_Smoker	3.31832478609251	1.74702921753125	77	67	0.0615731382483091	0.61174737373700006
HROV-vOTU07214	Sex	M	1.17284171860241	0.616770774218236	77	47	0.0612834232083624	0.61174737373700006
HROV-vOTU72571	Smoking_Status	Never_Smoker	1.74944776988498	0.920668458896589	77	69	0.0614686814030843	0.61174737373700006
HROV-vOTU51628	Smoking_Status	Never_Smoker	2.29336593442935	1.20291068694603	77	39	0.0606309110099193	0.61174737373700006
HROV-vOTU51623	Age	Age	-0.489930791096627	0.257226398251916	77	70	0.0608746115312721	0.61174737373700006
HROV-vOTU06113	Sex	M	1.23188993190478	0.649052547007846	77	59	0.0617640549172874	0.61174737373700006
HROV-vOTU04488	diagnosis	RA	0.904360431678867	0.471553793324574	77	24	0.0591550876609383	0.61174737373700006
HROV-vOTU67231	diagnosis	RA	-0.804944219227868	0.423485071181455	77	52	0.0613929037013514	0.61174737373700006
HROV-vOTU43965	Smoking_Status	Former_Smoker	3.60042625267516	1.87810490660648	77	67	0.0592555740611422	0.61174737373700006
HROV-vOTU57852	Smoking_Status	Former_Smoker	2.88325252738305	1.5129269605455	77	66	0.0607323413537883	0.61174737373700006
HROV-vOTU29144	Smoking_Status	Former_Smoker	3.93358712144031	2.06294520599342	77	64	0.0605955690542205	0.61174737373700006
HROV-vOTU56181	diagnosis	RA	-1.30869521003537	0.684276749388747	77	58	0.0598434067394572	0.61174737373700006
HROV-vOTU00965	diagnosis	RA	0.968075887992397	0.510384921640402	77	23	0.0619282576707532	0.61174737373700006
HROV-vOTU42535	diagnosis	RA	-1.51446793530933	0.795936829367937	77	22	0.0611287504891659	0.61174737373700006
HROV-vOTU23035	diagnosis	RA	-1.21982655984715	0.642253788190112	77	51	0.0615890864176827	0.61174737373700006
HROV-vOTU07600	Age	Age	-0.806985357458317	0.421430416087144	77	60	0.0595379631154222	0.61174737373700006
HROV-vOTU43762	Age	Age	-0.83749602722653	0.439551949450554	77	28	0.0607857292144891	0.61174737373700006
HROV-vOTU08060	diagnosis	RA	-1.32771521521368	0.698398323283699	77	63	0.0613497452213339	0.61174737373700006
HROV-vOTU60571	Sex	M	1.59426445221237	0.833113407743264	77	40	0.0597003164195518	0.61174737373700006
HROV-vOTU31655	Smoking_Status	Never_Smoker	1.62997575031933	0.853566571711007	77	49	0.0602246295179655	0.61174737373700006
HROV-vOTU55876	Smoking_Status	Never_Smoker	-0.925131485181294	0.487445068593241	77	13	0.0617724008218814	0.61174737373700006
HROV-vOTU58773	diagnosis	RA	1.1079584798711	0.583239418824729	77	28	0.0615393405364188	0.61174737373700006
HROV-vOTU32957	Age	Age	-0.470975253968232	0.245691341727371	77	67	0.0592703135633555	0.61174737373700006
HROV-vOTU08830	Age	Age	0.322627016381113	0.169612766154992	77	10	0.0612097550630955	0.61174737373700006
HROV-vOTU34646	Smoking_Status	Never_Smoker	1.97535564626395	1.03507560697457	77	40	0.0603806033587763	0.61174737373700006
HROV-vOTU01341	Sex	M	1.21536464117839	0.634058461224745	77	34	0.059287969447887	0.61174737373700006
HROV-vOTU31729	Age	Age	-0.437830552269194	0.230537810743231	77	64	0.0616051535654655	0.61174737373700006
HROV-vOTU67613	Smoking_Status	Former_Smoker	-0.927739219479444	0.487642285742589	77	8	0.0611618476146963	0.61174737373700006
HROV-vOTU34371	Smoking_Status	Former_Smoker	2.24386339212981	1.18259614830453	77	67	0.0618413548925516	0.61174737373700006
HROV-vOTU06467	Smoking_Status	Former_Smoker	2.49598647942388	1.31514353305118	77	64	0.061777494005451	0.61174737373700006
HROV-vOTU04934	Sex	M	1.67120237493922	0.871744976049622	77	60	0.0592524259385341	0.61174737373700006
HROV-vOTU53592	diagnosis	RA	-1.10025291075151	0.574144979730065	77	24	0.0593486726337353	0.61174737373700006
HROV-vOTU15717	Age	Age	0.401627175784392	0.209429410707617	77	11	0.0591692725361872	0.61174737373700006
HROV-vOTU17167	diagnosis	RA	-1.05808265553667	0.557368314515162	77	50	0.0617141857128412	0.61174737373700006
HROV-vOTU08070	Smoking_Status	Never_Smoker	2.08880216595257	1.09411262535145	77	31	0.0602871378681231	0.61174737373700006
HROV-vOTU41906	Smoking_Status	Never_Smoker	2.04468513742562	1.0770515751983	77	53	0.0617068068370906	0.61174737373700006
HROV-vOTU24353	diagnosis	RA	-1.23424764495616	0.649122967028845	77	49	0.0613068820872594	0.61174737373700006
HROV-vOTU38452	Age	Age	-0.792789940205471	0.417590117263527	77	50	0.0616962962785567	0.61174737373700006
HROV-vOTU01236	Smoking_Status	Former_Smoker	3.34486026308974	1.76107111414786	77	65	0.0615834367889429	0.61174737373700006
HROV-vOTU39510	Smoking_Status	Never_Smoker	1.81479202004915	0.952149333471743	77	55	0.0606992980007492	0.61174737373700006
HROV-vOTU02754	Sex	M	0.950532154250283	0.501029167088542	77	24	0.0618742304048698	0.61174737373700006
HROV-vOTU64915	Smoking_Status	Never_Smoker	1.29557314408001	0.677898189752919	77	64	0.0600210554413555	0.61174737373700006
HROV-vOTU24461	diagnosis	RA	-1.06776243016591	0.562766142583154	77	27	0.0618491285337409	0.61174737373700006
HROV-vOTU01504	Sex	M	1.87786037722357	0.983076808795151	77	46	0.0601485520984846	0.61174737373700006
HROV-vOTU01504	Smoking_Status	Former_Smoker	3.40995138348021	1.79607552787059	77	46	0.0616871345195438	0.61174737373700006
HROV-vOTU56596	Age	Age	-0.723777233477347	0.380736215873428	77	35	0.0613619893477067	0.61174737373700006
HROV-vOTU16455	Smoking_Status	Former_Smoker	2.65105166304062	1.3854427237762	77	50	0.0597155748009225	0.61174737373700006
HROV-vOTU53418	Smoking_Status	Never_Smoker	1.41902153890144	0.740356375170488	77	27	0.0593045929013974	0.61174737373700006
HROV-vOTU67099	Smoking_Status	Never_Smoker	2.66010529097175	1.39127909815542	77	47	0.0599135412660077	0.61174737373700006
HROV-vOTU36113	Smoking_Status	Never_Smoker	1.39888819057144	0.7330945616889	77	14	0.0604095844315628	0.61174737373700006
HROV-vOTU42025	Age	Age	-0.649857986747839	0.342542389268721	77	51	0.0618740346385711	0.61174737373700006
HROV-vOTU16149	Smoking_Status	Never_Smoker	2.25938851102366	1.18148135980108	77	49	0.0598679081874043	0.61174737373700006
HROV-vOTU14828	Smoking_Status	Never_Smoker	1.12550995193549	0.588494817644648	77	26	0.0598434254019568	0.61174737373700006
HROV-vOTU72529	diagnosis	RA	0.756484907616976	0.395291085802905	77	18	0.0596848398647154	0.61174737373700006
HROV-vOTU17559	Age	Age	-0.554402644943895	0.292052611609069	77	50	0.0617218569417771	0.61174737373700006
HROV-vOTU57098	Smoking_Status	Former_Smoker	1.45237935492493	0.76366133265096	77	17	0.0612463735978686	0.61174737373700006
HROV-vOTU66463	Age	Age	-0.281741145906581	0.148356843855391	77	12	0.0616175411285544	0.61174737373700006
HROV-vOTU38921	Smoking_Status	Never_Smoker	1.08179388879489	0.568506110899284	77	17	0.0611125300652583	0.61174737373700006
HROV-vOTU45888	Sex	M	-1.04670829657563	0.545585698023046	77	13	0.0590682879556657	0.61174737373700006
HROV-vOTU18316	Age	Age	-0.688160636186851	0.362669581245531	77	27	0.0618303832961467	0.61174737373700006
HROV-vOTU03725	Smoking_Status	Former_Smoker	2.26682913482102	1.18183928160318	77	38	0.0591265661834334	0.61174737373700006
HROV-vOTU46177	Sex	M	1.00100134330679	0.526173481499249	77	17	0.0611728123996007	0.61174737373700006
HROV-vOTU48645	Sex	M	1.0682488258827	0.559916501287592	77	19	0.0604522181338146	0.61174737373700006
HROV-vOTU07878	diagnosis	RA	0.790385146787869	0.416669815148362	77	17	0.0619076578753819	0.61174737373700006
HROV-vOTU23269	Smoking_Status	Never_Smoker	1.47890210582233	0.774789808279898	77	18	0.0603331236305671	0.61174737373700006
HROV-vOTU72891	Sex	M	0.835252818212202	0.440131225899197	77	15	0.0617969816586183	0.61174737373700006
HROV-vOTU49708	Age	Age	-0.3871993534686	0.203609980168669	77	19	0.0612718128808401	0.61174737373700006
HROV-vOTU71928	Age	Age	-0.412638240638008	0.216288927068133	77	17	0.060460285541092	0.61174737373700006
HROV-vOTU37450	Smoking_Status	Former_Smoker	-1.10165531174006	0.578402069769884	77	11	0.0608765272768527	0.61174737373700006
HROV-vOTU35161	Age	Age	-0.34146725822414	0.179025955237721	77	8	0.0605192748298434	0.61174737373700006
HROV-vOTU25877	Smoking_Status	Never_Smoker	1.36837968896747	0.717964832909253	77	18	0.0607099184966853	0.61174737373700006
HROV-vOTU62404	Age	Age	-0.329284748095178	0.173374998844821	77	12	0.0615927459085972	0.61174737373700006
HROV-vOTU59186	Smoking_Status	Never_Smoker	0.579871897063764	0.30547240631314	77	8	0.0617242682653624	0.61174737373700006
HROV-vOTU39206	Age	Age	-0.422401471860846	0.22083003006104	77	19	0.0598086561252856	0.61174737373700006
HROV-vOTU64477	Sex	M	0.704843208701808	0.368096289994096	77	8	0.0595429397734218	0.61174737373700006
HROV-vOTU57244	Age	Age	-0.449227288588742	0.235661620938598	77	13	0.0606671901293658	0.61174737373700006
HROV-vOTU04103	Sex	M	-1.24997543038528	0.654484355408735	77	9	0.060190954298865	0.61174737373700006
HROV-vOTU68950	Age	Age	0.550955094889637	0.292170876425182	77	52	0.0634226238368398	0.611785281952059
HROV-vOTU08392	diagnosis	RA	-0.607025347153523	0.321351956535152	77	76	0.062979816241429	0.611785281952059
HROV-vOTU41690	Smoking_Status	Former_Smoker	1.96868037660244	1.04274755499663	77	75	0.0631159398968133	0.611785281952059
HROV-vOTU43577	Sex	M	1.64979468012359	0.872720741941632	77	51	0.0627854390710529	0.611785281952059
HROV-vOTU31978	diagnosis	RA	0.97560955518246	0.514750261726569	77	61	0.0621230193773117	0.611785281952059
HROV-vOTU55361	Age	Age	0.708344252465539	0.375241426418421	77	63	0.0631529473889679	0.611785281952059
HROV-vOTU73091	Smoking_Status	Former_Smoker	-3.53606780019401	1.86887171839882	77	44	0.0625573641741237	0.611785281952059
HROV-vOTU29943	Smoking_Status	Never_Smoker	-1.19464051708634	0.633466185265467	77	76	0.0634021073309384	0.611785281952059
HROV-vOTU04021	Smoking_Status	Former_Smoker	1.97294525528065	1.04445427859902	77	72	0.0629799796790277	0.611785281952059
HROV-vOTU13191	Age	Age	-0.605054011948002	0.319585502243396	77	56	0.0624006918504165	0.611785281952059
HROV-vOTU07899	Smoking_Status	Never_Smoker	2.2740480094545	1.20537199101775	77	49	0.0633042647860877	0.611785281952059
HROV-vOTU11783	Smoking_Status	Never_Smoker	1.79712337171792	0.950871197503929	77	50	0.0628435868400076	0.611785281952059
HROV-vOTU15658	Smoking_Status	Never_Smoker	2.18602689380274	1.15861926137863	77	44	0.0632827621378631	0.611785281952059
HROV-vOTU65601	diagnosis	RA	-1.26430562554861	0.669700477754622	77	35	0.0631305019882411	0.611785281952059
HROV-vOTU04125	diagnosis	RA	-1.00655725729348	0.533780429076003	77	22	0.0634246696989562	0.611785281952059
HROV-vOTU57974	Age	Age	-0.326371204809406	0.172297257623269	77	29	0.0622675246794473	0.611785281952059
HROV-vOTU59995	Smoking_Status	Former_Smoker	3.20572602156201	1.69925486820863	77	59	0.063310590001377	0.611785281952059
HROV-vOTU21018	Smoking_Status	Former_Smoker	3.84263203113556	2.03533672038282	77	62	0.0631180150026256	0.611785281952059
HROV-vOTU01491	Smoking_Status	Never_Smoker	-2.00477366990559	1.06108309571589	77	50	0.0629265173731649	0.611785281952059
HROV-vOTU39425	Sex	M	1.48429438076614	0.78401928931083	77	35	0.0624088027895804	0.611785281952059
HROV-vOTU22235	Smoking_Status	Former_Smoker	-2.5835439896046	1.36674630659325	77	62	0.0628011836022948	0.611785281952059
HROV-vOTU03210	diagnosis	RA	-0.734732514034166	0.387651955776367	77	72	0.0621184345789048	0.611785281952059
HROV-vOTU50705	Sex	M	1.43349755736603	0.757660243574801	77	51	0.0625683487874193	0.611785281952059
HROV-vOTU10994	diagnosis	RA	1.34177934753928	0.711436164116183	77	35	0.0633834726169484	0.611785281952059
HROV-vOTU03041	Smoking_Status	Never_Smoker	1.73967116277156	0.920423339042826	77	44	0.0628297903250691	0.611785281952059
HROV-vOTU10903	Smoking_Status	Former_Smoker	-2.49896634502875	1.32264363007667	77	52	0.0629255658144004	0.611785281952059
HROV-vOTU16888	Sex	M	0.84157365889566	0.444766754868798	77	11	0.0625463270963499	0.611785281952059
HROV-vOTU68836	diagnosis	RA	0.784859906584461	0.415498932732506	77	16	0.0629819740478391	0.611785281952059
HROV-vOTU33749	Smoking_Status	Never_Smoker	2.22678643757292	1.18129047022971	77	34	0.0635162227159085	0.611785281952059
HROV-vOTU12384	Smoking_Status	Never_Smoker	1.25568428122857	0.663327555941248	77	54	0.0624328670244324	0.611785281952059
HROV-vOTU73363	Smoking_Status	Former_Smoker	3.31786161112278	1.75536793648462	77	44	0.0628235469586848	0.611785281952059
HROV-vOTU18618	Age	Age	-0.366384426694617	0.194122258083872	77	63	0.0631955954649981	0.611785281952059
HROV-vOTU55043	diagnosis	RA	0.446746633588929	0.236075164778608	77	8	0.0625161708022319	0.611785281952059
HROV-vOTU65644	Smoking_Status	Former_Smoker	2.41081686728037	1.27777819541567	77	22	0.0632863283019534	0.611785281952059
HROV-vOTU17514	Smoking_Status	Never_Smoker	-1.75128138582266	0.923704540872631	77	17	0.0620388856666476	0.611785281952059
HROV-vOTU24461	Smoking_Status	Former_Smoker	2.56295381210969	1.35701127269476	77	27	0.0630203977948961	0.611785281952059
HROV-vOTU59028	Age	Age	-0.644184393984684	0.341696178722257	77	24	0.0634875477946221	0.611785281952059
HROV-vOTU66925	diagnosis	RA	-0.617212640168172	0.326460106484004	77	24	0.0627558503866517	0.611785281952059
HROV-vOTU66925	Smoking_Status	Former_Smoker	1.48397339910731	0.787200954468344	77	24	0.063505136741731	0.611785281952059
HROV-vOTU47902	Age	Age	-0.461296918730852	0.243779557992157	77	33	0.0625325050403394	0.611785281952059
HROV-vOTU38116	Age	Age	-0.571343919038755	0.301738403674625	77	33	0.0623654146186982	0.611785281952059
HROV-vOTU53891	Smoking_Status	Former_Smoker	1.8596585264177	0.986507656605721	77	47	0.06350975178516	0.611785281952059
HROV-vOTU41249	Smoking_Status	Never_Smoker	1.45432839839901	0.769151311199994	77	23	0.0627286828965783	0.611785281952059
HROV-vOTU06274	Smoking_Status	Former_Smoker	2.50228525574764	1.32460359824365	77	32	0.0629650155902794	0.611785281952059
HROV-vOTU47996	Smoking_Status	Never_Smoker	1.16638601253798	0.617742731321991	77	18	0.0630930512793095	0.611785281952059
HROV-vOTU67808	Sex	M	1.69667984003468	0.898804519367652	77	25	0.0631523214021567	0.611785281952059
HROV-vOTU24040	Smoking_Status	Never_Smoker	1.73070225621917	0.916986117304592	77	19	0.0631968242653729	0.611785281952059
HROV-vOTU58951	Smoking_Status	Never_Smoker	0.789845108776678	0.418072979741471	77	11	0.0629419704206141	0.611785281952059
HROV-vOTU53400	Smoking_Status	Never_Smoker	1.18624653845755	0.628841903183455	77	15	0.0633310128163085	0.611785281952059
HROV-vOTU24594	Age	Age	-0.190957849728478	0.100760514111713	77	8	0.0621419980903355	0.611785281952059
HROV-vOTU60005	Age	Age	-0.546075794187838	0.289414183887049	77	17	0.0632718661447605	0.611785281952059
HROV-vOTU66895	Sex	M	-0.950209180265909	0.502960086906082	77	15	0.0629444161246335	0.611785281952059
HROV-vOTU64818	diagnosis	RA	-0.724466749965948	0.383890700757647	77	20	0.063225730799294	0.611785281952059
HROV-vOTU05380	Sex	M	-0.900086693436739	0.476177890459281	77	13	0.0628087686565043	0.611785281952059
HROV-vOTU42917	Smoking_Status	Former_Smoker	1.23427988214615	0.652855940076127	77	13	0.0627608133959019	0.611785281952059
HROV-vOTU71968	Smoking_Status	Former_Smoker	-1.78621021855615	0.944066242780362	77	13	0.062563843164206	0.611785281952059
HROV-vOTU35198	Smoking_Status	Never_Smoker	1.13694639903191	0.602815829893393	77	12	0.0633774264496732	0.611785281952059
HROV-vOTU60236	Smoking_Status	Never_Smoker	0.511692097884559	0.269886967019995	77	8	0.0620365721893184	0.611785281952059
HROV-vOTU67153	Age	Age	0.397652565726426	0.211038896910522	77	73	0.0636237022350972	0.611874087243174
HROV-vOTU07511	Age	Age	-0.584359244398789	0.310135939740538	77	62	0.0636317168453062	0.611874087243174
HROV-vOTU18688	Age	Age	-0.493381870452082	0.26181041955752	77	22	0.0635909685045624	0.611874087243174
HROV-vOTU63834	Smoking_Status	Never_Smoker	0.931451063146927	0.494334082512637	77	16	0.0636247696383377	0.611874087243174
HROV-vOTU18260	Smoking_Status	Former_Smoker	-0.873817445622303	0.463969643289536	77	77	0.0637489055657571	0.611979467937994
HROV-vOTU48092	diagnosis	RA	-0.640895853586064	0.340330592739749	77	72	0.0637755416001384	0.611979467937994
HROV-vOTU31026	Age	Age	0.369417506503893	0.196133735660691	77	12	0.06372862121126	0.611979467937994
HROV-vOTU75509	Smoking_Status	Never_Smoker	2.04920079274167	1.08817111679963	77	62	0.0637750352024837	0.611979467937994
HROV-vOTU22789	Age	Age	-0.704599350733049	0.374078076360821	77	37	0.0637197939260146	0.611979467937994
HROV-vOTU26109	Smoking_Status	Former_Smoker	-2.09895541413475	1.11528781025024	77	72	0.0639367967745207	0.612243021866271
HROV-vOTU07569	diagnosis	RA	-1.34839780492282	0.716492812355195	77	68	0.0639428044196713	0.612243021866271
HROV-vOTU07600	Smoking_Status	Never_Smoker	2.64815090070218	1.40702373437307	77	60	0.0639218388271913	0.612243021866271
HROV-vOTU36685	diagnosis	RA	0.851441531696798	0.45232734952595	77	18	0.0638856125664255	0.612243021866271
HROV-vOTU69853	Smoking_Status	Never_Smoker	1.50131477628732	0.797808315449634	77	56	0.063962514572742	0.612243021866271
HROV-vOTU55301	diagnosis	RA	-1.63837133087489	0.870318170087547	77	34	0.0638663294570092	0.612243021866271
HROV-vOTU23491	Sex	M	1.24602206700488	0.662389664331675	77	37	0.0640587413724329	0.612888058288513
HROV-vOTU67099	Age	Age	-0.783728468971723	0.416714597561667	77	47	0.0641097408778561	0.612888058288513
HROV-vOTU13448	Smoking_Status	Never_Smoker	1.18062204697801	0.627693873628747	77	20	0.064088154433482	0.612888058288513
HROV-vOTU03657	Smoking_Status	Never_Smoker	2.67955657348267	1.42590022091818	77	47	0.0643211749689166	0.614123307032949
HROV-vOTU58430	Smoking_Status	Never_Smoker	-0.945677077586806	0.503265419485856	77	17	0.0643379716204796	0.614123307032949
HROV-vOTU67606	Smoking_Status	Former_Smoker	1.92401070982287	1.0238709903001	77	70	0.0643280962211949	0.614123307032949
HROV-vOTU34645	Smoking_Status	Never_Smoker	1.83608885478676	0.977183849872824	77	65	0.0643549724438538	0.614123307032949
HROV-vOTU69480	Smoking_Status	Never_Smoker	2.12989711060252	1.1336267364471	77	39	0.0643722823785297	0.614123307032949
HROV-vOTU68836	Smoking_Status	Never_Smoker	-1.33307267287204	0.709732926515546	77	16	0.0644500671934769	0.614610785700113
HROV-vOTU29020	Age	Age	0.681716699016641	0.363064073600282	77	56	0.0645330383843379	0.615028862485615
HROV-vOTU29370	diagnosis	RA	0.735017499049595	0.391472087000136	77	17	0.0645473191761933	0.615028862485615
HROV-vOTU00352	diagnosis	RA	-1.20174128893095	0.641292593636617	77	65	0.065054285060352	0.615899227325275
HROV-vOTU10880	Smoking_Status	Never_Smoker	1.49533122317113	0.798219947285843	77	75	0.0651387551312004	0.615899227325275
HROV-vOTU01792	Smoking_Status	Never_Smoker	2.03795709596728	1.0870929784264	77	51	0.064949590200126	0.615899227325275
HROV-vOTU01761	Age	Age	-0.668310975372613	0.356634040602378	77	63	0.0650536570233135	0.615899227325275
HROV-vOTU47170	Age	Age	-0.624766619868264	0.333598185602238	77	39	0.0652116596365871	0.615899227325275
HROV-vOTU02985	diagnosis	RA	-0.854512906130832	0.456345893758347	77	43	0.0652537609497903	0.615899227325275
HROV-vOTU10841	diagnosis	RA	1.03230257234433	0.551069840866947	77	67	0.0651474870156824	0.615899227325275
HROV-vOTU21945	Smoking_Status	Never_Smoker	1.65133416287591	0.880241165662816	77	44	0.0647659135686859	0.615899227325275
HROV-vOTU17427	Age	Age	-0.595110304709192	0.31746879863662397	77	29	0.0649688369842065	0.615899227325275
HROV-vOTU09913	Sex	M	1.47893743647748	0.78961497097502	77	64	0.0651873156371468	0.615899227325275
HROV-vOTU08111	Age	Age	-0.525835689482729	0.280556361966744	77	69	0.0650089303029015	0.615899227325275
HROV-vOTU07278	Smoking_Status	Former_Smoker	3.38469101402007	1.80686825933237	77	62	0.0651522137550441	0.615899227325275
HROV-vOTU33661	Smoking_Status	Never_Smoker	-1.43683183810955	0.766373316613578	77	14	0.0649271541216946	0.615899227325275
HROV-vOTU04156	diagnosis	RA	-1.53134918882728	0.817534359675486	77	37	0.0651669035495967	0.615899227325275
HROV-vOTU27418	Smoking_Status	Former_Smoker	-1.48487205333134	0.791450473617233	77	13	0.0647466572691737	0.615899227325275
HROV-vOTU33822	Smoking_Status	Never_Smoker	2.31816191754542	1.23767942024321	77	30	0.0651866095067158	0.615899227325275
HROV-vOTU09477	Smoking_Status	Never_Smoker	1.13309274259702	0.604320101292647	77	9	0.064907356808563	0.615899227325275
HROV-vOTU31815	Smoking_Status	Never_Smoker	1.78035342233567	0.949084728672852	77	54	0.0647852050232917	0.615899227325275
HROV-vOTU54565	diagnosis	RA	-1.41943202569204	0.757131639653583	77	46	0.0649406334572733	0.615899227325275
HROV-vOTU51039	Smoking_Status	Never_Smoker	2.34001456592356	1.24907836435949	77	42	0.0651302711550431	0.615899227325275
HROV-vOTU30867	diagnosis	RA	-0.887791728919743	0.474015567579979	77	22	0.0651969454524251	0.615899227325275
HROV-vOTU02709	Smoking_Status	Former_Smoker	1.7384849543354	0.927874732375961	77	15	0.065098445872702193	0.615899227325275
HROV-vOTU00962	Smoking_Status	Never_Smoker	1.35494057590048	0.72354647643011	77	12	0.0652360282717762	0.615899227325275
HROV-vOTU18479	diagnosis	RA	-1.02015624517342	0.544908248678697	77	26	0.0653028394430589	0.616109951812227
HROV-vOTU52562	Age	Age	0.454674923240844	0.242936986369446	77	72	0.0653850888486693	0.61612872184323
HROV-vOTU52161	diagnosis	RA	-1.4279228525122	0.762834558957183	77	20	0.0653445324831605	0.61612872184323
HROV-vOTU12769	diagnosis	RA	0.473440429004635	0.252940711175265	77	9	0.0653613398717842	0.61612872184323
HROV-vOTU18429	diagnosis	RA	-1.34839497513665	0.720688303295247	77	25	0.0654684672220566	0.616409975520835
HROV-vOTU38546	Smoking_Status	Former_Smoker	-1.04878526412225	0.560509629958018	77	12	0.0654479687319071	0.616409975520835
HROV-vOTU70525	diagnosis	RA	1.17400460828621	0.627651045147271	77	69	0.0655400263797289	0.616579578237401
HROV-vOTU07463	Smoking_Status	Former_Smoker	3.49590296808652	1.86881504294509	77	20	0.0655148748052918	0.616579578237401
HROV-vOTU03660	Sex	M	1.15651882649182	0.61841556974035	77	74	0.0655880710684029	0.616779614824549
HROV-vOTU22514	Smoking_Status	Never_Smoker	-1.46513860997152	0.783615927376272	77	66	0.0656468010061725	0.617079929458022
HROV-vOTU52852	diagnosis	RA	-0.977930152679663	0.523245001677825	77	48	0.0657516281258476	0.617813135756128
HROV-vOTU20963	Smoking_Status	Former_Smoker	-3.35779286877988	1.7970052544291	77	21	0.0658112711076608	0.618121359547075
HROV-vOTU17380	diagnosis	RA	-0.887065564523443	0.474850627679658	77	40	0.0658756016170332	0.618473340905126
HROV-vOTU09958	Sex	M	1.4941921640466	0.800540420095563	77	56	0.0661041182544979	0.618666551410185
HROV-vOTU16355	Age	Age	-0.596000058846503	0.31931870990664	77	68	0.0661048816118611	0.618666551410185
HROV-vOTU00478	Age	Age	0.626232424582952	0.335427971850521	77	65	0.066035252224559	0.618666551410185
HROV-vOTU19045	diagnosis	RA	-1.54547004979168	0.828035290002086	77	21	0.0661110891454826	0.618666551410185
HROV-vOTU36599	diagnosis	RA	-1.07999756295812	0.578517130225955	77	59	0.066053348100132	0.618666551410185
HROV-vOTU04807	Sex	M	0.936894315010043	0.501946856051149	77	34	0.0660982243654127	0.618666551410185
HROV-vOTU16981	Smoking_Status	Former_Smoker	-1.37424689947623	0.736174598695256	77	8	0.066067118857079	0.618666551410185
HROV-vOTU66429	Age	Age	-0.22763698700107	0.121877192011432	77	8	0.0659232210951648	0.618666551410185
HROV-vOTU08600	Smoking_Status	Never_Smoker	2.31202936911046	1.23897582526547	77	58	0.0661605875188018	0.618878282111294
HROV-vOTU21564	Smoking_Status	Never_Smoker	1.09768889439269	0.588704997089278	77	73	0.0663734754429931	0.619985418413761
HROV-vOTU35442	Age	Age	-0.566756573217176	0.303927972258356	77	56	0.0663464001403405	0.619985418413761
HROV-vOTU30640	Smoking_Status	Never_Smoker	-2.00583621841857	1.07587840611441	77	16	0.0664035654430703	0.619985418413761
HROV-vOTU07976	Smoking_Status	Former_Smoker	2.98262589801608	1.59957551324407	77	39	0.0663658494005048	0.619985418413761
HROV-vOTU38642	Smoking_Status	Never_Smoker	2.84642619930803	1.52680647865313	77	50	0.0664135487289079	0.619985418413761
HROV-vOTU21018	Age	Age	-0.804904117980147	0.43184735974309	77	62	0.0664759054506022	0.620033520677632
HROV-vOTU24697	Age	Age	0.398621670868946	0.213887584540017	77	15	0.0664994700857034	0.620033520677632
HROV-vOTU57817	Age	Age	-0.857369399552642	0.460023218778131	77	37	0.0664915859832963	0.620033520677632
HROV-vOTU51043	Sex	M	0.802340600606466	0.43121375967334	77	77	0.0669338329020774	0.620530191021949
HROV-vOTU52804	Sex	M	1.4705647057193	0.789696436789769	77	62	0.0667144731320057	0.620530191021949
HROV-vOTU59949	Smoking_Status	Never_Smoker	1.81753664030854	0.976605025474082	77	63	0.0668736716406883	0.620530191021949
HROV-vOTU39467	Smoking_Status	Never_Smoker	1.42873014830284	0.766999574485341	77	75	0.0666341891166061	0.620530191021949
HROV-vOTU67635	diagnosis	RA	-0.930031448418796	0.499831819870318	77	58	0.0669291844563072	0.620530191021949
HROV-vOTU14671	Smoking_Status	Former_Smoker	-1.91316748453573	1.02723868103079	77	66	0.0666791588200624	0.620530191021949
HROV-vOTU11329	diagnosis	RA	0.725099044579837	0.389566916738355	77	10	0.0668423678357683	0.620530191021949
HROV-vOTU34716	Smoking_Status	Never_Smoker	1.22232623831889	0.656461716865918	77	43	0.0667427917476723	0.620530191021949
HROV-vOTU68953	Sex	M	0.878254963598757	0.472067206987968	77	20	0.0669641389775329	0.620530191021949
HROV-vOTU75022	Smoking_Status	Former_Smoker	2.80847668890096	1.50881553509885	77	40	0.0668304656824623	0.620530191021949
HROV-vOTU72662	diagnosis	RA	-0.757884078875946	0.407309882514059	77	20	0.0669266669993577	0.620530191021949
HROV-vOTU43907	Smoking_Status	Never_Smoker	2.04412382018169	1.09880980553338	77	45	0.0669838495388869	0.620530191021949
HROV-vOTU49493	Smoking_Status	Former_Smoker	1.74283441786118	0.936257146465307	77	13	0.0668143384787588	0.620530191021949
HROV-vOTU32998	diagnosis	RA	-0.516272076244533	0.277241176637174	77	9	0.0667163458437843	0.620530191021949
HROV-vOTU04632	diagnosis	RA	-0.695692952962997	0.373741581325096	77	16	0.0668234096395609	0.620530191021949
HROV-vOTU65125	Age	Age	-0.255435978209705	0.137239482183341	77	8	0.066849890427737	0.620530191021949
HROV-vOTU02203	Smoking_Status	Former_Smoker	-2.22419633089785	1.19588243208676	77	73	0.0670452840569182	0.620849574519833
HROV-vOTU03454	diagnosis	RA	-0.958754366523016	0.515562045520016	77	73	0.0670810509193415	0.620931110398888
HROV-vOTU03839	diagnosis	RA	1.40749328272189	0.757089468411652	77	40	0.0671592936833213	0.621405598042142
HROV-vOTU00965	Smoking_Status	Never_Smoker	-1.62044946684338	0.871812068692976	77	23	0.0672125003296287	0.621648145619016
HROV-vOTU03578	Age	Age	-0.728075519612618	0.391750581017594	77	44	0.0672407009223944	0.62165931041459
HROV-vOTU32676	Age	Age	0.355216629699052	0.191192941526936	77	73	0.0673301707208834	0.622236690089063
HROV-vOTU43434	Age	Age	0.359747260782834	0.193757939318351	77	75	0.0675048521978487	0.623166885148684
HROV-vOTU02040	Smoking_Status	Former_Smoker	2.80453401813417	1.51039253996158	77	67	0.0674845682157993	0.623166885148684
HROV-vOTU43992	Sex	M	0.860574440557441	0.463513134088053	77	16	0.0675120008009538	0.623166885148684
HROV-vOTU28970	Smoking_Status	Former_Smoker	-2.89592451427372	1.56028206764137	77	24	0.0675997897249378	0.62347743586917
HROV-vOTU01625	Smoking_Status	Former_Smoker	3.05436865962415	1.64562064565319	77	66	0.0675950940609643	0.62347743586917
HROV-vOTU17802	Smoking_Status	Former_Smoker	0.78641346679283	0.424831977218	77	76	0.068312061624262	0.623891011372113
HROV-vOTU15831	Age	Age	-0.394197550000383	0.212700768242134	77	74	0.0679950540100285	0.623891011372113
HROV-vOTU05208	Smoking_Status	Never_Smoker	1.50551816527466	0.812172654983557	77	74	0.0679376058760338	0.623891011372113
HROV-vOTU10197	Age	Age	-0.473257551460739	0.255683458169769	77	72	0.0683361754145979	0.623891011372113
HROV-vOTU03693	Age	Age	0.627214955003974	0.338443787371663	77	71	0.0680043473370036	0.623891011372113
HROV-vOTU19481	Smoking_Status	Never_Smoker	1.79545523250659	0.969271751287654	77	38	0.0681288154513626	0.623891011372113
HROV-vOTU52786	Age	Age	1.09483043152194	0.591702387791785	77	60	0.0684302516164115	0.623891011372113
HROV-vOTU16732	diagnosis	RA	1.10246521911783	0.595512085804025	77	61	0.0682868650050756	0.623891011372113
HROV-vOTU34240	diagnosis	RA	-1.02361276544167	0.552943524284918	77	55	0.0682989118866764	0.623891011372113
HROV-vOTU73506	Sex	M	2.08704374782418	1.12624588603738	77	58	0.0680238754080895	0.623891011372113
HROV-vOTU03889	Age	Age	-0.490789840177142	0.264754567161076	77	29	0.0679286505628672	0.623891011372113
HROV-vOTU02863	diagnosis	RA	0.524488774549986	0.28315692970128	77	10	0.0681412317471596	0.623891011372113
HROV-vOTU15775	Smoking_Status	Former_Smoker	-2.24145246037203	1.20947138726566	77	55	0.0680018231434148	0.623891011372113
HROV-vOTU55097	diagnosis	RA	0.750968204682179	0.404907354883131	77	8	0.0677963912781978	0.623891011372113
HROV-vOTU46449	Smoking_Status	Never_Smoker	1.93170004414888	1.04387616401946	77	38	0.0684009296499965	0.623891011372113
HROV-vOTU34520	diagnosis	RA	-0.97884178787202	0.528525062601223	77	47	0.0681797422860648	0.623891011372113
HROV-vOTU24068	Sex	M	1.44348352843338	0.780013346340673	77	68	0.0683890649839607	0.623891011372113
HROV-vOTU29546	Sex	M	1.39705369785619	0.754925371763152	77	66	0.0683895131549138	0.623891011372113
HROV-vOTU19602	Smoking_Status	Never_Smoker	1.7398056354196	0.939096054089744	77	24	0.0680905669404629	0.623891011372113
HROV-vOTU58716	Smoking_Status	Never_Smoker	0.692246387425578	0.373244692615404	77	9	0.0677956661136889	0.623891011372113
HROV-vOTU72472	Sex	M	0.448811489515069	0.242477392907136	77	8	0.06833754731945	0.623891011372113
HROV-vOTU51360	Smoking_Status	Never_Smoker	1.25818192122065	0.678080697554115	77	21	0.0676751578162919	0.623891011372113
HROV-vOTU17559	Smoking_Status	Former_Smoker	2.54801084384797	1.3764710870185	77	50	0.0683117911985207	0.623891011372113
HROV-vOTU49493	Age	Age	-0.367723927462121	0.19865026395514301	77	13	0.0683126824699919	0.623891011372113
HROV-vOTU43627	Smoking_Status	Former_Smoker	0.877678767982994	0.474176636722228	77	9	0.0683358526189375	0.623891011372113
HROV-vOTU55100	diagnosis	RA	-0.638004718393459	0.344441171944971	77	20	0.0681413375721207	0.623891011372113
HROV-vOTU23074	diagnosis	RA	0.670671604275975	0.362463449020169	77	12	0.0684289076191701	0.623891011372113
HROV-vOTU12643	Smoking_Status	Never_Smoker	1.37799571873265	0.743438763350948	77	10	0.067959256925332	0.623891011372113
HROV-vOTU47048	diagnosis	RA	0.352209874995203	0.189995996355696	77	9	0.0679255706231887	0.623891011372113
HROV-vOTU45866	Sex	M	1.58820535213314	0.8585810011388	77	12	0.0685037329838511	0.624066839643232
HROV-vOTU63062	Age	Age	-0.282952248501272	0.152951611778485	77	9	0.0684827639605286	0.624066839643232
HROV-vOTU67333	Sex	M	1.25761038020081	0.680183298565531	77	66	0.0686314751581291	0.624983342385019
HROV-vOTU14455	Smoking_Status	Never_Smoker	1.53239614749619	0.828946217618443	77	70	0.068678473825765	0.625066263617697
HROV-vOTU24010	Smoking_Status	Never_Smoker	1.11150872411874	0.601355012990649	77	15	0.0687175791634857	0.625066263617697
HROV-vOTU50000	Age	Age	-0.521732663371823	0.282275501969649	77	12	0.068722005188016	0.625066263617697
HROV-vOTU46686	Age	Age	-0.475145703551517	0.257188450292503	77	73	0.0688464051827949	0.625703516716561
HROV-vOTU25355	Smoking_Status	Never_Smoker	1.57221469675248	0.85099303069225	77	37	0.0688398522693993	0.625703516716561
HROV-vOTU38863	Age	Age	-0.322092212148461	0.174438308557049	77	13	0.0689943568766886	0.626800804288024
HROV-vOTU43272	diagnosis	RA	-1.18539302129647	0.64221881410921	77	51	0.0690937345286934	0.627208792351521
HROV-vOTU03004	Sex	M	1.0059637668917	0.544990597794939	77	64	0.069084990071443	0.627208792351521
HROV-vOTU00652	Age	Age	-0.534243721271808	0.289558083548783	77	72	0.0692035793131267	0.627266898039578
HROV-vOTU02021	Smoking_Status	Never_Smoker	1.53062965002989	0.829530625347718	77	73	0.0691823263809789	0.627266898039578
HROV-vOTU00144	Smoking_Status	Former_Smoker	2.28897514920797	1.24163271239515	77	74	0.0694264489962179	0.627266898039578
HROV-vOTU19048	Smoking_Status	Never_Smoker	1.78741850133154	0.969539037989265	77	70	0.0694182879616507	0.627266898039578
HROV-vOTU51845	Smoking_Status	Never_Smoker	-0.621838963732506	0.337163475839821	77	8	0.0693077108828681	0.627266898039578
HROV-vOTU06759	Smoking_Status	Never_Smoker	1.31275639580063	0.712139659147384	77	22	0.0694446082592436	0.627266898039578
HROV-vOTU03709	Smoking_Status	Never_Smoker	1.38046312843427	0.7487963383615	77	21	0.0694181934470671	0.627266898039578
HROV-vOTU01119	Smoking_Status	Former_Smoker	1.95200512198423	1.05848478332736	77	28	0.0693334407948432	0.627266898039578
HROV-vOTU70337	Smoking_Status	Never_Smoker	-1.33516358754266	0.723466111581888	77	10	0.0691331641829571	0.627266898039578
HROV-vOTU09885	Smoking_Status	Former_Smoker	-0.891648758824968	0.483668599599028	77	9	0.0694277126967243	0.627266898039578
HROV-vOTU14997	diagnosis	RA	0.813467199647558	0.441085505708413	77	14	0.0693203320744974	0.627266898039578
HROV-vOTU58927	Smoking_Status	Never_Smoker	0.990658098368181	0.537339383396353	77	12	0.0694094028020454	0.627266898039578
HROV-vOTU74482	Smoking_Status	Never_Smoker	1.28503696487502	0.697127108054522	77	17	0.0694542158055112	0.627266898039578
HROV-vOTU72545	Sex	M	0.86882123192131	0.471445852253702	77	8	0.0695201091100475	0.627369950158462
HROV-vOTU16037	Smoking_Status	Former_Smoker	-2.21260347672831	1.20061329838586	77	32	0.0695189578716501	0.627369950158462
HROV-vOTU37133	Smoking_Status	Never_Smoker	-1.62482597949334	0.885564787320085	77	27	0.0707259225054587	0.627579864471532
HROV-vOTU10130	Age	Age	-0.491128046064429	0.267144117573964	77	72	0.0701804480353691	0.627579864471532
HROV-vOTU73912	Age	Age	-0.461766716946282	0.251663994316978	77	73	0.0707163994104832	0.627579864471532
HROV-vOTU72092	Smoking_Status	Former_Smoker	-2.35448724794341	1.28403676732967	77	38	0.0708956603551354	0.627579864471532
HROV-vOTU65965	Smoking_Status	Former_Smoker	-1.82709365506744	0.996849768572678	77	77	0.0710148991234396	0.627579864471532
HROV-vOTU11370	Age	Age	-0.469767841162382	0.256160454880512	77	70	0.0708624630271608	0.627579864471532
HROV-vOTU16890	Smoking_Status	Former_Smoker	1.36163581496137	0.742669252901561	77	74	0.0709295313203214	0.627579864471532
HROV-vOTU22790	Sex	M	0.684740277551835	0.372720684591406	77	67	0.0703741363425267	0.627579864471532
HROV-vOTU66091	Sex	M	1.41946377391792	0.772435223969686	77	70	0.0702984123541551	0.627579864471532
HROV-vOTU26706	diagnosis	RA	0.826565624234174	0.449397017322859	77	57	0.0700555662045331	0.627579864471532
HROV-vOTU09847	Age	Age	0.597749194221355	0.324856404497974	77	55	0.0699419096108959	0.627579864471532
HROV-vOTU06011	Smoking_Status	Never_Smoker	1.52069244776281	0.828428256753023	77	33	0.070599251287133	0.627579864471532
HROV-vOTU23300	diagnosis	RA	-1.23636480747328	0.674422959481365	77	66	0.0709620609236429	0.627579864471532
HROV-vOTU23300	Smoking_Status	Former_Smoker	2.99020461516674	1.62625198875597	77	66	0.0701401084322111	0.627579864471532
HROV-vOTU60343	Age	Age	0.841803631041222	0.457983867499894	77	60	0.0702363020157703	0.627579864471532
HROV-vOTU13816	Sex	M	1.03128447104399	0.561842840229236	77	70	0.0706137239859129	0.627579864471532
HROV-vOTU03133	Sex	M	1.36217290772279	0.739749869446894	77	26	0.0697407208404837	0.627579864471532
HROV-vOTU49591	diagnosis	RA	0.745707203341791	0.405820185442639	77	16	0.070315812954445	0.627579864471532
HROV-vOTU59611	Smoking_Status	Never_Smoker	2.23661288999033	1.21764659678489	77	40	0.0704201604091054	0.627579864471532
HROV-vOTU30335	Smoking_Status	Never_Smoker	2.00216388936061	1.08875719931806	77	29	0.0701050972005622	0.627579864471532
HROV-vOTU19773	Smoking_Status	Never_Smoker	1.38613844614524	0.754401290922914	77	23	0.0703350838918353	0.627579864471532
HROV-vOTU53362	diagnosis	RA	0.687840246018851	0.374298696393328	77	14	0.0702939757477144	0.627579864471532
HROV-vOTU04413	Sex	M	1.32672272156495	0.723730264252287	77	42	0.0709689540610455	0.627579864471532
HROV-vOTU19142	Age	Age	-0.549460053859086	0.299704556946362	77	61	0.0709439708720306	0.627579864471532
HROV-vOTU45112	Sex	M	1.55446277770817	0.844299584585257	77	52	0.0697807018048198	0.627579864471532
HROV-vOTU75616	Age	Age	-0.325497943563403	0.177555159185218	77	17	0.0709616385653633	0.627579864471532
HROV-vOTU14865	Smoking_Status	Former_Smoker	2.39466170410978	1.29967767198605	77	26	0.0695766545321576	0.627579864471532
HROV-vOTU71479	Smoking_Status	Never_Smoker	1.44044954979078	0.78234398374777	77	57	0.06977029278847	0.627579864471532
HROV-vOTU19022	diagnosis	RA	-1.73908609620996	0.946699568449804	77	37	0.0703952929708215	0.627579864471532
HROV-vOTU04737	Smoking_Status	Former_Smoker	1.97275441456062	1.07307050155953	77	20	0.07018319407	0.627579864471532
HROV-vOTU37055	Age	Age	0.356632715895762	0.19417944896833	77	17	0.0704528157574909	0.627579864471532
HROV-vOTU47918	Smoking_Status	Never_Smoker	0.896166399918277	0.488212481649475	77	18	0.0706034976478507	0.627579864471532
HROV-vOTU54100	Smoking_Status	Former_Smoker	2.28276025509338	1.23968123769789	77	46	0.0697388770683877	0.627579864471532
HROV-vOTU21431	Smoking_Status	Former_Smoker	2.88844198206918	1.57382444501103	77	62	0.0706493561944049	0.627579864471532
HROV-vOTU60075	Smoking_Status	Former_Smoker	1.74852392311058	0.953675953593196	77	44	0.0709262146960873	0.627579864471532
HROV-vOTU15782	Smoking_Status	Former_Smoker	1.93707688511839	1.0519472207476	77	55	0.0697372212656742	0.627579864471532
HROV-vOTU01617	diagnosis	RA	0.916357461721175	0.498787581649719	77	20	0.0703697703725397	0.627579864471532
HROV-vOTU31353	Smoking_Status	Never_Smoker	1.36243954432948	0.742956222490809	77	23	0.0708733648463303	0.627579864471532
HROV-vOTU12872	diagnosis	RA	-0.839546100631306	0.45728267815332	77	30	0.0705528442751399	0.627579864471532
HROV-vOTU20831	Smoking_Status	Former_Smoker	1.02659373126596	0.55809561815139	77	10	0.0700285671586054	0.627579864471532
HROV-vOTU21563	Smoking_Status	Never_Smoker	1.84692347331072	1.00287022010989	77	22	0.0697050046179514	0.627579864471532
HROV-vOTU07170	Smoking_Status	Former_Smoker	1.59661514940628	0.868171539794793	77	28	0.0700886308576296	0.627579864471532
HROV-vOTU57098	Sex	M	0.768371471914452	0.417987848647336	77	17	0.0702066626389792	0.627579864471532
HROV-vOTU33217	Smoking_Status	Former_Smoker	1.72008431545394	0.938377010095699	77	21	0.070988677829721	0.627579864471532
HROV-vOTU54132	Age	Age	-0.263258025283717	0.143037528506263	77	11	0.0698764051628402	0.627579864471532
HROV-vOTU67101	Smoking_Status	Never_Smoker	0.736123571221232	0.400847148025443	77	12	0.0704819014666991	0.627579864471532
HROV-vOTU42122	Smoking_Status	Never_Smoker	1.07178815049758	0.583038295981553	77	12	0.07020395276713	0.627579864471532
HROV-vOTU74047	Sex	M	-1.12779923066504	0.613734450861613	77	14	0.0703053291622524	0.627579864471532
HROV-vOTU55100	Age	Age	-0.323752727901788	0.176223796400453	77	20	0.0703700262516663	0.627579864471532
HROV-vOTU71928	Smoking_Status	Never_Smoker	1.32732557240101	0.722120763594862	77	17	0.0702318743905154	0.627579864471532
HROV-vOTU04694	Sex	M	-0.901656416193586	0.491585867161161	77	11	0.070817745028368	0.627579864471532
HROV-vOTU51286	Age	Age	-0.487279745179639	0.26480654887370503	77	17	0.0699280120500841	0.627579864471532
HROV-vOTU54313	diagnosis	RA	0.40967162257685	0.223468613675542	77	12	0.0709588483204824	0.627579864471532
HROV-vOTU53278	Smoking_Status	Never_Smoker	1.05576696297323	0.5731106942349	77	11	0.0696262304282992	0.627579864471532
HROV-vOTU10338	Age	Age	-0.782582576668262	0.42713727077028	77	61	0.0711219213546799	0.627903901585829
HROV-vOTU01809	Age	Age	0.459825190991962	0.250950830791859	77	10	0.0710955904629801	0.627903901585829
HROV-vOTU37764	Sex	M	1.09988659376652	0.600348170279068	77	20	0.0711333599321506	0.627903901585829
HROV-vOTU45435	Smoking_Status	Former_Smoker	-1.76758763935573	0.96510273243202	77	12	0.0712207035565579	0.628296709674067
HROV-vOTU17126	diagnosis	RA	-0.643218880315947	0.351215751136166	77	12	0.0712350932685924	0.628296709674067
HROV-vOTU71176	diagnosis	RA	-0.613796236230249	0.335179994979912	77	14	0.0712597049790996	0.628296709674067
HROV-vOTU27473	Smoking_Status	Never_Smoker	0.929778392684043	0.507829938177491	77	8	0.0713138120666722	0.628533138880773
HROV-vOTU23163	Age	Age	-0.462277005379991	0.252770773264491	77	73	0.0716235178687944	0.628590500261664
HROV-vOTU28638	Age	Age	0.452406795857377	0.247399843963183	77	32	0.0716527201890601	0.628590500261664
HROV-vOTU70220	Age	Age	0.413859874505089	0.226339318267015	77	18	0.0716759541565002	0.628590500261664
HROV-vOTU01204	Smoking_Status	Never_Smoker	2.65600075119336	1.45234252513564	77	67	0.0716339212269341	0.628590500261664
HROV-vOTU37178	Smoking_Status	Never_Smoker	1.75633000285786	0.959651536903459	77	26	0.0714212230915424	0.628590500261664
HROV-vOTU49546	Smoking_Status	Never_Smoker	1.08183179309221	0.591600914544736	77	43	0.0716519506838477	0.628590500261664
HROV-vOTU22982	Smoking_Status	Former_Smoker	2.17323191743144	1.18790264590676	77	17	0.0715279240682255	0.628590500261664
HROV-vOTU45998	Smoking_Status	Never_Smoker	-1.32787583015089	0.725534617775772	77	29	0.0714169081461363	0.628590500261664
HROV-vOTU37099	Age	Age	-0.298439535732361	0.163211435083845	77	13	0.0716680000668889	0.628590500261664
HROV-vOTU48140	Smoking_Status	Never_Smoker	1.16549144917203	0.637466315121497	77	21	0.0717024422139554	0.628590500261664
HROV-vOTU03127	Sex	M	0.802982541779107	0.438755154230267	77	17	0.0714267591566557	0.628590500261664
HROV-vOTU22759	diagnosis	RA	0.765821231018344	0.418696579982078	77	13	0.0715899701301601	0.628590500261664
HROV-vOTU67200	Age	Age	-0.296980773973809	0.162355056073943	77	10	0.0715679343987598	0.628590500261664
HROV-vOTU55466	Smoking_Status	Never_Smoker	1.02692721712526	0.56123390568095	77	12	0.0714829328086015	0.628590500261664
HROV-vOTU53362	Sex	M	0.90288830787526	0.494011050959197	77	14	0.0718011725032945	0.629063300234506
HROV-vOTU53729	Smoking_Status	Never_Smoker	1.23651348263825	0.676576435565675	77	20	0.0718110037480033	0.629063300234506
HROV-vOTU35575	Smoking_Status	Former_Smoker	-1.34478012835349	0.735993882240255	77	14	0.0718781006410382	0.629411656944148
HROV-vOTU73241	Smoking_Status	Never_Smoker	2.06639177927935	1.13107124315128	77	35	0.0719128906942082	0.629476956551735
HROV-vOTU04367	Age	Age	-0.45832623012298	0.251072309823513	77	73	0.0721350185313718	0.629677789544026
HROV-vOTU00606	diagnosis	RA	-1.08611274393039	0.595032321850939	77	70	0.0721616523709383	0.629677789544026
HROV-vOTU07496	Smoking_Status	Former_Smoker	2.37673850839876	1.30221027358935	77	47	0.0721834979387248	0.629677789544026
HROV-vOTU15737	Age	Age	-0.430853173699167	0.23613328266695	77	64	0.0722657365694994	0.629677789544026
HROV-vOTU56971	Smoking_Status	Former_Smoker	3.664402669894	2.00731069994332	77	46	0.0721268795326842	0.629677789544026
HROV-vOTU75151	Age	Age	0.222484369984299	0.121905510058271	77	10	0.0721989641003979	0.629677789544026
HROV-vOTU57650	diagnosis	RA	0.795185916287534	0.435827580011616	77	19	0.0722773664810285	0.629677789544026
HROV-vOTU22458	Smoking_Status	Never_Smoker	1.50852185759784	0.826835869076138	77	25	0.0722912755342772	0.629677789544026
HROV-vOTU49134	Sex	M	1.81494095123614	0.993952137093156	77	46	0.0720573890006665	0.629677789544026
HROV-vOTU18567	Age	Age	-0.686712093133048	0.37606052502642	77	49	0.0720446281105395	0.629677789544026
HROV-vOTU66003	Sex	M	0.966956033694223	0.529973742210564	77	37	0.0722783900875882	0.629677789544026
HROV-vOTU34583	Smoking_Status	Never_Smoker	2.18530437620986	1.19671014250013	77	37	0.0720407742296738	0.629677789544026
HROV-vOTU39228	Smoking_Status	Never_Smoker	2.3639770422606	1.2942191083908	77	27	0.0719687409844125	0.629677789544026
HROV-vOTU05573	Smoking_Status	Former_Smoker	-3.06088347236641	1.67883805194804	77	30	0.0724803214956428	0.630608917281698
HROV-vOTU56302	Age	Age	0.379323991574188	0.208047322315749	77	14	0.0724737717413421	0.630608917281698
HROV-vOTU66044	Smoking_Status	Never_Smoker	0.787124734412193	0.431718353513322	77	12	0.0724770716862532	0.630608917281698
HROV-vOTU07216	Age	Age	-0.472832632503593	0.259367435032709	77	26	0.0725098934929121	0.630627963422117
HROV-vOTU53100	diagnosis	RA	0.926101393804444	0.509355484672715	77	27	0.0732543645773679	0.630647980794089
HROV-vOTU39035	Sex	M	1.98066146472893	1.08957166382255	77	52	0.0733081217100917	0.630647980794089
HROV-vOTU08918	diagnosis	RA	-0.869959840272336	0.478477940426262	77	15	0.073254536643991	0.630647980794089
HROV-vOTU49471	diagnosis	RA	0.815109854189315	0.449306033113749	77	71	0.0738791514300159	0.630647980794089
HROV-vOTU51810	Smoking_Status	Former_Smoker	-1.05918230305225	0.582987687387172	77	76	0.0734655266339794	0.630647980794089
HROV-vOTU40876	Age	Age	-0.300898107323061	0.16602512922917	77	77	0.0741577932890889	0.630647980794089
HROV-vOTU62317	Smoking_Status	Never_Smoker	1.75189215272959	0.964930479263851	77	67	0.073660019955811007	0.630647980794089
HROV-vOTU03454	Smoking_Status	Never_Smoker	1.59964092410691	0.880655353218037	77	73	0.0735269606710866	0.630647980794089
HROV-vOTU00403	Smoking_Status	Former_Smoker	4.85808027056717	2.68034069961499	77	59	0.0741388692924969	0.630647980794089
HROV-vOTU44933	Age	Age	-0.401022608909725	0.22016639334991	77	66	0.0727507032699777	0.630647980794089
HROV-vOTU50767	Age	Age	0.672764359341049	0.370700887708806	77	39	0.0737716612065507	0.630647980794089
HROV-vOTU11952	Smoking_Status	Never_Smoker	1.6647137269881	0.918869931689197	77	64	0.07426211914344	0.630647980794089
HROV-vOTU01529	Age	Age	0.73757157814276	0.406659835076467	77	52	0.0739448112584507	0.630647980794089
HROV-vOTU43992	diagnosis	RA	-0.639791948592493	0.351191256781569	77	16	0.072700951058614	0.630647980794089
HROV-vOTU75402	diagnosis	RA	-0.792218605732097	0.435552273917293	77	28	0.0731462696322282	0.630647980794089
HROV-vOTU52475	Smoking_Status	Never_Smoker	2.24310496915827	1.23452905584512	77	49	0.0734415923493155	0.630647980794089
HROV-vOTU67011	Smoking_Status	Never_Smoker	1.58575246495811	0.872674852244301	77	50	0.0734191492743265	0.630647980794089
HROV-vOTU59995	diagnosis	RA	-1.27938460188012	0.704697983494583	77	59	0.0736686184045166	0.630647980794089
HROV-vOTU42173	Age	Age	-0.535779490894926	0.294795885202037	77	58	0.0733662289736024	0.630647980794089
HROV-vOTU24682	Age	Age	-0.51947459183134	0.285067293800134	77	44	0.0726225145489022	0.630647980794089
HROV-vOTU71894	diagnosis	RA	0.961339289131482	0.530282744946144	77	26	0.0740773350265175	0.630647980794089
HROV-vOTU13293	Smoking_Status	Former_Smoker	-3.81416155533336	2.10572477562238	77	67	0.074319523225148	0.630647980794089
HROV-vOTU47257	diagnosis	RA	-1.07832649354502	0.595229637681668	77	67	0.0742750215150225	0.630647980794089
HROV-vOTU33272	Age	Age	-0.346650095394724	0.191300583304042	77	67	0.0742037850019357	0.630647980794089
HROV-vOTU73653	Age	Age	-0.536181020274939	0.29538991220769	77	45	0.0737220400721233	0.630647980794089
HROV-vOTU59223	Sex	M	1.04065912655009	0.572931078350669	77	25	0.0735337084537136	0.630647980794089
HROV-vOTU18806	Age	Age	-0.354915317898154	0.19538196935494	77	25	0.0735115784500325	0.630647980794089
HROV-vOTU68953	diagnosis	RA	-0.648089140945624	0.357672444457583	77	20	0.0742205755241901	0.630647980794089
HROV-vOTU58365	Age	Age	0.718590165663206	0.396278782178691	77	40	0.0740049374125526	0.630647980794089
HROV-vOTU51342	Smoking_Status	Former_Smoker	-2.31420850637281	1.27240422868988	77	14	0.0731639583020745	0.630647980794089
HROV-vOTU07984	diagnosis	RA	0.582935172261148	0.321565185877051	77	10	0.0740890263586148	0.630647980794089
HROV-vOTU73363	Age	Age	-0.675537741480612	0.372445011755095	77	44	0.073935342138001	0.630647980794089
HROV-vOTU44820	Sex	M	-0.772551043339158	0.425664586137539	77	9	0.07375847053522	0.630647980794089
HROV-vOTU21646	diagnosis	RA	0.854882836469894	0.471701242605889	77	19	0.0741617349111047	0.630647980794089
HROV-vOTU24790	diagnosis	RA	-0.998703194781813	0.548464988444811	77	42	0.0728346715159151	0.630647980794089
HROV-vOTU11572	Smoking_Status	Never_Smoker	0.907061504966692	0.498380963212108	77	19	0.0729715621043428	0.630647980794089
HROV-vOTU13689	Smoking_Status	Never_Smoker	1.32748991879529	0.730463970116032	77	42	0.0733870979925293	0.630647980794089
HROV-vOTU03404	Age	Age	-0.567666540237865	0.312204625808251	77	54	0.0732437501780258	0.630647980794089
HROV-vOTU12337	diagnosis	RA	-0.848217353959728	0.468223324089444	77	18	0.0742825959985725	0.630647980794089
HROV-vOTU13583	Smoking_Status	Never_Smoker	1.16791592533451	0.644352979446451	77	12	0.0741303683878622	0.630647980794089
HROV-vOTU25472	Smoking_Status	Never_Smoker	1.65963362935069	0.915368280228788	77	33	0.0740466336538057	0.630647980794089
HROV-vOTU57098	Age	Age	-0.294457951507072	0.162029764874078	77	17	0.0733896538703869	0.630647980794089
HROV-vOTU31244	Age	Age	-0.217269788243657	0.119482476872224	77	11	0.0732171334062074	0.630647980794089
HROV-vOTU74463	Age	Age	-0.388653313395625	0.213349385362927	77	15	0.0727164691793376	0.630647980794089
HROV-vOTU23140	Sex	M	1.41339474462418	0.780152822579297	77	27	0.0742632483865722	0.630647980794089
HROV-vOTU56492	diagnosis	RA	-1.10177038222417	0.605558792321506	77	21	0.073062271330498	0.630647980794089
HROV-vOTU07415	Smoking_Status	Never_Smoker	0.949126634488937	0.523453920614424	77	14	0.0740275437451563	0.630647980794089
HROV-vOTU10652	Age	Age	0.29331238478253	0.1609560580097	77	21	0.0726185527678226	0.630647980794089
HROV-vOTU08185	Age	Age	-0.214511105097619	0.117975840466053	77	15	0.0732419799383722	0.630647980794089
HROV-vOTU65849	Smoking_Status	Former_Smoker	1.86514975222581	1.02836978038875	77	27	0.0739503334029516	0.630647980794089
HROV-vOTU47851	Sex	M	0.531130407111568	0.293224274020209	77	10	0.0743170657642716	0.630647980794089
HROV-vOTU34381	Smoking_Status	Never_Smoker	1.46585788376441	0.807375529370697	77	22	0.0736568133877519	0.630647980794089
HROV-vOTU60104	Age	Age	-0.580342196474015	0.318516454829824	77	38	0.0726641218644976	0.630647980794089
HROV-vOTU64089	diagnosis	RA	-1.10547928213457	0.607894274357549	77	24	0.0731993983951641	0.630647980794089
HROV-vOTU00374	Age	Age	-0.81091402467878	0.447144609090773	77	30	0.0739747790361011	0.630647980794089
HROV-vOTU45180	Smoking_Status	Never_Smoker	1.1154377079889	0.615605186402096	77	14	0.0742246222834147	0.630647980794089
HROV-vOTU63599	Age	Age	-0.2507630939734	0.138409268056858	77	9	0.0742536927185085	0.630647980794089
HROV-vOTU58363	Smoking_Status	Never_Smoker	1.65852500917677	0.912875633457516	77	21	0.0734661249785473	0.630647980794089
HROV-vOTU31491	diagnosis	RA	-0.61351266971897	0.336943337242201	77	12	0.0728481238191512	0.630647980794089
HROV-vOTU73667	Smoking_Status	Never_Smoker	0.999987027748393	0.54868712805361	77	14	0.0725886188745063	0.630647980794089
HROV-vOTU05942	Smoking_Status	Former_Smoker	1.22609632740226	0.673387099205502	77	9	0.0728525485927337	0.630647980794089
HROV-vOTU10496	Age	Age	0.384456215891572	0.211418700136499	77	12	0.0732117251947267	0.630647980794089
HROV-vOTU20871	Age	Age	-0.466128615841215	0.255908096548665	77	14	0.0727481852050773	0.630647980794089
HROV-vOTU53278	Sex	M	0.803330520713202	0.442824683372328	77	11	0.0738865912657186	0.630647980794089
HROV-vOTU66047	diagnosis	RA	0.894264514613088	0.492784194672037	77	20	0.0737912236558642	0.630647980794089
HROV-vOTU48417	Smoking_Status	Never_Smoker	0.778683097912261	0.429194693191083	77	8	0.0738580231935462	0.630647980794089
HROV-vOTU05758	Sex	M	0.845048429048556	0.466797105375591	77	47	0.0744787654520757	0.631069156865821
HROV-vOTU58365	diagnosis	RA	-1.40242492599608	0.77455332899753	77	40	0.0744298999860461	0.631069156865821
HROV-vOTU14153	Age	Age	-0.472931083661413	0.261219201213082	77	25	0.0744530957568712	0.631069156865821
HROV-vOTU31042	Smoking_Status	Never_Smoker	1.93826259114753	1.07063979670843	77	33	0.0744684578725047	0.631069156865821
HROV-vOTU72092	diagnosis	RA	0.962657544795478	0.53250288558774606	77	38	0.07487347213202	0.631162541435
HROV-vOTU22379	Age	Age	-0.504081727601149	0.278808511100665	77	65	0.074843955420525	0.631162541435
HROV-vOTU41452	Sex	M	0.844434035190171	0.466987011654739	77	74	0.0748007477826909	0.631162541435
HROV-vOTU02488	Smoking_Status	Former_Smoker	2.50368119313698	1.38472860624651	77	71	0.0748312305002745	0.631162541435
HROV-vOTU69810	diagnosis	RA	-1.31312295751351	0.726013878000058	77	68	0.0747356069635459	0.631162541435
HROV-vOTU03083	Smoking_Status	Former_Smoker	-3.40373781921349	1.88278932710742	77	52	0.074870512614479	0.631162541435
HROV-vOTU38705	Age	Age	-0.460582946272765	0.254584720302883	77	68	0.0746603613695239	0.631162541435
HROV-vOTU50460	Sex	M	1.18416975431407	0.654800277282437	77	35	0.0747718314910803	0.631162541435
HROV-vOTU34175	Smoking_Status	Never_Smoker	1.36926462585932	0.757074154671843	77	20	0.0747431331082566	0.631162541435
HROV-vOTU05574	Age	Age	0.298031470952458	0.164725536120204	77	10	0.0746435730841082	0.631162541435
HROV-vOTU50051	Sex	M	1.59945982652675	0.884431462918166	77	44	0.0747691857723224	0.631162541435
HROV-vOTU13618	Smoking_Status	Former_Smoker	2.01618457767842	1.11456236852969	77	24	0.0746928006104338	0.631162541435
HROV-vOTU54503	Age	Age	0.332358302603111	0.183718040411797	77	9	0.0746739564354956	0.631162541435
HROV-vOTU26337	Age	Age	-0.266091692914674	0.147142263244567	77	10	0.0747791773471171	0.631162541435
HROV-vOTU13070	Smoking_Status	Never_Smoker	-1.61851716136148	0.895807949927233	77	69	0.0750356362850402	0.631604789343741
HROV-vOTU37858	Age	Age	0.789503114694473	0.436932140777774	77	47	0.075011075888894	0.631604789343741
HROV-vOTU49510	Smoking_Status	Never_Smoker	2.09946101359198	1.16168947576464	77	29	0.0749600113828387	0.631604789343741
HROV-vOTU51836	Smoking_Status	Never_Smoker	1.98160748714367	1.09668651675182	77	32	0.0750141734150116	0.631604789343741
HROV-vOTU16615	Sex	M	1.00623751206021	0.55754421748888	77	58	0.0753515560787203	0.63181648862314
HROV-vOTU24371	Sex	M	1.05627797190216	0.585615618601813	77	71	0.0755196787950828	0.63181648862314
HROV-vOTU35974	Age	Age	0.641921367137065	0.355424631578449	77	55	0.0751459011512238	0.63181648862314
HROV-vOTU66997	diagnosis	RA	-0.927107914177037	0.514064616933184	77	63	0.075554561778525	0.63181648862314
HROV-vOTU09476	diagnosis	RA	-1.06787604127847	0.59264253900658	77	66	0.0758079580056355	0.63181648862314
HROV-vOTU11952	Smoking_Status	Former_Smoker	2.33750947351587	1.29713295466932	77	64	0.0757810076993275	0.63181648862314
HROV-vOTU53569	Age	Age	-0.307292294525419	0.170226596039393	77	60	0.0752838270256948	0.63181648862314
HROV-vOTU66481	Smoking_Status	Former_Smoker	2.47421308421818	1.37333261569352	77	65	0.075851929503254	0.63181648862314
HROV-vOTU31580	Age	Age	-0.330110348519328	0.18323335351116	77	13	0.0758563869319576	0.63181648862314
HROV-vOTU35076	Smoking_Status	Never_Smoker	1.93267085508682	1.07213954563203	77	41	0.0756902381158269	0.63181648862314
HROV-vOTU59223	diagnosis	RA	0.784083957430706	0.434094248162054	77	25	0.075116879387537	0.63181648862314
HROV-vOTU68836	Smoking_Status	Former_Smoker	-1.80570101912009	1.00190237622076	77	16	0.0757470185317292	0.63181648862314
HROV-vOTU34371	diagnosis	RA	-0.883759749046619	0.490434446644966	77	67	0.0757913183015355	0.63181648862314
HROV-vOTU02658	Smoking_Status	Never_Smoker	1.44565666324302	0.801595828279266	77	23	0.0755564459112463	0.63181648862314
HROV-vOTU52970	Sex	M	0.802760459244537	0.444804869971841	77	12	0.0753546772397628	0.63181648862314
HROV-vOTU40120	Sex	M	1.79239627544942	0.993677285911191	77	18	0.0755044778723528	0.63181648862314
HROV-vOTU04551	Age	Age	-0.70979678414149	0.39325809484399	77	49	0.0753284416807823	0.63181648862314
HROV-vOTU47902	Smoking_Status	Former_Smoker	2.07150033415521	1.14895570128137	77	33	0.075640731053569	0.63181648862314
HROV-vOTU49542	diagnosis	RA	-0.910471024176626	0.504547895953786	77	49	0.0753893286943657	0.63181648862314
HROV-vOTU34569	Sex	M	1.31499067166731	0.72979490751853	77	38	0.0758120329063036	0.63181648862314
HROV-vOTU14109	Sex	M	1.46590598164769	0.813153786130112	77	10	0.0756725481971038	0.63181648862314
HROV-vOTU14109	Smoking_Status	Never_Smoker	1.90023481065975	1.05239646385504	77	10	0.0752157608596514	0.63181648862314
HROV-vOTU73958	Smoking_Status	Never_Smoker	1.27706029071893	0.707885010205807	77	18	0.0754649905270929	0.63181648862314
HROV-vOTU65044	diagnosis	RA	-0.44162618951774	0.244747208374751	77	11	0.0754068558972357	0.63181648862314
HROV-vOTU44701	diagnosis	RA	-0.878953788328524	0.486819735298516	77	11	0.0752354762512342	0.63181648862314
HROV-vOTU56590	Age	Age	-0.274472270802243	0.1522782975272	77	19	0.0757206335083208	0.63181648862314
HROV-vOTU06834	Smoking_Status	Former_Smoker	-1.32430190525011	0.734794262303311	77	10	0.0757464839328912	0.63181648862314
HROV-vOTU30231	Age	Age	-0.234413008208518	0.129967934643015	77	10	0.0755328955805813	0.63181648862314
HROV-vOTU15157	Age	Age	-0.240507848508077	0.133381178824274	77	8	0.0756058367412023	0.63181648862314
HROV-vOTU22926	diagnosis	RA	-0.752613233581242	0.417827501888527	77	64	0.0759090368878725	0.63202643511486
HROV-vOTU04981	Smoking_Status	Former_Smoker	-2.13546369356128	1.18587744776095	77	74	0.0759898833134616	0.632361448121965
HROV-vOTU45833	Age	Age	0.466249316732559	0.258952973910133	77	67	0.0760262642810749	0.632361448121965
HROV-vOTU13956	Smoking_Status	Never_Smoker	1.71087191613959	0.950229132110304	77	26	0.0760316478441042	0.632361448121965
HROV-vOTU67177	Age	Age	-0.655231830300145	0.363957136711823	77	54	0.0760609910276328	0.63237712034887394
HROV-vOTU52091	Smoking_Status	Never_Smoker	2.21833673686047	1.23505931205268	77	68	0.0767268133557184	0.63244316742677
HROV-vOTU08682	Smoking_Status	Never_Smoker	2.73689275165295	1.52934315464005	77	41	0.0777846973850164	0.63244316742677
HROV-vOTU02260	Age	Age	-0.455917803272073	0.253946630499175	77	73	0.0768567447319415	0.63244316742677
HROV-vOTU00682	Age	Age	-0.449474402757665	0.250218296450382	77	74	0.0766961066903318	0.63244316742677
HROV-vOTU04802	Smoking_Status	Never_Smoker	1.44435442483096	0.804401891460653	77	74	0.0768191289211169	0.63244316742677
HROV-vOTU45763	Smoking_Status	Never_Smoker	-2.3189491421358	1.29152718847703	77	31	0.0768277829661529	0.63244316742677
HROV-vOTU13507	Smoking_Status	Former_Smoker	-1.94095210512585	1.08416993097692	77	28	0.0776745665681283	0.63244316742677
HROV-vOTU38389	Sex	M	1.69822901936797	0.944584440438128	77	52	0.0764509583311173	0.63244316742677
HROV-vOTU40626	Smoking_Status	Never_Smoker	1.98813545492185	1.11077294112046	77	52	0.0777393012429952	0.63244316742677
HROV-vOTU17949	Smoking_Status	Former_Smoker	2.89577056038431	1.6102297684933	77	67	0.0763709060872117	0.63244316742677
HROV-vOTU02038	Age	Age	0.69246598205501	0.385489145156411	77	64	0.0766958485952202	0.63244316742677
HROV-vOTU02440	diagnosis	RA	-1.28765893805342	0.719002432245883	77	68	0.0775722737948076	0.63244316742677
HROV-vOTU55105	Smoking_Status	Never_Smoker	-1.81934953405336	1.01316630501124	77	38	0.0767960628472266	0.63244316742677
HROV-vOTU59173	Smoking_Status	Never_Smoker	1.76770731821479	0.982316671315854	77	67	0.0761838935954856	0.63244316742677
HROV-vOTU02992	diagnosis	RA	-1.12847335368801	0.629281518240157	77	67	0.0771880242515117	0.63244316742677
HROV-vOTU49879	Age	Age	-0.505284999557409	0.280949574779634	77	74	0.0763498923453868	0.63244316742677
HROV-vOTU02712	Age	Age	-0.516618858991775	0.288314413319526	77	70	0.0774163909799933	0.63244316742677
HROV-vOTU23716	diagnosis	RA	-0.847194286225227	0.473112804466869	77	62	0.0776071398793081	0.63244316742677
HROV-vOTU09659	diagnosis	RA	-1.04796859997219	0.585467815161671	77	55	0.0777228669747543	0.63244316742677
HROV-vOTU12141	Smoking_Status	Former_Smoker	-3.26920952560946	1.82723062833322	77	56	0.0778539461422012	0.63244316742677
HROV-vOTU09923	diagnosis	RA	-1.47220621414568	0.818823770375589	77	30	0.0764358923063715	0.63244316742677
HROV-vOTU63559	diagnosis	RA	-0.803477214373388	0.4484901423504	77	28	0.0774719603766367	0.63244316742677
HROV-vOTU11625	Smoking_Status	Former_Smoker	-2.71257175666979	1.51156820055445	77	32	0.0769835056358367	0.63244316742677
HROV-vOTU75402	Sex	M	1.02958812886365	0.574855426051079	77	28	0.0775492862511667	0.63244316742677
HROV-vOTU29421	Age	Age	-0.503864598245351	0.281404900672827	77	56	0.0776312885603435	0.63244316742677
HROV-vOTU65815	Smoking_Status	Never_Smoker	1.42203450441741	0.791794124895036	77	63	0.0767545734575733	0.63244316742677
HROV-vOTU14202	Age	Age	-0.684168704035075	0.381258204567489	77	50	0.0769898150067396	0.63244316742677
HROV-vOTU01537	diagnosis	RA	0.88854251953507	0.495476544175498	77	22	0.0771821716442148	0.63244316742677
HROV-vOTU70413	Age	Age	0.613582351278584	0.341753632095847	77	66	0.0768463596228048	0.63244316742677
HROV-vOTU11934	Smoking_Status	Former_Smoker	3.26537678859532	1.82405369601924	77	67	0.0776891307538742	0.63244316742677
HROV-vOTU33018	Age	Age	-0.640109253239013	0.357767269915515	77	52	0.0778511948324275	0.63244316742677
HROV-vOTU35575	Sex	M	0.721206369597753	0.402844148710897	77	14	0.07767120096417	0.63244316742677
HROV-vOTU37335	Smoking_Status	Never_Smoker	-1.32445765189663	0.737842835069939	77	12	0.0769032064523519	0.63244316742677
HROV-vOTU34645	Smoking_Status	Former_Smoker	2.47427390152249	1.37945244558228	77	65	0.0771249300902227	0.63244316742677
HROV-vOTU74285	Age	Age	-0.544569472215412	0.304016375099939	77	59	0.0775149340928535	0.63244316742677
HROV-vOTU13262	Sex	M	1.21608349794162	0.676542586044154	77	32	0.0765087705674528	0.63244316742677
HROV-vOTU15004	Sex	M	1.54828713364977	0.864205552182704	77	33	0.0774627532049544	0.63244316742677
HROV-vOTU29180	Age	Age	-0.459457315185021	0.256208832244636	77	55	0.0771848647177405	0.63244316742677
HROV-vOTU00029	Smoking_Status	Never_Smoker	1.14401177037284	0.637935605834546	77	14	0.0771831477699338	0.63244316742677
HROV-vOTU41053	Sex	M	0.722613362177501	0.402529606747768	77	12	0.0768806354415666	0.63244316742677
HROV-vOTU08175	Smoking_Status	Never_Smoker	1.47756474022176	0.825714985028595	77	27	0.0778091159208742	0.63244316742677
HROV-vOTU75404	diagnosis	RA	0.602256451833396	0.336005805996251	77	12	0.077329130382705	0.63244316742677
HROV-vOTU16410	Smoking_Status	Former_Smoker	-3.04188446484887	1.69178181993368	77	34	0.076422536157760207	0.63244316742677
HROV-vOTU61225	Smoking_Status	Former_Smoker	-2.54333860405863	1.42063431560652	77	33	0.077671609822696	0.63244316742677
HROV-vOTU37908	Sex	M	1.35705229090473	0.754523306912511	77	66	0.0763393654125404	0.63244316742677
HROV-vOTU30073	Smoking_Status	Never_Smoker	1.8326916816	1.0191839456354	77	57	0.0763970463127818	0.63244316742677
HROV-vOTU12978	Sex	M	1.78955869508697	0.997365139094224	77	44	0.0770245806716982	0.63244316742677
HROV-vOTU36381	Sex	M	0.736310550002555	0.409554905376131	77	17	0.0764553186692605	0.63244316742677
HROV-vOTU12871	Sex	M	0.957925198331394	0.533575346078356	77	14	0.0768622313709976	0.63244316742677
HROV-vOTU24353	Smoking_Status	Former_Smoker	2.813392191404	1.56524552024389	77	49	0.0765223285124048	0.63244316742677
HROV-vOTU22959	Smoking_Status	Former_Smoker	1.71171417873606	0.951100549030157	77	67	0.0761534912667129	0.63244316742677
HROV-vOTU28184	Smoking_Status	Never_Smoker	1.21841321291655	0.678792929533731	77	18	0.0769144594683941	0.63244316742677
HROV-vOTU67216	Age	Age	-0.810277091541232	0.450289222550159	77	61	0.0761950304246625	0.63244316742677
HROV-vOTU06882	Sex	M	1.15827964879364	0.647099477389003	77	35	0.0777247854191714	0.63244316742677
HROV-vOTU22859	Age	Age	-0.302310550612537	0.168441343325658	77	11	0.0769494978961315	0.63244316742677
HROV-vOTU12645	Smoking_Status	Former_Smoker	2.31291269569819	1.29166845908518	77	27	0.0776139113119982	0.63244316742677
HROV-vOTU63563	Age	Age	-0.524919162890762	0.292539951674232	77	26	0.0770142788963393	0.63244316742677
HROV-vOTU25231	Sex	M	0.862474726162141	0.481043370207421	77	43	0.0772441338638632	0.63244316742677
HROV-vOTU32744	Sex	M	0.997776539959188	0.55603366320106	77	20	0.0769976685490712	0.63244316742677
HROV-vOTU48283	Sex	M	-0.677579319264522	0.376841441627551	77	12	0.0764204659413437	0.63244316742677
HROV-vOTU28790	diagnosis	RA	-0.44908036357408	0.249601020885626	77	10	0.0762375697818535	0.63244316742677
HROV-vOTU11407	Smoking_Status	Never_Smoker	1.78189706587888	0.994550717421703	77	18	0.0774485823193226	0.63244316742677
HROV-vOTU08459	Smoking_Status	Never_Smoker	1.13529968248549	0.632840202654686	77	9	0.0770747104731148	0.63244316742677
HROV-vOTU02636	Smoking_Status	Never_Smoker	0.959915253743227	0.535982808862491	77	8	0.0775645591942361	0.63244316742677
HROV-vOTU30746	Age	Age	-0.348341126183433	0.194665528294231	77	11	0.0778095534975173	0.63244316742677
HROV-vOTU03533	Age	Age	0.634209238681558	0.354652752013222	77	53	0.0780014399296046	0.632836667545221
HROV-vOTU08682	Sex	M	2.11318026089417	1.1816755559329	77	41	0.0779953648276737	0.632836667545221
HROV-vOTU05922	Smoking_Status	Never_Smoker	1.49539069495847	0.836764548619217	77	69	0.0781877929702169	0.632836667545221
HROV-vOTU65851	diagnosis	RA	0.979446340750719	0.547920216077793	77	20	0.0781126914334666	0.632836667545221
HROV-vOTU12747	Smoking_Status	Never_Smoker	0.773351966983966	0.432857331000965	77	9	0.0782676784434012	0.632836667545221
HROV-vOTU71984	diagnosis	RA	-1.31534865413157	0.73627044650637	77	63	0.0782870892677522	0.632836667545221
HROV-vOTU19375	Smoking_Status	Former_Smoker	1.82604205413666	1.02145831875824	77	19	0.0780947128473209	0.632836667545221
HROV-vOTU01979	Age	Age	-0.680177965842244	0.380630336869617	77	40	0.0782094356230477	0.632836667545221
HROV-vOTU50822	Smoking_Status	Former_Smoker	3.07270018595516	1.71822309020832	77	18	0.0779937948988439	0.632836667545221
HROV-vOTU04911	Sex	M	1.4462490616819	0.809531892511027	77	41	0.0782833205777689	0.632836667545221
HROV-vOTU01630	Sex	M	0.53032720073933	0.29675419591844	77	9	0.0781907243470841	0.632836667545221
HROV-vOTU12310	Smoking_Status	Former_Smoker	1.20367346639648	0.673436642913733	77	9	0.0781471632553734	0.632836667545221
HROV-vOTU48788	Sex	M	0.635497466539579	0.35546392430925	77	10	0.0780758212299728	0.632836667545221
HROV-vOTU06178	diagnosis	RA	-0.666991918819438	0.373311988130941	77	8	0.078256786902258	0.632836667545221
HROV-vOTU01367	diagnosis	RA	0.681243747590373	0.381390619227134	77	10	0.0783347825039461	0.63300001440908
HROV-vOTU43253	Smoking_Status	Former_Smoker	-3.68745963331439	2.06599085883704	77	38	0.0785591413566914	0.633054039058058
HROV-vOTU00617	Sex	M	1.13419488548747	0.635421502512056	77	34	0.0785410402403948	0.633054039058058
HROV-vOTU65815	diagnosis	RA	0.82741697315454	0.46354001843051	77	63	0.0785333596313377	0.633054039058058
HROV-vOTU59704	diagnosis	RA	1.0291771923636	0.576680719581305	77	39	0.0785888622521488	0.633054039058058
HROV-vOTU34151	Smoking_Status	Former_Smoker	3.05945779021939	1.71429791127324	77	66	0.0785865410899698	0.633054039058058
HROV-vOTU73110	Sex	M	1.040498418112	0.582999418697943	77	66	0.078576355274003	0.633054039058058
HROV-vOTU22458	Age	Age	-0.44227657738897	0.24765309626834	77	25	0.0783901216344659	0.633054039058058
HROV-vOTU08459	Sex	M	0.873141524096062	0.488975803775493	77	9	0.0784256875364661	0.633054039058058
HROV-vOTU32933	Smoking_Status	Never_Smoker	0.97630661057243	0.546751251660667	77	10	0.0784262450837557	0.633054039058058
HROV-vOTU25255	Smoking_Status	Former_Smoker	3.09490440011022	1.73464235986504	77	15	0.0786679313325029	0.633469391114525
HROV-vOTU44282	Smoking_Status	Former_Smoker	-1.76024533841638	0.986925566369572	77	15	0.0787679757073852	0.63405329623945506
HROV-vOTU00482	Age	Age	-0.460111656282712	0.258233567903894	77	73	0.0790636749090725	0.634321343957909
HROV-vOTU55030	Age	Age	-0.45647510912812	0.256211877707982	77	73	0.0790857614519964	0.634321343957909
HROV-vOTU03709	Sex	M	1.03098452687465	0.578571478042222	77	21	0.079033563239814	0.634321343957909
HROV-vOTU31955	diagnosis	RA	-1.19984420421434	0.673393998659689	77	62	0.0790602461941203	0.634321343957909
HROV-vOTU06274	Sex	M	-1.29239654009809	0.725017995108367	77	32	0.0789310445997906	0.634321343957909
HROV-vOTU12682	Age	Age	-0.399669102300371	0.224261594985135	77	18	0.0789994382129965	0.634321343957909
HROV-vOTU24158	Smoking_Status	Never_Smoker	1.67350578217843	0.938562899513261	77	37	0.0788522297466959	0.634321343957909
HROV-vOTU64540	diagnosis	RA	-0.459450804572537	0.257822499983704	77	10	0.079017982823126	0.634321343957909
HROV-vOTU13318	Age	Age	-0.264292896760151	0.148352550823072	77	10	0.0791042509703479	0.634321343957909
HROV-vOTU24290	Smoking_Status	Never_Smoker	1.56949601491352	0.880438469106543	77	14	0.0789214585629227	0.634321343957909
HROV-vOTU04053	Sex	M	0.426687300173872	0.239454097342609	77	8	0.079038751439598	0.634321343957909
HROV-vOTU74139	Age	Age	0.814308155704232	0.457513140664474	77	48	0.0793783151842498	0.634807445052675
HROV-vOTU07510	Age	Age	-0.423705462770115	0.238174967271557	77	73	0.0795254616179634	0.634807445052675
HROV-vOTU31711	Sex	M	0.547729334766231	0.307791105427714	77	71	0.0794292806276522	0.634807445052675
HROV-vOTU32166	Sex	M	1.62447178757435	0.913115793631711	77	65	0.0795130144763576	0.634807445052675
HROV-vOTU68660	diagnosis	RA	-1.0243179751872	0.575477149126254	77	42	0.0793637632115291	0.634807445052675
HROV-vOTU47873	Smoking_Status	Never_Smoker	1.86748455228739	1.04942320093351	77	36	0.0794317042946122	0.634807445052675
HROV-vOTU09021	Smoking_Status	Former_Smoker	2.45717260710282	1.3813104513034	77	38	0.0795414421321521	0.634807445052675
HROV-vOTU29180	Sex	M	1.17608447545471	0.660941393561908	77	55	0.0794525568775529	0.634807445052675
HROV-vOTU06912	Smoking_Status	Never_Smoker	1.77857068649084	0.999863074324504	77	37	0.0795507723153287	0.634807445052675
HROV-vOTU28099	Sex	M	-0.852111489677254	0.478506494616876	77	10	0.079227190181773	0.634807445052675
HROV-vOTU37067	Smoking_Status	Former_Smoker	-1.7542332106609	0.985928265369048	77	19	0.0794752841956813	0.634807445052675
HROV-vOTU40120	Smoking_Status	Never_Smoker	2.2887304326365	1.28603282643842	77	18	0.0794071699079453	0.634807445052675
HROV-vOTU59771	Smoking_Status	Never_Smoker	-1.19091224735248	0.668808198027978	77	12	0.0792477555119575	0.634807445052675
HROV-vOTU53162	Smoking_Status	Never_Smoker	1.27965551857753	0.718738335617359	77	26	0.0792855719257482	0.634807445052675
HROV-vOTU39549	Age	Age	-0.715666776508248	0.402449992877537	77	58	0.0796400377281451	0.635299642840035
HROV-vOTU31976	Sex	M	1.08957128674742	0.612779686591081	77	55	0.0796723512650669	0.635337344056264
HROV-vOTU70173	Age	Age	-0.448612737378596	0.252368507455961	77	64	0.0797502772944982	0.635738624469468
HROV-vOTU29144	Age	Age	-0.777942759779278	0.437705187343821	77	64	0.0797981275407013	0.635873115694148
HROV-vOTU36178	Sex	M	1.56532362026554	0.880793077969091	77	40	0.0798223698424569	0.635873115694148
HROV-vOTU60404	diagnosis	RA	-0.488861110673953	0.275336458814201	77	76	0.0801000120482075	0.636124149509748
HROV-vOTU04606	Age	Age	-0.438211548709092	0.246819960689001	77	73	0.0801124138674475	0.636124149509748
HROV-vOTU71437	Smoking_Status	Former_Smoker	-3.7109047797725	2.09087306473791	77	45	0.0802154642370031	0.636124149509748
HROV-vOTU74655	Smoking_Status	Former_Smoker	2.37291401596973	1.33710800212746	77	13	0.080240407374205	0.636124149509748
HROV-vOTU02423	diagnosis	RA	0.85544803367324	0.482142140896227	77	19	0.0803064637088942	0.636124149509748
HROV-vOTU39920	diagnosis	RA	-0.739681359099584	0.416594043741984	77	16	0.0800933105816868	0.636124149509748
HROV-vOTU03562	Smoking_Status	Former_Smoker	3.25493579528256	1.83375745532191	77	68	0.0801825182030238	0.636124149509748
HROV-vOTU72935	diagnosis	RA	1.00369470943616	0.565158306253898	77	56	0.0800253604793552	0.636124149509748
HROV-vOTU13913	Smoking_Status	Never_Smoker	2.06736565754588	1.16377289038358	77	54	0.0799454541918395	0.636124149509748
HROV-vOTU22361	Smoking_Status	Former_Smoker	-1.64409240241981	0.926736571947792	77	16	0.0803395941238288	0.636124149509748
HROV-vOTU34455	Smoking_Status	Former_Smoker	-1.97083459985332	1.11038339966077	77	25	0.0801983915545357	0.636124149509748
HROV-vOTU07204	Smoking_Status	Former_Smoker	2.32786374674828	1.31187764576247	77	25	0.0802753404223011	0.636124149509748
HROV-vOTU17211	Smoking_Status	Never_Smoker	1.47551792528682	0.83124077339521	77	25	0.0801708654170399	0.636124149509748
HROV-vOTU34569	Age	Age	-0.502498839372141	0.282899365745188	77	38	0.0799767014086623	0.636124149509748
HROV-vOTU37099	Sex	M	0.747951624202454	0.421036200838522	77	13	0.0799420493111284	0.636124149509748
HROV-vOTU03694	Sex	M	0.586625365306496	0.330587938392101	77	8	0.0802687953680812	0.636124149509748
HROV-vOTU44701	Smoking_Status	Former_Smoker	-2.08482899839024	1.1738799095803	77	11	0.0800149913760284	0.636124149509748
HROV-vOTU61032	Smoking_Status	Never_Smoker	1.43310615507054	0.807839863598486	77	20	0.0803510703831462	0.636124149509748
HROV-vOTU74870	Smoking_Status	Never_Smoker	1.48657185531068	0.838110634130637	77	22	0.080397781851843	0.636275228882455
HROV-vOTU28315	diagnosis	RA	0.379216917230068	0.213827574094581	77	76	0.0804390761178669	0.63638334695791
HROV-vOTU66091	Smoking_Status	Never_Smoker	1.77260589679671	0.999697858054001	77	70	0.0804940300728637	0.636599420528177
HROV-vOTU49692	Age	Age	-0.593279015800269	0.334656931516044	77	27	0.0805515292792307	0.636835468349016
HROV-vOTU14209	Sex	M	1.57303033195907	0.887513020758756	77	44	0.0806176096133013	0.637139172750285
HROV-vOTU25231	diagnosis	RA	-0.645769519620507	0.364473438453834	77	43	0.0807205490340176	0.637733874529477
HROV-vOTU28815	Smoking_Status	Never_Smoker	1.0636921813407	0.600475103547825	77	10	0.0807825352081355	0.638004727655474
HROV-vOTU09783	Smoking_Status	Former_Smoker	-2.62157025707659	1.48063026671315	77	34	0.0809234792791276	0.638202122236382
HROV-vOTU21061	Age	Age	-0.426386556966546	0.240812675610951	77	73	0.0809171278079422	0.638202122236382
HROV-vOTU15513	Smoking_Status	Never_Smoker	1.11885536351159	0.63194648385733	77	15	0.0809380079601352	0.638202122236382
HROV-vOTU42651	Smoking_Status	Never_Smoker	-0.623834127323209	0.352276214681176	77	8	0.0808749533478734	0.638202122236382
HROV-vOTU04053	Smoking_Status	Never_Smoker	0.548669481412072	0.309905272037484	77	8	0.0809460876705371	0.638202122236382
HROV-vOTU66954	Smoking_Status	Never_Smoker	-1.3942772221297	0.788464056358231	77	15	0.0812986892750096	0.638230001627309
HROV-vOTU11852	Smoking_Status	Former_Smoker	1.22185565762467	0.691116005165937	77	76	0.0813661256627403	0.638230001627309
HROV-vOTU70799	Age	Age	0.607992037552967	0.343960446683781	77	69	0.0814207444542351	0.638230001627309
HROV-vOTU28293	Sex	M	1.33286300697267	0.753107167368569	77	74	0.0810509046919538	0.638230001627309
HROV-vOTU43603	Age	Age	0.210677653662417	0.119130512769158	77	76	0.081279324852596	0.638230001627309
HROV-vOTU68369	Sex	M	1.01848708751958	0.576180842910022	77	58	0.0814157150416948	0.638230001627309
HROV-vOTU28082	Smoking_Status	Former_Smoker	-1.1997040065801	0.677943272615681	77	12	0.0810837674489467	0.638230001627309
HROV-vOTU49589	Age	Age	0.473966647784253	0.26812931911394	77	22	0.0814110711351246	0.638230001627309
HROV-vOTU04485	diagnosis	RA	0.957697930045429	0.54136124329151	77	27	0.0811792650427121	0.638230001627309
HROV-vOTU15717	diagnosis	RA	0.724639516709191	0.409343761383696	77	11	0.0809789418578835	0.638230001627309
HROV-vOTU43064	diagnosis	RA	0.73993106250617	0.418443939477661	77	22	0.0813077827887196	0.638230001627309
HROV-vOTU18154	Smoking_Status	Never_Smoker	3.18460721383106	1.80077233169399	77	48	0.0812782249992091	0.638230001627309
HROV-vOTU53162	Age	Age	-0.380533057504526	0.215275825444386	77	26	0.0814154303318514	0.638230001627309
HROV-vOTU56492	Sex	M	1.41386415398385	0.799235312051335	77	21	0.0811850008815771	0.638230001627309
HROV-vOTU65281	Age	Age	-0.222978906416321	0.126112639532932	77	8	0.0813412742563746	0.638230001627309
HROV-vOTU11217	diagnosis	RA	0.470152952014939	0.265733212282336	77	12	0.0811436655640476	0.638230001627309
HROV-vOTU07437	Smoking_Status	Never_Smoker	1.0557824060872	0.596693679596595	77	14	0.0811233461865348	0.638230001627309
HROV-vOTU09476	Smoking_Status	Never_Smoker	1.78864521247471	1.01232010590394	77	66	0.0815464749047098	0.638346470787038
HROV-vOTU59704	Smoking_Status	Never_Smoker	-1.74063515858203	0.985054984574478	77	39	0.0815183469731343	0.638346470787038
HROV-vOTU07046	Age	Age	-0.239763627244441	0.135699016225112	77	17	0.0815462968451313	0.638346470787038
HROV-vOTU38452	diagnosis	RA	-1.44230524767883	0.816207755824496	77	50	0.0815120346104984	0.638346470787038
HROV-vOTU75152	Smoking_Status	Never_Smoker	1.32242314877128	0.74852235588193206	77	71	0.0815744282929794	0.638348312465958
HROV-vOTU35828	Age	Age	-0.597644656939761	0.33840701695108	77	53	0.081685804119353	0.639002740784205
HROV-vOTU41126	diagnosis	RA	-0.462213436845814	0.261749448962584	77	13	0.0817180605693309	0.639038008458978
HROV-vOTU13869	Age	Age	0.677734850219094	0.383928657559697	77	30	0.0818195739347281	0.63918072853351
HROV-vOTU75577	Smoking_Status	Former_Smoker	2.36302870750936	1.3385465998371	77	26	0.0818015276014537	0.63918072853351
HROV-vOTU41784	Smoking_Status	Never_Smoker	2.27865773003142	1.29069169939503	77	41	0.0817870199463582	0.63918072853351
HROV-vOTU40040	Age	Age	0.304658317121295	0.172653950770149	77	12	0.081938565537939	0.63989323985715
HROV-vOTU34373	diagnosis	RA	-0.413527612891244	0.234418566544324	77	8	0.0820240337602361	0.640343558473978
HROV-vOTU38906	Smoking_Status	Former_Smoker	-3.39734420860173	1.92643270328262	77	40	0.0821114763250935	0.640628347739562
HROV-vOTU17996	Sex	M	1.08234053974837	0.613758383851436	77	73	0.0821247353062237	0.640628347739562
HROV-vOTU04431	Smoking_Status	Never_Smoker	1.37757219691537	0.78122431738919	77	18	0.0821439648664753	0.640628347739562
HROV-vOTU21886	diagnosis	RA	-0.867027225891585	0.491837612841649	77	65	0.0822320431420045	0.641013046111464
HROV-vOTU12405	Smoking_Status	Never_Smoker	1.17038628400382	0.663961242614737	77	19	0.0822489601067901	0.641013046111464
HROV-vOTU55142	Smoking_Status	Never_Smoker	1.63162499026599	0.92576677431155	77	15	0.0822957359239107	0.641160621897044
HROV-vOTU16732	Age	Age	0.536925880302437	0.304677283409964	77	61	0.0823264706288266	0.641183164890726
HROV-vOTU61223	Smoking_Status	Former_Smoker	2.31127355383815	1.31186146257326	77	53	0.0824030927976763	0.641495766202316
HROV-vOTU57235	diagnosis	RA	-0.417731073828875	0.237116196379793	77	10	0.0824223175072798	0.641495766202316
HROV-vOTU39302	Smoking_Status	Never_Smoker	1.61792090552474	0.918651426829327	77	21	0.0825115370215024	0.641973208650406
HROV-vOTU35149	Smoking_Status	Former_Smoker	-2.01735231534869	1.14577820712592	77	14	0.0825982557661078	0.642213987269906
HROV-vOTU54132	diagnosis	RA	-0.492245773965695	0.279576396361659	77	11	0.0825980480152583	0.642213987269906
HROV-vOTU14209	Smoking_Status	Former_Smoker	2.85436199213255	1.62148105111435	77	44	0.0826564160502894	0.642449295186691
HROV-vOTU20938	Age	Age	-0.425712379092788	0.241889858467293	77	35	0.0827246642924351	0.642762826806606
HROV-vOTU61960	diagnosis	RA	1.11982863708319	0.636544954434038	77	37	0.0828467113746398	0.64289605603631494
HROV-vOTU52191	Age	Age	0.796255004000869	0.452561207601069	77	60	0.0828104181391244	0.64289605603631494
HROV-vOTU42173	diagnosis	RA	-1.01349430164723	0.576198233482634	77	58	0.0828973949212661	0.64289605603631494
HROV-vOTU17525	Smoking_Status	Never_Smoker	-0.905821558351736	0.515000679965393	77	11	0.0829074771585402	0.64289605603631494
HROV-vOTU28941	Smoking_Status	Never_Smoker	2.45510894077536	1.39570844417694	77	56	0.0828788994169194	0.64289605603631494
HROV-vOTU46573	Smoking_Status	Former_Smoker	1.74207608495914	0.990547149717499	77	17	0.0829372202554882	0.64289605603631494
HROV-vOTU32612	diagnosis	RA	-0.516455623879493	0.293654039267202	77	15	0.0829337064821244	0.64289605603631494
HROV-vOTU03800	Smoking_Status	Former_Smoker	3.26953071046353	1.86029312034782	77	63	0.0831370696518595	0.643146360121708
HROV-vOTU06026	Age	Age	-0.441773602162601	0.251359156870503	77	72	0.0831363685637551	0.643146360121708
HROV-vOTU53204	Smoking_Status	Former_Smoker	2.5270767855928	1.43782422105104	77	64	0.083131095218671	0.643146360121708
HROV-vOTU59916	Smoking_Status	Never_Smoker	0.668613025643436	0.380394564004603	77	11	0.0831117271921054	0.643146360121708
HROV-vOTU56015	Smoking_Status	Former_Smoker	1.60565139461998	0.913269238835418	77	10	0.0830340386979683	0.643146360121708
HROV-vOTU45475	Age	Age	-0.442304640947808	0.251590526661075	77	12	0.0830515439273607	0.643146360121708
HROV-vOTU66788	Smoking_Status	Never_Smoker	1.75425812809661	0.998611176913185	77	64	0.0832808892142224	0.643436212372685
HROV-vOTU58042	Age	Age	-0.444867726916507	0.253237153365862	77	73	0.0832764377589496	0.643436212372685
HROV-vOTU23521	Smoking_Status	Never_Smoker	1.48558282606786	0.845464898361304	77	23	0.0832084545176097	0.643436212372685
HROV-vOTU45209	diagnosis	RA	-1.0111992216277499	0.57568834022904	77	41	0.0833141119473609	0.643436212372685
HROV-vOTU22789	Smoking_Status	Never_Smoker	2.19374892878344	1.24892915142475	77	37	0.083314232969837	0.643436212372685
HROV-vOTU70050	Sex	M	-0.545475359644746	0.310665501313826	77	76	0.0834304130235941	0.64367599179285
HROV-vOTU72910	Sex	M	1.67255605994914	0.952570960792207	77	49	0.0834295525157988	0.64367599179285
HROV-vOTU53565	Smoking_Status	Former_Smoker	-1.50183122238087	0.85523956534731	77	12	0.0833947614381635	0.64367599179285
HROV-vOTU27110	diagnosis	RA	-0.495092335429728	0.2819956491532	77	10	0.0834570782237711	0.64367599179285
HROV-vOTU23447	Age	Age	0.499501675962012	0.284580230022575	77	24	0.0835347559567469	0.643680728573738
HROV-vOTU74328	Smoking_Status	Never_Smoker	-1.07583746223075	0.612896452601631	77	34	0.0835157236217248	0.643680728573738
HROV-vOTU11625	Sex	M	1.45215536162583	0.827352536025625	77	32	0.0835415413680809	0.643680728573738
HROV-vOTU36175	Smoking_Status	Never_Smoker	1.00374407802243	0.572054862270981	77	14	0.0836370967641073	0.644201450995783
HROV-vOTU21813	diagnosis	RA	0.70940580898271	0.404386848269128	77	65	0.0836981521081927	0.644270914426602
HROV-vOTU08745	Age	Age	-0.456174309250633	0.260039138961916	77	74	0.0837020658256359	0.644270914426602
HROV-vOTU29655	Smoking_Status	Never_Smoker	-1.56589479216222	0.892728656244564	77	9	0.0837362303051192	0.644318537897393
HROV-vOTU47976	diagnosis	RA	0.532136035536915	0.303531988695849	77	74	0.0838931388047392	0.644664326550932
HROV-vOTU39739	Smoking_Status	Never_Smoker	1.05694885476659	0.602869924760561	77	20	0.0838846570353955	0.644664326550932
HROV-vOTU27575	diagnosis	RA	-0.921711879916986	0.525710105734407	77	66	0.0838717405157309	0.644664326550932
HROV-vOTU52822	Age	Age	-0.583215825768979	0.332662176004879	77	26	0.0838877823168689	0.644664326550932
HROV-vOTU12943	Age	Age	0.499664521987534	0.285122787035815	77	46	0.0840129798233771	0.644724733532947
HROV-vOTU07688	Smoking_Status	Former_Smoker	2.19011925030079	1.2496333078863	77	67	0.0839860283602065	0.644724733532947
HROV-vOTU71891	Smoking_Status	Never_Smoker	0.925778367064781	0.528187708726365	77	21	0.0839625845578554	0.644724733532947
HROV-vOTU45475	diagnosis	RA	-0.861864303600886	0.491750476516065	77	12	0.0839797883468851	0.644724733532947
HROV-vOTU35709	Smoking_Status	Never_Smoker	1.43834175130133	0.820978069625749	77	35	0.0840940758567585	0.645132100926431
HROV-vOTU40261	Smoking_Status	Never_Smoker	1.08555478497134	0.619718017274879	77	13	0.0841450434149747	0.645308141807149
HROV-vOTU47851	Smoking_Status	Never_Smoker	0.664689446485011	0.379495483337703	77	10	0.0841768256506782	0.645336982268681
HROV-vOTU18154	Age	Age	-0.944182236106176	0.539365622970219	77	48	0.08434448377452	0.646407141872611
HROV-vOTU14206	Smoking_Status	Never_Smoker	1.08319176009226	0.61883750845691	77	20	0.0843751817385962	0.646427290565493
HROV-vOTU01989	Age	Age	-0.197462529519172	0.11283922261112	77	9	0.0844480993251149	0.646770777338675
HROV-vOTU69859	Age	Age	-0.346580457232839	0.198082264638704	77	25	0.0844944368713297	0.646910532296118
HROV-vOTU07994	Smoking_Status	Former_Smoker	-2.81728061999954	1.61036561244419	77	18	0.0845314831782637	0.646979081952613
HROV-vOTU71829	Age	Age	0.279118989037357	0.159611985862104	77	12	0.0846589241682459	0.64700506260755
HROV-vOTU32961	Smoking_Status	Never_Smoker	1.77807890794322	1.01683516708333	77	55	0.0846753477507232	0.64700506260755
HROV-vOTU31921	Sex	M	1.27475268871865	0.72897916463578	77	38	0.0846680873816617	0.64700506260755
HROV-vOTU61773	diagnosis	RA	0.365792758863247	0.209162478531396	77	12	0.0846396739469027	0.64700506260755
HROV-vOTU34583	Smoking_Status	Former_Smoker	2.95479742554069	1.68934917716842	77	37	0.0845997231606044	0.64700506260755
HROV-vOTU27969	Age	Age	0.67268824212353	0.385014445755175	77	68	0.0849307031264632	0.647088162640957
HROV-vOTU10880	Age	Age	-0.417851852855764	0.239082082480733	77	75	0.0848334083447807	0.647088162640957
HROV-vOTU53100	Smoking_Status	Never_Smoker	1.51443870123167	0.8700536398399	77	27	0.0860812357963128	0.647088162640957
HROV-vOTU71149	Smoking_Status	Never_Smoker	-1.9892039529119	1.13931428416023	77	49	0.0851424070540756	0.647088162640957
HROV-vOTU32042	diagnosis	RA	-1.17912864480169	0.677136175886182	77	66	0.0859542091464084	0.647088162640957
HROV-vOTU66153	Age	Age	0.435730950291652	0.249812285332805	77	64	0.0854461141222137	0.647088162640957
HROV-vOTU27815	Smoking_Status	Former_Smoker	-2.55629477236859	1.46998803422785	77	66	0.086370723889224	0.647088162640957
HROV-vOTU15797	Age	Age	-0.345111504997688	0.198416194658109	77	67	0.0863103157494129	0.647088162640957
HROV-vOTU30124	Age	Age	0.504361976471559	0.288635006907196	77	56	0.0848909863082203	0.647088162640957
HROV-vOTU35741	Smoking_Status	Former_Smoker	-2.48495688221376	1.42893115444056	77	67	0.086363333718783	0.647088162640957
HROV-vOTU34637	Smoking_Status	Never_Smoker	0.864658619384838	0.496612869024703	77	9	0.0859955732509198	0.647088162640957
HROV-vOTU59839	Smoking_Status	Never_Smoker	1.99062090063765	1.14425658982996	77	67	0.0862516124309674	0.647088162640957
HROV-vOTU43603	diagnosis	RA	0.40491954108191	0.232848538453735	77	76	0.0863720804150371	0.647088162640957
HROV-vOTU53011	Age	Age	0.491959792503137	0.28169311908623	77	74	0.0850596718484405	0.647088162640957
HROV-vOTU09249	Sex	M	-1.33869007293478	0.768870365993534	77	21	0.0859954213143879	0.647088162640957
HROV-vOTU67176	Smoking_Status	Former_Smoker	2.53700428665875	1.45374237823701	77	39	0.0852846379199262	0.647088162640957
HROV-vOTU02712	Smoking_Status	Never_Smoker	1.67820437460582	0.962591229814166	77	70	0.0855883732805874	0.647088162640957
HROV-vOTU40888	diagnosis	RA	-0.559303594549541	0.320207892628123	77	70	0.0850159250492431	0.647088162640957
HROV-vOTU20351	diagnosis	RA	-0.686167133707129	0.394046909535691	77	63	0.0859564634886393	0.647088162640957
HROV-vOTU19515	Sex	M	1.08954521418348	0.625908179671563	77	63	0.0860607357034687	0.647088162640957
HROV-vOTU51623	Sex	M	1.15425056398169	0.663566406482035	77	70	0.0862866502232428	0.647088162640957
HROV-vOTU00662	Smoking_Status	Never_Smoker	2.45210170690007	1.4066025381814	77	54	0.0856136866983738	0.647088162640957
HROV-vOTU36366	Smoking_Status	Former_Smoker	3.09246576963659	1.77174096789046	77	63	0.0852346901745862	0.647088162640957
HROV-vOTU27546	Age	Age	-0.251131378980784	0.144303986178362	77	74	0.0861400188197527	0.647088162640957
HROV-vOTU08028	Smoking_Status	Former_Smoker	2.79477364184784	1.60528382436288	77	67	0.0860181436022002	0.647088162640957
HROV-vOTU33661	Smoking_Status	Former_Smoker	-1.88616855400466	1.08185941260612	77	14	0.0855836281858068	0.647088162640957
HROV-vOTU04280	Age	Age	0.571659219524134	0.327920482500267	77	34	0.085612568065323	0.647088162640957
HROV-vOTU75719	Sex	M	1.33691303966725	0.765698992048478	77	31	0.0851358537194787	0.647088162640957
HROV-vOTU37079	Sex	M	1.07096076332328	0.61500615256045	77	29	0.0859478952020134	0.647088162640957
HROV-vOTU37604	Sex	M	1.15786895077852	0.664621952089008	77	46	0.0858131133230729	0.647088162640957
HROV-vOTU66693	Sex	M	0.643721096808275	0.368197110321115	77	11	0.084733665811473	0.647088162640957
HROV-vOTU70406	diagnosis	RA	0.867159117875262	0.497951580487122	77	36	0.085935460278213	0.647088162640957
HROV-vOTU49221	Smoking_Status	Never_Smoker	1.90379509274204	1.09114560640447	77	27	0.0853524513006288	0.647088162640957
HROV-vOTU31335	diagnosis	RA	-0.681269528625624	0.391606286243338	77	20	0.0862486554218924	0.647088162640957
HROV-vOTU56171	Smoking_Status	Never_Smoker	1.96105682090751	1.12197598062724	77	22	0.0848114164145083	0.647088162640957
HROV-vOTU28339	Sex	M	1.15315869155094	0.662748886022704	77	43	0.0861985157695103	0.647088162640957
HROV-vOTU20224	Sex	M	0.351602213441687	0.202072320439397	77	8	0.0861951848835284	0.647088162640957
HROV-vOTU08070	Smoking_Status	Former_Smoker	2.68732442261859	1.54451625145046	77	31	0.0862073389912352	0.647088162640957
HROV-vOTU20073	Sex	M	1.08371292063708	0.62274580220925	77	35	0.0861536247019026	0.647088162640957
HROV-vOTU45464	Sex	M	-0.895182155878179	0.514604296105624	77	17	0.0862708397141061	0.647088162640957
HROV-vOTU15709	Smoking_Status	Former_Smoker	2.83176393067621	1.62613535961393	77	65	0.0859434723668354	0.647088162640957
HROV-vOTU32359	Smoking_Status	Former_Smoker	1.73053985578931	0.990858730884079	77	27	0.0850480710575921	0.647088162640957
HROV-vOTU32359	Smoking_Status	Never_Smoker	1.22320314639437	0.70190977037755	77	27	0.0857194446051361	0.647088162640957
HROV-vOTU28914	diagnosis	RA	-0.718869362299614	0.412114806860086	77	39	0.0854269796764703	0.647088162640957
HROV-vOTU64497	diagnosis	RA	-0.718979942938503	0.412734695816734	77	21	0.0858406290787829	0.647088162640957
HROV-vOTU49981	Age	Age	-0.578304786104697	0.331682869786061	77	33	0.0855666411806981	0.647088162640957
HROV-vOTU06950	Smoking_Status	Former_Smoker	3.73208916454947	2.14016056616461	77	20	0.0855159078532387	0.647088162640957
HROV-vOTU10108	Smoking_Status	Never_Smoker	1.30807212333858	0.74879804273464	77	13	0.0849797792482021	0.647088162640957
HROV-vOTU06179	Age	Age	-0.596007235382307	0.341737540352262	77	24	0.0854783923668514	0.647088162640957
HROV-vOTU01552	Smoking_Status	Never_Smoker	1.01407809831108	0.58044242787322	77	10	0.0849479632524218	0.647088162640957
HROV-vOTU03165	Smoking_Status	Never_Smoker	0.846956951387141	0.486203020075195	77	20	0.0858421219453243	0.647088162640957
HROV-vOTU61158	Sex	M	1.21996281943048	0.698638003561471	77	35	0.0851011621772668	0.647088162640957
HROV-vOTU17850	Age	Age	-0.688470927747295	0.39413237139448	77	15	0.0849962934169428	0.647088162640957
HROV-vOTU65200	Age	Age	-0.543092325456062	0.311894264189663	77	24	0.0859675760654955	0.647088162640957
HROV-vOTU07059	Smoking_Status	Never_Smoker	2.03155711986421	1.1645408014435	77	24	0.085396969017669	0.647088162640957
HROV-vOTU35132	Smoking_Status	Never_Smoker	0.972092368197739	0.558577128246257	77	10	0.0861387927605046	0.647088162640957
HROV-vOTU24290	Age	Age	-0.45938022782953303	0.263708096253278	77	14	0.0858384811646394	0.647088162640957
HROV-vOTU72573	Age	Age	-0.323528471987939	0.185546023576591	77	14	0.0855475119721833	0.647088162640957
HROV-vOTU13271	Sex	M	-1.10757808897796	0.634658336102597	77	15	0.0852842036350906	0.647088162640957
HROV-vOTU69180	Age	Age	-0.508137268315786	0.291139678635199	77	15	0.0852523110614206	0.647088162640957
HROV-vOTU50435	Smoking_Status	Never_Smoker	1.58836737998816	0.913684817474603	77	39	0.0864718806466934	0.647300285516792
HROV-vOTU32053	Sex	M	1.37057671190531	0.788324241113591	77	38	0.0864407169640905	0.647300285516792
HROV-vOTU31990	Smoking_Status	Never_Smoker	2.10713326829632	1.2121476840474	77	66	0.0864847146563252	0.647300285516792
HROV-vOTU39462	Smoking_Status	Former_Smoker	-3.22109599043987	1.85318808482379	77	68	0.0865218389010123	0.647367755000102
HROV-vOTU44691	Age	Age	-0.790884111510933	0.455064231267456	77	61	0.0865530909367182	0.647391258289256
HROV-vOTU48991	Smoking_Status	Never_Smoker	-1.45533065204174	0.837913728323186	77	16	0.0867504522668562	0.647482267274529
HROV-vOTU17122	Age	Age	0.599664900960988	0.345121610426497	77	60	0.0866267227765438	0.647482267274529
HROV-vOTU73925	Smoking_Status	Never_Smoker	1.70219476894303	0.980351478604532	77	41	0.0868464057147642	0.647482267274529
HROV-vOTU45376	Sex	M	0.737952098392938	0.424869708171581	77	19	0.0867433195889988	0.647482267274529
HROV-vOTU05982	Sex	M	0.794860385979958	0.457530890024036	77	56	0.086673645537549	0.647482267274529
HROV-vOTU08997	Age	Age	-0.510574771132311	0.29399936146984	77	26	0.0867855809307559	0.647482267274529
HROV-vOTU12753	Smoking_Status	Never_Smoker	2.16576551009305	1.24731354299385	77	36	0.0868404644437466	0.647482267274529
HROV-vOTU52112	diagnosis	RA	-1.30323415315678	0.750414915061435	77	40	0.086779870093105	0.647482267274529
HROV-vOTU01504	Age	Age	-0.661688332419866	0.381082140779244	77	46	0.0868411152720863	0.647482267274529
HROV-vOTU11253	Smoking_Status	Former_Smoker	1.0098848107303	0.581592961126114	77	8	0.0868284411549777	0.647482267274529
HROV-vOTU15935	diagnosis	RA	-0.802165165269167	0.464188847580072	77	75	0.0883173337589191	0.647593577477276
HROV-vOTU03800	Age	Age	-0.683760966840352	0.394707501871894	77	63	0.0875582923859353	0.647593577477276
HROV-vOTU50652	Age	Age	-0.404922735013052	0.234101673342703	77	73	0.0880314813686906	0.647593577477276
HROV-vOTU04802	Age	Age	-0.417381839665753	0.240933692543998	77	74	0.0875532279659848	0.647593577477276
HROV-vOTU24797	Age	Age	-0.516922999603572	0.299160733345699	77	70	0.0883516726197829	0.647593577477276
HROV-vOTU74082	Sex	M	1.77189711908058	1.02338428158276	77	47	0.0877221180940431	0.647593577477276
HROV-vOTU58162	Smoking_Status	Former_Smoker	1.62953459797262	0.940054087317754	77	71	0.0873570520637908	0.647593577477276
HROV-vOTU20479	Smoking_Status	Never_Smoker	1.50423343941221	0.868775623028914	77	35	0.0877165016797604	0.647593577477276
HROV-vOTU40972	Smoking_Status	Never_Smoker	1.65653676135567	0.957303504082145	77	33	0.0878998322500864	0.647593577477276
HROV-vOTU55361	Smoking_Status	Former_Smoker	-3.0680916599493	1.76854769854932	77	63	0.087114024074558	0.647593577477276
HROV-vOTU57557	Sex	M	1.5453472754278	0.891094072458416	77	70	0.0872202414041371	0.647593577477276
HROV-vOTU43070	Age	Age	0.555894650251871	0.321646967131951	77	39	0.0882857956781139	0.647593577477276
HROV-vOTU32570	diagnosis	RA	1.57047810547695	0.906308412456046	77	49	0.0874676089753988	0.647593577477276
HROV-vOTU59313	Sex	M	0.637874948884255	0.368964284807376	77	76	0.0881866478829274	0.647593577477276
HROV-vOTU21661	Smoking_Status	Former_Smoker	2.67732844752206	1.54874599647902	77	34	0.0882079969717306	0.647593577477276
HROV-vOTU32551	Smoking_Status	Never_Smoker	1.50180665635767	0.868913791270554	77	54	0.0882683553607387	0.647593577477276
HROV-vOTU26034	Age	Age	-0.632203125487751	0.364502543333661	77	56	0.0871820709408793	0.647593577477276
HROV-vOTU11783	Sex	M	1.269902709066	0.734708392633763	77	50	0.0882553561969987	0.647593577477276
HROV-vOTU38564	Sex	M	0.940571094810159	0.542075892762892	77	15	0.0870570430504847	0.647593577477276
HROV-vOTU56168	diagnosis	RA	0.958970494120928	0.553735101247184	77	37	0.0876481566880738	0.647593577477276
HROV-vOTU62742	Smoking_Status	Former_Smoker	-3.45957657950673	1.99511525557575	77	41	0.0872541685952221	0.647593577477276
HROV-vOTU62321	Smoking_Status	Former_Smoker	2.64822235556265	1.52827698722872	77	67	0.0874701091883972	0.647593577477276
HROV-vOTU08060	Smoking_Status	Never_Smoker	2.0627665494927	1.19296644782672	77	63	0.0881359910988167	0.647593577477276
HROV-vOTU22382	Smoking_Status	Former_Smoker	-2.26276738129544	1.30534887633678	77	21	0.0873552207403982	0.647593577477276
HROV-vOTU73171	Smoking_Status	Never_Smoker	-1.51139786403077	0.873547598156024	77	32	0.087942226127398	0.647593577477276
HROV-vOTU07438	Age	Age	-0.443397437402881	0.256469636036696	77	64	0.0881823399571671	0.647593577477276
HROV-vOTU17300	Age	Age	0.424186765546828	0.24545766928782	77	13	0.0883091416344459	0.647593577477276
HROV-vOTU30516	Age	Age	0.41225555995329	0.238138509843757	77	31	0.0877670916889927	0.647593577477276
HROV-vOTU62383	Smoking_Status	Never_Smoker	-1.25451445401336	0.724716947989542	77	16	0.0877882974416633	0.647593577477276
HROV-vOTU40608	Smoking_Status	Former_Smoker	-1.5495698940519	0.896483661576546	77	9	0.0882457821490679	0.647593577477276
HROV-vOTU25355	Age	Age	-0.441274807249829	0.254888626432228	77	37	0.0877515049921416	0.647593577477276
HROV-vOTU51674	Smoking_Status	Never_Smoker	1.22454776596094	0.706898208920169	77	24	0.087565491528536	0.647593577477276
HROV-vOTU44759	Smoking_Status	Former_Smoker	-1.88094243962018	1.08715202054113	77	26	0.0879472411435717	0.647593577477276
HROV-vOTU29919	diagnosis	RA	-1.10841960317343	0.638815175499551	77	49	0.0870588672057581	0.647593577477276
HROV-vOTU71213	Age	Age	0.379436195746309	0.218927371961212	77	20	0.0874084773655201	0.647593577477276
HROV-vOTU51438	Sex	M	0.881250869370527	0.508138021039136	77	20	0.0872093107394076	0.647593577477276
HROV-vOTU24034	Smoking_Status	Former_Smoker	2.82911812122923	1.63179639927734	77	64	0.087303990766135	0.647593577477276
HROV-vOTU19927	diagnosis	RA	-1.01992039768115	0.589910900072066	77	23	0.0881661066086678	0.647593577477276
HROV-vOTU55024	Smoking_Status	Former_Smoker	3.02721563787948	1.74968762207549	77	59	0.0879489525669523	0.647593577477276
HROV-vOTU44975	diagnosis	RA	-0.587500616160179	0.339989595179105	77	15	0.0883362838348553	0.647593577477276
HROV-vOTU37931	Smoking_Status	Former_Smoker	1.80759900024027	1.04361556908624	77	26	0.0876064448904712	0.647593577477276
HROV-vOTU38487	Smoking_Status	Never_Smoker	2.10881120836359	1.21619539600697	77	29	0.0872688697509004	0.647593577477276
HROV-vOTU63352	Smoking_Status	Former_Smoker	2.02266998957291	1.16886767207735	77	20	0.0878939221951876	0.647593577477276
HROV-vOTU58016	Smoking_Status	Former_Smoker	1.63223833525298	0.94056161445909	77	15	0.0870109007812623	0.647593577477276
HROV-vOTU19110	Sex	M	0.83450847817083	0.482032199905643	77	40	0.0877543478818313	0.647593577477276
HROV-vOTU54184	Sex	M	0.972184301516491	0.561660286255304	77	43	0.0878114572463088	0.647593577477276
HROV-vOTU03694	Smoking_Status	Never_Smoker	0.741558521798631	0.427852127471133	77	8	0.0873991685092479	0.647593577477276
HROV-vOTU54102	Smoking_Status	Never_Smoker	1.49512273091592	0.862329702523076	77	18	0.0872908727767769	0.647593577477276
HROV-vOTU70085	Sex	M	1.14344912653229	0.6613139790682	77	17	0.0881451029859474	0.647593577477276
HROV-vOTU50048	Smoking_Status	Never_Smoker	-1.15735569312299	0.667271787006519	77	14	0.0871763582764572	0.647593577477276
HROV-vOTU56502	diagnosis	RA	-0.809887173662621	0.467004716558643	77	12	0.0872197293101314	0.647593577477276
HROV-vOTU21986	diagnosis	RA	0.529687355678057	0.305857560400105	77	11	0.0876501619410267	0.647593577477276
HROV-vOTU39786	Smoking_Status	Never_Smoker	1.02686116940957	0.594277859554449	77	8	0.0883510161402377	0.647593577477276
HROV-vOTU00812	Smoking_Status	Never_Smoker	1.29799989143654	0.75189160853155	77	73	0.0886404599870429	0.648088003862411
HROV-vOTU31336	Smoking_Status	Former_Smoker	2.8366559249843	1.64350101876097	77	71	0.0886999804278192	0.648088003862411
HROV-vOTU53866	diagnosis	RA	1.05196355542374	0.60939856623727	77	71	0.0886549556217305	0.648088003862411
HROV-vOTU63038	Smoking_Status	Former_Smoker	-2.00810038803268	1.16337222841017	77	72	0.0886783635311722	0.648088003862411
HROV-vOTU10151	Smoking_Status	Never_Smoker	1.96466570844761	1.13822859700033	77	65	0.0886837993937517	0.648088003862411
HROV-vOTU30434	Smoking_Status	Former_Smoker	1.86611175316374	1.08043930162293	77	63	0.0884838348988585	0.648088003862411
HROV-vOTU73450	Smoking_Status	Never_Smoker	1.92624885500881	1.11534800120246	77	26	0.0885091848291101	0.648088003862411
HROV-vOTU00921	Age	Age	-0.605086724182564	0.350406722781645	77	34	0.0885500163899304	0.648088003862411
HROV-vOTU57308	Smoking_Status	Never_Smoker	1.69420801553208	0.981591578457467	77	28	0.088700537914647	0.648088003862411
HROV-vOTU04724	Sex	M	0.8930385174427	0.517225946188851	77	9	0.0885897802974757	0.648088003862411
HROV-vOTU62203	Smoking_Status	Never_Smoker	1.38120551981069	0.800565915775991	77	20	0.0888262894493513	0.648595258724971
HROV-vOTU02636	Sex	M	0.714510003913325	0.414137129205728	77	8	0.0888241753897333	0.648595258724971
HROV-vOTU11598	Age	Age	0.578786954874426	0.335854953331422	77	67	0.0891825669887558	0.648626628896851
HROV-vOTU71149	diagnosis	RA	-1.15019771229085	0.666988738199829	77	49	0.0889755680178458	0.648626628896851
HROV-vOTU40394	diagnosis	RA	0.932458071805254	0.541277598165939	77	40	0.0892964218246841	0.648626628896851
HROV-vOTU32303	diagnosis	RA	-1.13143382822295	0.656406349238368	77	51	0.0891180572341476	0.648626628896851
HROV-vOTU31047	Age	Age	-0.317188474788575	0.184130799530205	77	18	0.0893096373779877	0.648626628896851
HROV-vOTU69314	Smoking_Status	Never_Smoker	1.29092883618218	0.749392226048502	77	60	0.0893080783227003	0.648626628896851
HROV-vOTU58577	Smoking_Status	Never_Smoker	1.13223211458803	0.656874431037796	77	20	0.0891204192350374	0.648626628896851
HROV-vOTU70406	Sex	M	1.13202960505156	0.657211969941612	77	36	0.0893375452392884	0.648626628896851
HROV-vOTU04128	Smoking_Status	Never_Smoker	0.901793025298122	0.523508287049579	77	17	0.089315161212433	0.648626628896851
HROV-vOTU33134	Smoking_Status	Former_Smoker	2.79993217493665	1.62496238089394	77	50	0.0892278754308092	0.648626628896851
HROV-vOTU38896	Smoking_Status	Never_Smoker	0.760360667719869	0.44125697103809	77	12	0.089210650332679	0.648626628896851
HROV-vOTU37099	Smoking_Status	Former_Smoker	1.3257830308589	0.769230654113877	77	13	0.0891472843578842	0.648626628896851
HROV-vOTU54184	diagnosis	RA	-0.733733847558736	0.42555467646538	77	43	0.0890266131996722	0.648626628896851
HROV-vOTU02911	Smoking_Status	Never_Smoker	1.22202222624221	0.708730659966848	77	18	0.0890160170266306	0.648626628896851
HROV-vOTU16913	Smoking_Status	Never_Smoker	1.37248370567001	0.79662918380429	77	22	0.0892662929414193	0.648626628896851
HROV-vOTU74911	Sex	M	1.27876985816635	0.742118778595307	77	30	0.0892172142582516	0.648626628896851
HROV-vOTU21972	Age	Age	-0.286098296438447	0.166063445977185	77	13	0.0892733389578654	0.648626628896851
HROV-vOTU13656	Age	Age	-0.276348627729465	0.160363327159336	77	15	0.0891931915388472	0.648626628896851
HROV-vOTU51929	Sex	M	1.55458468752784	0.903023973806224	77	54	0.089508978575311	0.648644360160294
HROV-vOTU13955	Sex	M	1.73670571705438	1.00872694197453	77	15	0.0894818600064996	0.648644360160294
HROV-vOTU01212	Age	Age	0.344225523785853	0.199891138835954	77	26	0.0894118112227162	0.648644360160294
HROV-vOTU28920	Smoking_Status	Never_Smoker	1.29891782320722	0.75435148030377	77	68	0.0894418744663344	0.648644360160294
HROV-vOTU29783	Age	Age	-0.37456560195116	0.217549388605779	77	11	0.0894692731636061	0.648644360160294
HROV-vOTU20326	Smoking_Status	Never_Smoker	1.0465773572885	0.607856834691678	77	14	0.0894692689988808	0.648644360160294
HROV-vOTU24574	diagnosis	RA	1.33135694076735	0.773546890194427	77	47	0.0895865404125042	0.648656767426892
HROV-vOTU19088	Smoking_Status	Never_Smoker	1.66077214304863	0.964857155858791	77	34	0.0895582091685757	0.648656767426892
HROV-vOTU06214	diagnosis	RA	0.658543943817978	0.382638664068559	77	10	0.0895951878933975	0.648656767426892
HROV-vOTU12458	diagnosis	RA	-0.388183011785333	0.225591632096665	77	12	0.089654787942857	0.648884276028912
HROV-vOTU22969	Smoking_Status	Former_Smoker	2.15943119378716	1.25576335467651	77	71	0.0898589763957452	0.648977295452254
HROV-vOTU21945	diagnosis	RA	0.885876891745902	0.515319567707989	77	44	0.0899566971973088	0.648977295452254
HROV-vOTU71569	diagnosis	RA	-1.11552407379814	0.648424432784217	77	45	0.0897228023673568	0.648977295452254
HROV-vOTU50928	Sex	M	0.882389591278819	0.513421313350993	77	44	0.0900366524713521	0.648977295452254
HROV-vOTU39417	Smoking_Status	Former_Smoker	1.88904733758058	1.09900586422193	77	40	0.0899957853955489	0.648977295452254
HROV-vOTU17241	Smoking_Status	Former_Smoker	2.39612096557287	1.39419220812406	77	47	0.0900369391607546	0.648977295452254
HROV-vOTU43190	diagnosis	RA	-0.62183250110109	0.36184459591509	77	26	0.0900621552872516	0.648977295452254
HROV-vOTU17545	Sex	M	-0.851235206118585	0.495246853618372	77	10	0.0900066481646071	0.648977295452254
HROV-vOTU17233	Smoking_Status	Former_Smoker	0.991418060189341	0.576740160238013	77	15	0.0899712756162832	0.648977295452254
HROV-vOTU30877	Smoking_Status	Former_Smoker	3.18776893534428	1.8544383215704	77	55	0.0899728645337828	0.648977295452254
HROV-vOTU19199	Smoking_Status	Never_Smoker	1.62524489276209	0.945116550505585	77	35	0.0898576168196251	0.648977295452254
HROV-vOTU06274	Age	Age	-0.48312755894381	0.281047632501871	77	32	0.0899674704154286	0.648977295452254
HROV-vOTU67358	Age	Age	-0.266304855402265	0.154926003005415	77	9	0.0899871291852917	0.648977295452254
HROV-vOTU25738	Smoking_Status	Former_Smoker	-1.82792599941933	1.06318633469294	77	8	0.0899186498362129	0.648977295452254
HROV-vOTU16041	Smoking_Status	Never_Smoker	1.48933411856868	0.866941250993024	77	60	0.0901701790241565	0.649552462598162
HROV-vOTU33468	Smoking_Status	Never_Smoker	1.09766740550488	0.639095519588953	77	69	0.0902409536685058	0.649859025323855
HROV-vOTU18875	Age	Age	-0.545213672120406	0.31749675101037	77	62	0.0902972771737309	0.650061360834955
HROV-vOTU16457	diagnosis	RA	-0.846930352688335	0.493309389808352	77	12	0.0903693129655424	0.650376649248888
HROV-vOTU55711	Age	Age	0.240399780648193	0.140067566300517	77	8	0.0904651530538968	0.650456595326645
HROV-vOTU35173	Smoking_Status	Never_Smoker	2.08565359813256	1.21507463440855	77	42	0.0904340755308025	0.650456595326645
HROV-vOTU58927	diagnosis	RA	0.539922680625464	0.314574584291091	77	12	0.0904568227181573	0.650456595326645
HROV-vOTU46108	Smoking_Status	Former_Smoker	4.2032252059841	2.44965880752654	77	32	0.0905520199562277	0.650620388013362
HROV-vOTU39286	Age	Age	0.617724055779942	0.360068125458927	77	74	0.0906009372279136	0.650620388013362
HROV-vOTU53949	Sex	M	-0.713822218144027	0.416048041323355	77	21	0.0905741983129928	0.650620388013362
HROV-vOTU64162	Smoking_Status	Never_Smoker	-0.701736848494755	0.408941211222564	77	8	0.0905255801943005	0.650620388013362
HROV-vOTU59893	Smoking_Status	Never_Smoker	2.30922390003781	1.34623614819434	77	56	0.0906482790596632	0.650757439758119
HROV-vOTU72513	Smoking_Status	Never_Smoker	0.859812992327583	0.501302813000867	77	13	0.090678081174532	0.650768528965246
HROV-vOTU52624	Age	Age	-0.506042083679449	0.295153393465509	77	65	0.0907982673997307	0.650852927508559
HROV-vOTU52475	Age	Age	0.634000368407171	0.369764973373598	77	49	0.0907801355619613	0.650852927508559
HROV-vOTU57710	Sex	M	1.6585582405411	0.967256879960193	77	55	0.0907618075510299	0.650852927508559
HROV-vOTU33749	Age	Age	-0.606615733633093	0.353819002641421	77	34	0.0908028856311333	0.650852927508559
HROV-vOTU01892	Smoking_Status	Former_Smoker	-3.77938157927296	2.20534052271673	77	43	0.0909395123254518	0.651426739923843
HROV-vOTU02748	Smoking_Status	Never_Smoker	2.40902220667285	1.40559051758945	77	55	0.0909126054814694	0.651426739923843
HROV-vOTU59313	Smoking_Status	Former_Smoker	1.15443666082072	0.674095570836409	77	76	0.0911558291532454	0.652105205935673
HROV-vOTU16890	Smoking_Status	Never_Smoker	0.900920092256522	0.526095989794116	77	74	0.0911758038694255	0.652105205935673
HROV-vOTU35828	Smoking_Status	Never_Smoker	1.93512350824702	1.12983469287632	77	53	0.0911228683231891	0.652105205935673
HROV-vOTU18970	Age	Age	-0.550919681432629	0.321618592496664	77	71	0.0910839205326082	0.652105205935673
HROV-vOTU38393	Smoking_Status	Former_Smoker	-0.937799735657264	0.547517155816166	77	74	0.0911092968120291	0.652105205935673
HROV-vOTU13656	Smoking_Status	Never_Smoker	0.916681766052592	0.535402758849664	77	15	0.0912366390296821	0.652337720227749
HROV-vOTU18413	Age	Age	-0.283008613163028	0.165320128600787	77	15	0.0912834483196128	0.652469836995867
HROV-vOTU55389	Sex	M	1.6197036786065	0.946271545068708	77	39	0.0913230065853098	0.652550059466238
HROV-vOTU21801	Smoking_Status	Never_Smoker	1.52924540191698	0.89478444520268	77	41	0.0918068163043205	0.652787185704814
HROV-vOTU06373	Age	Age	-0.410470914274728	0.24016331844265	77	73	0.0917943896291512	0.652787185704814
HROV-vOTU14459	Age	Age	-0.475103890385076	0.27774131063627	77	26	0.0915216862751818	0.652787185704814
HROV-vOTU30980	Smoking_Status	Never_Smoker	1.60584899379182	0.939725232787198	77	39	0.0918470897708659	0.652787185704814
HROV-vOTU63683	Age	Age	-0.451920072734426	0.264094328228097	77	58	0.0914087084572893	0.652787185704814
HROV-vOTU39652	diagnosis	RA	0.821181690293854	0.480331700181825	77	67	0.0917047853794086	0.652787185704814
HROV-vOTU33117	Smoking_Status	Former_Smoker	1.81147943835185	1.05994696397076	77	16	0.0918137675553417	0.652787185704814
HROV-vOTU15022	Smoking_Status	Former_Smoker	-1.7652640699959	1.03356388754821	77	13	0.092016857726899	0.652787185704814
HROV-vOTU01280	Smoking_Status	Former_Smoker	3.37638593792453	1.97648527933666	77	62	0.0919536549075207	0.652787185704814
HROV-vOTU41638	Age	Age	0.325668935972558	0.190638653348431	77	14	0.0919486118104775	0.652787185704814
HROV-vOTU43196	Age	Age	0.375993646058289	0.220057806606493	77	44	0.0918911473037936	0.652787185704814
HROV-vOTU49012	diagnosis	RA	0.665401182645789	0.389611270212253	77	18	0.0920317532688769	0.652787185704814
HROV-vOTU70896	Age	Age	0.523762290443982	0.306287196559863	77	41	0.0916261502866296	0.652787185704814
HROV-vOTU27737	Smoking_Status	Former_Smoker	2.20905796934072	1.2931515723906	77	60	0.091954255195561	0.652787185704814
HROV-vOTU00728	Smoking_Status	Former_Smoker	1.3119504349332	0.767850697535857	77	39	0.0918934067525614	0.652787185704814
HROV-vOTU69936	Smoking_Status	Former_Smoker	1.64857302338599	0.963586157508774	77	25	0.0914708170783512	0.652787185704814
HROV-vOTU20326	Age	Age	-0.31120180014623	0.182064703321917	77	14	0.0917646154446366	0.652787185704814
HROV-vOTU54452	Smoking_Status	Never_Smoker	1.63646392098982	0.956922707964166	77	48	0.0916084401819857	0.652787185704814
HROV-vOTU23278	Smoking_Status	Former_Smoker	1.48838757656381	0.870424863910379	77	18	0.0916412600766185	0.652787185704814
HROV-vOTU01432	Smoking_Status	Never_Smoker	2.10937944517759	1.23511980207194	77	50	0.0920364738160457	0.652787185704814
HROV-vOTU04693	Age	Age	-0.434609227533057	0.254134150413747	77	16	0.0916037992365156	0.652787185704814
HROV-vOTU34727	Age	Age	0.329515392808518	0.192683684686901	77	11	0.0916075691528362	0.652787185704814
HROV-vOTU14235	Smoking_Status	Never_Smoker	1.49551664867671	0.875499846702856	77	11	0.0919707629879602	0.652787185704814
HROV-vOTU52850	diagnosis	RA	0.439491561536545	0.257315208498719	77	9	0.0920075163058413	0.652787185704814
HROV-vOTU21801	Age	Age	-0.456600994482746	0.26800498942407	77	41	0.0928100069364744	0.65297384215078
HROV-vOTU06005	Smoking_Status	Former_Smoker	-3.23884873649077	1.89728457052526	77	26	0.0921740877906319	0.65297384215078
HROV-vOTU23301	Age	Age	-0.45246514817769	0.265089188556339	77	73	0.0922218905256654	0.65297384215078
HROV-vOTU21580	Sex	M	0.670512430502245	0.39358534440244197	77	76	0.0928292178516407	0.65297384215078
HROV-vOTU49365	Age	Age	-0.339586880203445	0.199354217602212	77	71	0.0928605097648169	0.65297384215078
HROV-vOTU55005	diagnosis	RA	0.392629042200926	0.230027269446657	77	77	0.0922145587697698	0.65297384215078
HROV-vOTU55589	Smoking_Status	Former_Smoker	-2.1411969926255	1.25512877722783	77	72	0.0923871126098821	0.65297384215078
HROV-vOTU67370	diagnosis	RA	-1.38470729142034	0.813012101853625	77	60	0.0929080821557511	0.65297384215078
HROV-vOTU53817	Age	Age	-0.574726732071074	0.336971704844531	77	21	0.0924609431463308	0.65297384215078
HROV-vOTU09923	Smoking_Status	Never_Smoker	-2.38600524378541	1.39867071866415	77	30	0.0923962514342657	0.65297384215078
HROV-vOTU32214	Sex	M	1.54689660745987	0.907207310135464	77	44	0.0925442568863314	0.65297384215078
HROV-vOTU47931	diagnosis	RA	-1.31846149234512	0.773095268523515	77	60	0.0924856114414321	0.65297384215078
HROV-vOTU09255	Smoking_Status	Former_Smoker	3.23639536464753	1.89791660393682	77	67	0.0925223979679516	0.65297384215078
HROV-vOTU07600	Smoking_Status	Former_Smoker	3.38488464422583	1.9862406973118	77	60	0.0927230252010045	0.65297384215078
HROV-vOTU11662	diagnosis	RA	1.04859683134726	0.615679598678317	77	63	0.0929133860498526	0.65297384215078
HROV-vOTU21543	Age	Age	0.527361709383882	0.309465137294366	77	31	0.0927341763192487	0.65297384215078
HROV-vOTU00623	Smoking_Status	Former_Smoker	-2.98321777485544	1.75106171133074	77	41	0.0928177235390099	0.65297384215078
HROV-vOTU26417	Age	Age	0.552903305156083	0.32442454675859	77	23	0.0927057235728966	0.65297384215078
HROV-vOTU34352	diagnosis	RA	1.23528136626672	0.724861907400832	77	25	0.0927240447185519	0.65297384215078
HROV-vOTU14153	Sex	M	1.14854832248022	0.673866632006079	77	25	0.0926763741557769	0.65297384215078
HROV-vOTU53150	Age	Age	0.360459810358375	0.211450207196121	77	15	0.0926223042902226	0.65297384215078
HROV-vOTU36813	Smoking_Status	Former_Smoker	2.8046453008542	1.64671839542962	77	53	0.0929098238723717	0.65297384215078
HROV-vOTU49629	diagnosis	RA	-0.97510050193831	0.572253928125401	77	36	0.0927609004833543	0.65297384215078
HROV-vOTU04693	diagnosis	RA	-0.847320106686787	0.496722158912275	77	16	0.0924123823764324	0.65297384215078
HROV-vOTU04693	Smoking_Status	Never_Smoker	1.44522495007818	0.848474072343505	77	16	0.0928816003706603	0.65297384215078
HROV-vOTU39228	Age	Age	-0.66118116446808906	0.387643281369447	77	27	0.0924460463883348	0.65297384215078
HROV-vOTU74668	Smoking_Status	Never_Smoker	1.9495114130764	1.14240174855147	77	21	0.0922852281449031	0.65297384215078
HROV-vOTU28588	Smoking_Status	Never_Smoker	1.04698919573442	0.614661638980712	77	16	0.0928748042532141	0.65297384215078
HROV-vOTU29703	Age	Age	-0.271874708257158	0.159227035115101	77	16	0.092105199672389	0.65297384215078
HROV-vOTU52028	Sex	M	1.32581302372718	0.778385006438137	77	27	0.0928882789035725	0.65297384215078
HROV-vOTU14817	Sex	M	1.34130759859063	0.787687534977235	77	73	0.0929719369722078	0.653186000143364
HROV-vOTU13649	Smoking_Status	Former_Smoker	-2.15643368499628	1.26707462444429	77	66	0.093149479562393	0.654034303146924
HROV-vOTU04807	Smoking_Status	Never_Smoker	1.10562867069143	0.649627543229393	77	34	0.09314139331866	0.654034303146924
HROV-vOTU23563	Sex	M	0.726615388941154	0.427061848812365	77	77	0.0932382064600492	0.654125193275415
HROV-vOTU47271	Smoking_Status	Former_Smoker	2.8408705189167	1.66974588347098	77	61	0.093247633935006	0.654125193275415
HROV-vOTU72472	Smoking_Status	Never_Smoker	0.533974676113792	0.313818068873171	77	8	0.0932168516251017	0.654125193275415
HROV-vOTU59570	Sex	M	1.16153682317265	0.682900502560675	77	73	0.0933404106017446	0.654404502423916
HROV-vOTU00403	Sex	M	2.49491627156151	1.46707682420531	77	59	0.0933939743852621	0.654404502423916
HROV-vOTU68787	Smoking_Status	Never_Smoker	1.77780501337524	1.04549525697423	77	37	0.093424345515674	0.654404502423916
HROV-vOTU15372	Smoking_Status	Former_Smoker	2.80749584755077	1.65062871588351	77	67	0.0933447167261822	0.654404502423916
HROV-vOTU16795	diagnosis	RA	0.622271874091189	0.36595283529799	77	14	0.0934295268766755	0.654404502423916
HROV-vOTU75483	Sex	M	1.68699570694603	0.992560228959236	77	60	0.09357602404325	0.65441896468917
HROV-vOTU26876	diagnosis	RA	-0.985931830722636	0.579954437662279	77	37	0.0935050321231737	0.65441896468917
HROV-vOTU70896	Sex	M	1.34290582571827	0.790128446201076	77	41	0.0935828710401811	0.65441896468917
HROV-vOTU55046	diagnosis	RA	-0.641460734774557	0.377374348589337	77	13	0.0935459720393277	0.65441896468917
HROV-vOTU12682	Sex	M	0.983320586435567	0.578527171812573	77	18	0.0935654648743723	0.65441896468917
HROV-vOTU15866	Sex	M	-0.903755400007085	0.531776323099914	77	15	0.0936020872638352	0.65441896468917
HROV-vOTU35084	Age	Age	-0.58177284444751	0.34235527388242	77	67	0.0936357720277978	0.654455790531163
HROV-vOTU37447	Sex	M	1.38250227726018	0.813944601377963	77	62	0.0937879750822333	0.654544677306481
HROV-vOTU03559	Sex	M	1.46203596916671	0.86062597166409	77	66	0.0937341661383419	0.654544677306481
HROV-vOTU06121	Smoking_Status	Never_Smoker	1.33915760957725	0.788386369743031	77	56	0.0937719807351628	0.654544677306481
HROV-vOTU51707	Age	Age	-0.416455272073955	0.245185556978312	77	8	0.0937861425451383	0.654544677306481
HROV-vOTU25994	Age	Age	0.362239210113623	0.213287951821844	77	8	0.0938190177936905	0.654544677306481
HROV-vOTU19710	diagnosis	RA	-1.03331540564575	0.608386585240113	77	26	0.0938011208850116	0.654544677306481
HROV-vOTU29735	Smoking_Status	Former_Smoker	2.81794198628022	1.6604666429053	77	65	0.0940618008687307	0.655343476797814
HROV-vOTU18061	Smoking_Status	Former_Smoker	1.97850391452006	1.16594763558346	77	53	0.0940944883025822	0.655343476797814
HROV-vOTU67231	Smoking_Status	Former_Smoker	1.73283893688586	1.02115954021926	77	52	0.0940894902290289	0.655343476797814
HROV-vOTU23568	Smoking_Status	Former_Smoker	1.19983792810187	0.706854149160801	77	8	0.0939943415009446	0.655343476797814
HROV-vOTU55021	diagnosis	RA	-0.396233318926177	0.233454771528176	77	11	0.09402739711738	0.655343476797814
HROV-vOTU02809	diagnosis	RA	-0.42240440694705	0.248933713959511	77	14	0.0941042500117399	0.655343476797814
HROV-vOTU04745	Smoking_Status	Former_Smoker	-2.37616036600611	1.40095410561932	77	74	0.0942475399554479	0.655746478904522
HROV-vOTU27507	diagnosis	RA	-0.592596955015458	0.349372083415723	77	17	0.0942331402024853	0.655746478904522
HROV-vOTU21744	Age	Age	0.379611713703487	0.223787393473991	77	19	0.0942087887617839	0.655746478904522
HROV-vOTU32103	Smoking_Status	Never_Smoker	-1.75855855178532	1.03772251874828	77	59	0.0945273797213805	0.657056731077741
HROV-vOTU05726	Sex	M	0.951521834935577	0.561595992052868	77	72	0.094587557314939	0.657056731077741
HROV-vOTU28078	Smoking_Status	Never_Smoker	0.781280311577288	0.461149068556238	77	73	0.0946093116551189	0.657056731077741
HROV-vOTU04129	Age	Age	-0.446486627326215	0.26353466290037	77	74	0.0946054652666304	0.657056731077741
HROV-vOTU05602	diagnosis	RA	1.07478485203844	0.634109988019066	77	47	0.0944668365542031	0.657056731077741
HROV-vOTU46449	Sex	M	1.36621194274606	0.806570417306461	77	38	0.0946761641589397	0.657056731077741
HROV-vOTU18749	Age	Age	0.276498629690133	0.163244714450146	77	11	0.0946925044021597	0.657056731077741
HROV-vOTU24594	Smoking_Status	Former_Smoker	0.804359247033854	0.474893662562222	77	8	0.0946926309356066	0.657056731077741
HROV-vOTU54685	diagnosis	RA	0.836902486402357	0.493909593176122	77	12	0.0945632571414951	0.657056731077741
HROV-vOTU61390	Smoking_Status	Former_Smoker	-1.64811788827436	0.973221436408215	77	9	0.0947500654693476	0.657257231252733
HROV-vOTU27141	diagnosis	RA	0.538301713930673	0.317939136458362	77	76	0.0948207564205172	0.657549539405152
HROV-vOTU72028	Age	Age	-0.159582629812141	0.0942754631923338	77	11	0.094891471201135	0.657841836773672
HROV-vOTU57553	Sex	M	1.29545899697691	0.765688073194733	77	31	0.0950520149734002	0.658756516652846
HROV-vOTU03800	Smoking_Status	Never_Smoker	2.22691878889714	1.31780432087754	77	63	0.0954393735330925	0.65877550085454
HROV-vOTU00906	Age	Age	-0.396927743656675	0.234877477169479	77	73	0.0954269332191898	0.65877550085454
HROV-vOTU71430	Age	Age	-0.525581546267881	0.310883363376338	77	69	0.0952979059836231	0.65877550085454
HROV-vOTU05191	Smoking_Status	Former_Smoker	-2.05523916940532	1.21640791756982	77	34	0.0954919897788945	0.65877550085454
HROV-vOTU57091	Age	Age	-0.477271168531432	0.282380935597724	77	63	0.0953822460012115	0.65877550085454
HROV-vOTU68369	Smoking_Status	Never_Smoker	1.25985717966772	0.745702340642487	77	58	0.095512435838181	0.65877550085454
HROV-vOTU36939	Smoking_Status	Never_Smoker	1.35802778058317	0.803101338959503	77	52	0.0952263984637464	0.65877550085454
HROV-vOTU48273	diagnosis	RA	-0.70632094032812	0.417756329493674	77	28	0.0952706854914363	0.65877550085454
HROV-vOTU52139	diagnosis	RA	-1.07738985774383	0.637671911281593	77	44	0.0954976279591176	0.65877550085454
HROV-vOTU28595	Sex	M	1.40089019291276	0.828644299242621	77	65	0.0953028983368872	0.65877550085454
HROV-vOTU31171	Age	Age	0.509571546545575	0.301425465338009	77	62	0.0953109108799837	0.65877550085454
HROV-vOTU07537	diagnosis	RA	-0.902487886239228	0.534106535403851	77	56	0.0954692727102123	0.65877550085454
HROV-vOTU63801	diagnosis	RA	0.711940217775273	0.421356288601881	77	45	0.095483820427823	0.65877550085454
HROV-vOTU56296	Smoking_Status	Former_Smoker	-2.26567064639742	1.3395830036083	77	27	0.0951600226875871	0.65877550085454
HROV-vOTU64068	Smoking_Status	Never_Smoker	1.46710293597982	0.868071518733608	77	31	0.0954007554209324	0.65877550085454
HROV-vOTU72848	Smoking_Status	Never_Smoker	2.40021210900016	1.4200731263601	77	17	0.0953754505779823	0.65877550085454
HROV-vOTU36749	Sex	M	1.37693244531305	0.815124550173732	77	71	0.0955626975680072	0.658924827841679
HROV-vOTU53736	Smoking_Status	Never_Smoker	0.740239484724461	0.438250128747916	77	11	0.0955914956260456	0.658926113219943
HROV-vOTU68963	Smoking_Status	Never_Smoker	2.13668429602436	1.2653232644412	77	57	0.0956748705947477	0.659106272748142
HROV-vOTU19336	Smoking_Status	Former_Smoker	2.71652167723123	1.60864429252244	77	50	0.0956641684746046	0.659106272748142
HROV-vOTU72279	Smoking_Status	Former_Smoker	-1.43774317072991	0.851714813731575	77	73	0.0957885797218321	0.659495064572135
HROV-vOTU25189	diagnosis	RA	-0.8862923528781	0.525019082471251	77	56	0.0957774861188591	0.659495064572135
HROV-vOTU75697	Age	Age	0.424585140401546	0.251604830593278	77	72	0.0958945177764284	0.660027120260355
HROV-vOTU59806	Smoking_Status	Never_Smoker	1.23087123200449	0.729569217317009	77	24	0.0959693021996897	0.660147260949479
HROV-vOTU70085	Smoking_Status	Never_Smoker	1.44409362788348	0.855882989097858	77	17	0.0959431666071517	0.660147260949479
HROV-vOTU64692	Smoking_Status	Never_Smoker	1.13915194693093	0.675310715423754	77	28	0.096020406330112	0.660301569955951
HROV-vOTU56072	Smoking_Status	Former_Smoker	3.59297694079371	2.13155886333689	77	33	0.0962614077092688	0.660374414781605
HROV-vOTU75645	Age	Age	0.392427593212665	0.232936874114453	77	75	0.0964386942822709	0.660374414781605
HROV-vOTU48679	Smoking_Status	Never_Smoker	1.71440703144176	1.0176100315789	77	68	0.0964302202647464	0.660374414781605
HROV-vOTU43556	Sex	M	1.19973910844991	0.712003141609822	77	73	0.0963758122874333	0.660374414781605
HROV-vOTU16732	Sex	M	1.32392170129037	0.785975356584742	77	61	0.0964897918254495	0.660374414781605
HROV-vOTU56707	Age	Age	0.53578200136393	0.317697183280123	77	31	0.0960979180450878	0.660374414781605
HROV-vOTU52308	Smoking_Status	Never_Smoker	1.55498653667823	0.923071484742696	77	48	0.0964612580957523	0.660374414781605
HROV-vOTU40721	Sex	M	0.954355029866353	0.566182407047255	77	30	0.0962640404155365	0.660374414781605
HROV-vOTU49546	Age	Age	-0.298490499376441	0.177195745518261	77	43	0.0964718473959913	0.660374414781605
HROV-vOTU50690	Smoking_Status	Former_Smoker	1.7606823716341	1.04502368970528	77	21	0.0964134322930039	0.660374414781605
HROV-vOTU23603	Sex	M	1.25178604208441	0.742546772302343	77	35	0.0962244463068247	0.660374414781605
HROV-vOTU33217	Sex	M	0.865403623626361	0.513617975534312	77	21	0.0963956730974506	0.660374414781605
HROV-vOTU43438	Smoking_Status	Never_Smoker	1.2970276817764	0.769713716594277	77	27	0.0963644485375373	0.660374414781605
HROV-vOTU44398	Smoking_Status	Never_Smoker	1.29233785993393	0.766614766551412	77	18	0.0962300083900846	0.660374414781605
HROV-vOTU00962	Age	Age	0.365235456925124	0.216715955226011	77	12	0.0963178173242764	0.660374414781605
HROV-vOTU07570	Smoking_Status	Former_Smoker	1.28811923342805	0.764093778009768	77	9	0.096222108508935	0.660374414781605
HROV-vOTU20181	diagnosis	RA	-0.751137596395889	0.446021606446247	77	18	0.0965573465247004	0.660444220511984
HROV-vOTU10032	diagnosis	RA	-1.03427751078156	0.614095169371242	77	67	0.0965288991547324	0.660444220511984
HROV-vOTU48368	Age	Age	0.491849469036013	0.292962421205298	77	67	0.0975711821001797	0.660770421483934
HROV-vOTU01753	Age	Age	-0.43961028822208	0.261980317346881	77	73	0.0977385854701974	0.660770421483934
HROV-vOTU01415	Age	Age	0.557744557683424	0.332144883683522	77	71	0.0975049880972459	0.660770421483934
HROV-vOTU61960	Sex	M	1.40919267484662	0.84013181171298	77	37	0.0978721234239347	0.660770421483934
HROV-vOTU12421	Smoking_Status	Former_Smoker	-2.71015705628234	1.61503356425423	77	65	0.097728191124071	0.660770421483934
HROV-vOTU07548	Sex	M	1.69359572637153	1.00902831160612	77	71	0.0976573940158525	0.660770421483934
HROV-vOTU05478	Sex	M	0.792024011890415	0.47225578361555	77	73	0.0979190368899957	0.660770421483934
HROV-vOTU55361	Sex	M	1.62706075053497	0.968009530063116	77	63	0.0971902701236291	0.660770421483934
HROV-vOTU54747	Smoking_Status	Never_Smoker	1.09171273318518	0.65014327585536	77	73	0.0975113986613227	0.660770421483934
HROV-vOTU46262	diagnosis	RA	1.11879119310222	0.666527508854597	77	53	0.0976387971994047	0.660770421483934
HROV-vOTU44212	Smoking_Status	Former_Smoker	-2.32197184474491	1.38059233492278	77	26	0.0969884611295944	0.660770421483934
HROV-vOTU40942	Age	Age	0.580765551362081	0.346236493753962	77	70	0.0978682884946354	0.660770421483934
HROV-vOTU49378	Smoking_Status	Never_Smoker	1.95937319586671	1.16869082031687	77	50	0.0980278918281958	0.660770421483934
HROV-vOTU02169	Smoking_Status	Never_Smoker	-2.21511444260357	1.31993785100176	77	49	0.0977056377613146	0.660770421483934
HROV-vOTU08745	Smoking_Status	Never_Smoker	1.4579932059207	0.868188973597233	77	74	0.0974796767811723	0.660770421483934
HROV-vOTU25354	Smoking_Status	Never_Smoker	1.94759845274841	1.15867631214833	77	41	0.0971803339197021	0.660770421483934
HROV-vOTU51786	Smoking_Status	Never_Smoker	-1.38659737706976	0.826148816033201	77	20	0.0976682269819686	0.660770421483934
HROV-vOTU72545	Smoking_Status	Never_Smoker	-1.02459651305736	0.610152662723425	77	8	0.097500003952003	0.660770421483934
HROV-vOTU22345	Age	Age	0.643029957533803	0.382435899470813	77	34	0.0970782126502268	0.660770421483934
HROV-vOTU45052	Smoking_Status	Former_Smoker	2.88144339488389	1.71318260201959	77	63	0.0969771861623587	0.660770421483934
HROV-vOTU43884	Age	Age	-0.277160328989185	0.165131422192648	77	73	0.0976612177259294	0.660770421483934
HROV-vOTU08060	Smoking_Status	Former_Smoker	2.83275370478894	1.68406434896191	77	63	0.0969442249424482	0.660770421483934
HROV-vOTU38705	Smoking_Status	Never_Smoker	1.42826290762455	0.849978383621969	77	68	0.0972838371413555	0.660770421483934
HROV-vOTU10151	Sex	M	1.477661130347	0.879473587113719	77	65	0.0973202828178396	0.660770421483934
HROV-vOTU12221	Smoking_Status	Never_Smoker	2.46965223088296	1.47306973048745	77	61	0.0980317105585021	0.660770421483934
HROV-vOTU74522	Smoking_Status	Never_Smoker	1.9248853387834	1.14776845925237	77	38	0.097926986169701	0.660770421483934
HROV-vOTU06937	Smoking_Status	Former_Smoker	1.58552552873302	0.944362758403154	77	12	0.0975605146019822	0.660770421483934
HROV-vOTU46449	Age	Age	0.524807317156143	0.312660799813865	77	38	0.097642214320221	0.660770421483934
HROV-vOTU75404	Sex	M	0.745817454632377	0.443470904248543	77	12	0.0970066284407741	0.660770421483934
HROV-vOTU46834	diagnosis	RA	-1.09234233455248	0.650492492958028	77	25	0.0974984048793194	0.660770421483934
HROV-vOTU53018	Age	Age	-0.627975867897349	0.373954112866732	77	54	0.0974922288380815	0.660770421483934
HROV-vOTU72000	Smoking_Status	Former_Smoker	-1.01454394375563	0.603612738062818	77	12	0.0971990833943414	0.660770421483934
HROV-vOTU60373	Age	Age	-0.444400017764117	0.265063035294843	77	31	0.098022300202495	0.660770421483934
HROV-vOTU25387	Smoking_Status	Never_Smoker	0.915656046089282	0.545757567082085	77	20	0.0977890252257268	0.660770421483934
HROV-vOTU27793	Smoking_Status	Never_Smoker	1.13273444883203	0.675082865198484	77	9	0.0977599167169367	0.660770421483934
HROV-vOTU44936	Sex	M	-1.10037746679201	0.655263038245681	77	35	0.0974911875349715	0.660770421483934
HROV-vOTU01220	Smoking_Status	Former_Smoker	2.09125635922381	1.24589151103337	77	54	0.0976417594859014	0.660770421483934
HROV-vOTU25110	Smoking_Status	Never_Smoker	1.64166470395183	0.978784794671852	77	25	0.0978916051019747	0.660770421483934
HROV-vOTU53720	diagnosis	RA	-1.00913343394955	0.600631839241323	77	58	0.0973292037186815	0.660770421483934
HROV-vOTU30159	Smoking_Status	Former_Smoker	2.06608658960621	1.23238514062408	77	40	0.0980396235436649	0.660770421483934
HROV-vOTU72129	Sex	M	-0.98490261663447	0.585054500848505	77	29	0.0966828118841706	0.660770421483934
HROV-vOTU04677	Smoking_Status	Never_Smoker	1.10657249358144	0.657468301825467	77	21	0.0967520539703908	0.660770421483934
HROV-vOTU08341	diagnosis	RA	-0.80781466839932	0.480676448723924	77	18	0.0972395522104191	0.660770421483934
HROV-vOTU41061	Age	Age	-0.275140256372218	0.163721207195819	77	12	0.0972468737848565	0.660770421483934
HROV-vOTU68499	Age	Age	-0.276279417152634	0.16421824552738	77	11	0.0968861652814529	0.660770421483934
HROV-vOTU24816	diagnosis	RA	0.515221995439198	0.306338135434938	77	11	0.0969870736432048	0.660770421483934
HROV-vOTU27389	Smoking_Status	Never_Smoker	0.783588447122897	0.46546809940851003	77	11	0.0966819565720286	0.660770421483934
HROV-vOTU01630	Smoking_Status	Never_Smoker	0.646078930705184	0.384063963970452	77	9	0.0969201778475656	0.660770421483934
HROV-vOTU51286	Smoking_Status	Never_Smoker	1.48789119898816	0.884105857242349	77	17	0.0967807966346774	0.660770421483934
HROV-vOTU28477	Smoking_Status	Former_Smoker	-1.77691158329348	1.05604556196889	77	10	0.0968439157538994	0.660770421483934
HROV-vOTU25646	Smoking_Status	Former_Smoker	1.83352728631101	1.09378796183898	77	28	0.0980759118135754	0.660821605929386
HROV-vOTU05088	Smoking_Status	Never_Smoker	1.41617608000115	0.844984758614852	77	74	0.0981410734074888	0.661067247901278
HROV-vOTU05876	Sex	M	1.63350712790896	0.974818265811437	77	59	0.0981949775748244	0.661236939633978
HROV-vOTU68703	Sex	M	1.31616340589501	0.785591890038348	77	34	0.0982591899534175	0.661475926520668
HROV-vOTU09376	Sex	M	0.541578200008173	0.323473192378635	77	10	0.0984795392074493	0.66158537591293
HROV-vOTU19129	Sex	M	1.4907590445291	0.890373562043909	77	44	0.0984701732564538	0.66158537591293
HROV-vOTU15039	Smoking_Status	Never_Smoker	-2.56287792078192	1.5305009510469	77	30	0.0984252254891485	0.66158537591293
HROV-vOTU30442	diagnosis	RA	-0.503944840818843	0.300998478748801	77	10	0.0984827155902158	0.66158537591293
HROV-vOTU19163	diagnosis	RA	0.362623565347438	0.216604249400371	77	9	0.0985052650458288	0.66158537591293
HROV-vOTU59663	Smoking_Status	Never_Smoker	1.55445858416645	0.928257850836444	77	21	0.0984129039846639	0.66158537591293
HROV-vOTU45888	Age	Age	-0.354093610150506	0.211492086804465	77	13	0.0984787123244193	0.66158537591293
HROV-vOTU24292	diagnosis	RA	0.781736770902493	0.466869390487486	77	12	0.0984474067984669	0.66158537591293
HROV-vOTU51501	Smoking_Status	Former_Smoker	1.33716242748757	0.800568189786792	77	71	0.0992697618444911	0.661771006841696
HROV-vOTU02138	diagnosis	RA	-1.19504887572651	0.718023389664016	77	41	0.100448285985882	0.661771006841696
HROV-vOTU08286	diagnosis	RA	0.343727336941368	0.205629152688139	77	74	0.099007615779409	0.661771006841696
HROV-vOTU75152	Age	Age	-0.373651646899193	0.224196706980503	77	71	0.0999951078133711	0.661771006841696
HROV-vOTU61744	Smoking_Status	Former_Smoker	-1.74854021473428	1.05095914871376	77	24	0.100569152669272	0.661771006841696
HROV-vOTU50049	Age	Age	0.637002136563559	0.380803401175852	77	56	0.0987708583231141	0.661771006841696
HROV-vOTU65229	Age	Age	-0.513844877411877	0.30852904023291	77	45	0.100226469069632	0.661771006841696
HROV-vOTU73219	Smoking_Status	Never_Smoker	-2.4558781834253	1.47604699276289	77	59	0.100556203139645	0.661771006841696
HROV-vOTU59691	Smoking_Status	Never_Smoker	2.34255675731913	1.40014178981939	77	60	0.0987114383962445	0.661771006841696
HROV-vOTU35164	Smoking_Status	Former_Smoker	-3.3197185036879	1.98814247300207	77	58	0.0993706397514691	0.661771006841696
HROV-vOTU60486	Smoking_Status	Former_Smoker	-2.68671985697468	1.60767158053845	77	54	0.0990871918405337	0.661771006841696
HROV-vOTU02356	Smoking_Status	Never_Smoker	1.53414274510616	0.919582544461988	77	70	0.0996601738902246	0.661771006841696
HROV-vOTU43644	Smoking_Status	Never_Smoker	1.81001585070937	1.08311025452378	77	60	0.0990988941842531	0.661771006841696
HROV-vOTU38811	Smoking_Status	Never_Smoker	1.55534284852683	0.934192982280871	77	57	0.10033887660974	0.661771006841696
HROV-vOTU07508	Sex	M	0.339028152385267	0.203021185354465	77	75	0.0993395886237234	0.661771006841696
HROV-vOTU53569	Smoking_Status	Former_Smoker	1.33480574499092	0.80229375932938	77	60	0.100573101343723	0.661771006841696
HROV-vOTU48382	Smoking_Status	Former_Smoker	-2.36228099100783	1.41654077826208	77	67	0.0997922601300754	0.661771006841696
HROV-vOTU62616	Smoking_Status	Never_Smoker	1.45773143464942	0.872357225170314	77	64	0.0991191528724173	0.661771006841696
HROV-vOTU20020	Smoking_Status	Never_Smoker	1.17494296139796	0.704395897053814	77	69	0.0997176311981478	0.661771006841696
HROV-vOTU29403	Age	Age	-0.433835606916355	0.260527035470163	77	61	0.100275268347594	0.661771006841696
HROV-vOTU38046	Smoking_Status	Former_Smoker	2.90254189098323	1.74342075667055	77	69	0.100349051551518	0.661771006841696
HROV-vOTU14148	Smoking_Status	Former_Smoker	3.32296374094108	1.99180344851538	77	68	0.0996570593619249	0.661771006841696
HROV-vOTU09229	Age	Age	-0.561700705955396	0.336334625037526	77	65	0.0993098113359972	0.661771006841696
HROV-vOTU56875	diagnosis	RA	-0.611744261171404	0.365911056714303	77	12	0.0989580703656375	0.661771006841696
HROV-vOTU28487	diagnosis	RA	-1.03950319631241	0.624706535411616	77	48	0.100523044701153	0.661771006841696
HROV-vOTU45833	diagnosis	RA	-0.842426955416933	0.506140871063495	77	67	0.100437707572517	0.661771006841696
HROV-vOTU65967	Age	Age	-0.351596457817138	0.211173267466075	77	64	0.100326580775442	0.661771006841696
HROV-vOTU24417	Smoking_Status	Former_Smoker	2.69996525894491	1.61997543340516	77	67	0.0999858525899203	0.661771006841696
HROV-vOTU74136	Age	Age	0.51866261494832	0.310736677187763	77	35	0.0994939282364287	0.661771006841696
HROV-vOTU05179	diagnosis	RA	1.03681298423759	0.622309128233435	77	49	0.100105057269983	0.661771006841696
HROV-vOTU72225	Smoking_Status	Former_Smoker	-1.32112742075777	0.792291345530338	77	10	0.0998249396649387	0.661771006841696
HROV-vOTU01200	Sex	M	1.02695837515988	0.615175520537235	77	27	0.0994470211022571	0.661771006841696
HROV-vOTU08175	Sex	M	1.06730333715146	0.638004107198193	77	27	0.0987523356209033	0.661771006841696
HROV-vOTU73653	Smoking_Status	Former_Smoker	2.32285686158513	1.39220009473866	77	45	0.0996251824286657	0.661771006841696
HROV-vOTU20688	Smoking_Status	Never_Smoker	2.04888830090064	1.23120577287971	77	33	0.100493951301263	0.661771006841696
HROV-vOTU17300	Smoking_Status	Former_Smoker	1.93276204506187	1.15686479569608	77	13	0.0991858277056172	0.661771006841696
HROV-vOTU14110	Smoking_Status	Former_Smoker	-2.07512680881365	1.2468233539032	77	33	0.1004539425809	0.661771006841696
HROV-vOTU67751	diagnosis	RA	-0.700804756863749	0.41964416856959	77	18	0.0993232088446498	0.661771006841696
HROV-vOTU52289	Smoking_Status	Never_Smoker	-1.11014263638579	0.664505080616582	77	21	0.0991975103736613	0.661771006841696
HROV-vOTU24527	Smoking_Status	Former_Smoker	-0.916939774114252	0.548999078502389	77	13	0.0992824674878857	0.661771006841696
HROV-vOTU12665	Sex	M	1.40123921064985	0.840731663047619	77	51	0.0999819207361804	0.661771006841696
HROV-vOTU40973	Sex	M	0.589332578803779	0.353591237004597	77	14	0.0999787949109933	0.661771006841696
HROV-vOTU36381	Smoking_Status	Never_Smoker	0.883737344791891	0.530052422461893	77	17	0.0998673756947323	0.661771006841696
HROV-vOTU17167	Smoking_Status	Never_Smoker	1.59062681317397	0.952066573086856	77	50	0.09918186006018	0.661771006841696
HROV-vOTU67860	Sex	M	0.837136965039173	0.502807103388272	77	18	0.100334593485077	0.661771006841696
HROV-vOTU26654	diagnosis	RA	-0.746576046719967	0.446733026421516	77	20	0.099086474130846	0.661771006841696
HROV-vOTU70988	diagnosis	RA	0.844212734090899	0.506251106993236	77	23	0.0998049403558194	0.661771006841696
HROV-vOTU08189	diagnosis	RA	-0.839790400848277	0.502325605383922	77	37	0.0989647647174069	0.661771006841696
HROV-vOTU62007	Smoking_Status	Former_Smoker	1.83670708382784	1.10312998528993	77	26	0.100320700057198	0.661771006841696
HROV-vOTU66410	Smoking_Status	Never_Smoker	2.17550547470034	1.30499122475654	77	52	0.0999070509420089	0.661771006841696
HROV-vOTU20111	Smoking_Status	Never_Smoker	2.0896225431430002	1.24856936655621	77	44	0.0986071125306803	0.661771006841696
HROV-vOTU42025	Smoking_Status	Former_Smoker	2.6944286432597	1.61443409907857	77	51	0.0995291446579225	0.661771006841696
HROV-vOTU17874	diagnosis	RA	-1.0756700837504	0.64443280783341	77	30	0.0994870327510541	0.661771006841696
HROV-vOTU15726	Smoking_Status	Former_Smoker	1.2255640087459	0.734969623825531	77	12	0.0998197220651576	0.661771006841696
HROV-vOTU55435	Smoking_Status	Former_Smoker	1.94711726405714	1.16626828790224	77	10	0.099416571248083	0.661771006841696
HROV-vOTU14106	Smoking_Status	Never_Smoker	1.77071732837248	1.06295848241496	77	21	0.100152087579957	0.661771006841696
HROV-vOTU06146	diagnosis	RA	-1.17872221582478	0.70783780374961	77	23	0.100271185533674	0.661771006841696
HROV-vOTU24040	Age	Age	-0.457528611323474	0.274654813221043	77	19	0.10015353886232	0.661771006841696
HROV-vOTU34831	Age	Age	-0.540408217083038	0.32401713964757	77	33	0.0997528446841462	0.661771006841696
HROV-vOTU51691	diagnosis	RA	-1.26704988130523	0.760536610524558	77	48	0.100120907672646	0.661771006841696
HROV-vOTU03737	Sex	M	-0.964074079010827	0.576832606901971	77	23	0.0990600718923189	0.661771006841696
HROV-vOTU37691	Smoking_Status	Former_Smoker	0.786512308685446	0.470957426725353	77	10	0.0993170794875056	0.661771006841696
HROV-vOTU21972	Smoking_Status	Never_Smoker	0.922702493897589	0.554433664449514	77	13	0.100475155165067	0.661771006841696
HROV-vOTU03088	diagnosis	RA	-0.712279730086311	0.427178776483547	77	15	0.0998393952982646	0.661771006841696
HROV-vOTU22635	Age	Age	-0.268228287451956	0.161096324397568	77	8	0.100316298073689	0.661771006841696
HROV-vOTU30661	diagnosis	RA	0.737444871102365	0.44219967069965	77	22	0.0997856217792652	0.661771006841696
HROV-vOTU20871	Smoking_Status	Never_Smoker	1.42716001206919	0.85439672106569	77	14	0.099248947956061	0.661771006841696
HROV-vOTU05590	Smoking_Status	Never_Smoker	0.8155798524965	0.489726847742088	77	12	0.100244431831586	0.661771006841696
HROV-vOTU17386	Smoking_Status	Never_Smoker	0.719923295140556	0.431110277518868	77	13	0.0993369560916726	0.661771006841696
HROV-vOTU62802	Smoking_Status	Never_Smoker	1.25003702614899	0.749018805657461	77	10	0.0995415386764136	0.661771006841696
HROV-vOTU28815	Sex	M	0.772213678077525	0.463968305383855	77	10	0.100446672817043	0.661771006841696
HROV-vOTU07548	diagnosis	RA	-1.27129587104737	0.764513224805017	77	71	0.10074461186206	0.661891271073186
HROV-vOTU11091	Smoking_Status	Former_Smoker	2.46320552213926	1.48114282823429	77	65	0.100712242753487	0.661891271073186
HROV-vOTU53087	diagnosis	RA	-1.85947487345644	1.1182879520904	77	49	0.100763820945835	0.661891271073186
HROV-vOTU25750	Smoking_Status	Never_Smoker	1.67840021223515	1.00935911056293	77	63	0.100753702768981	0.661891271073186
HROV-vOTU69384	Smoking_Status	Never_Smoker	1.9786852209819	1.18982342363969	77	48	0.100719561500819	0.661891271073186
HROV-vOTU49719	Sex	M	0.781126196507094	0.469626749239631	77	12	0.100662503479604	0.661891271073186
HROV-vOTU41804	diagnosis	RA	-0.533712939934013	0.321157156017889	77	8	0.100953612085887	0.662594081458108
HROV-vOTU23315	diagnosis	RA	-1.1620971163605	0.6993946889209	77	38	0.101007560310311	0.662594081458108
HROV-vOTU32445	diagnosis	RA	-0.711130026961709	0.427979989316152	77	29	0.10100335415015	0.662594081458108
HROV-vOTU05683	Age	Age	0.365147128934788	0.219764238938242	77	19	0.101014668692984	0.662594081458108
HROV-vOTU62984	Smoking_Status	Never_Smoker	1.57007830765435	0.944827924220639	77	39	0.100970199612663	0.662594081458108
HROV-vOTU73516	Smoking_Status	Never_Smoker	0.829026563521624	0.499021192506477	77	14	0.101061986632773	0.662715703915937
HROV-vOTU61734	Age	Age	0.565768530478294	0.340611436474778	77	55	0.101115856390216	0.6627687070628
HROV-vOTU32087	Smoking_Status	Never_Smoker	2.21335193447325	1.33376786175761	77	51	0.101431634126334	0.6627687070628
HROV-vOTU21530	Smoking_Status	Former_Smoker	-1.45957517341696	0.879299488060978	77	10	0.101339455704758	0.6627687070628
HROV-vOTU61483	Smoking_Status	Never_Smoker	1.37349371044706	0.827359608467939	77	43	0.101306497150007	0.6627687070628
HROV-vOTU66481	Sex	M	1.24812740066702	0.751689683590835	77	65	0.101238635844239	0.6627687070628
HROV-vOTU43965	Age	Age	-0.661510730927674	0.39848671579315	77	67	0.101313684075749	0.6627687070628
HROV-vOTU50704	Smoking_Status	Former_Smoker	-3.15919791869569	1.90380678759819	77	28	0.101444189856551	0.6627687070628
HROV-vOTU54931	Smoking_Status	Former_Smoker	-0.667292674181799	0.402079270134661	77	8	0.101405040066795	0.6627687070628
HROV-vOTU75635	Smoking_Status	Former_Smoker	2.84465243763734	1.71354414710344	77	55	0.101305298576767	0.6627687070628
HROV-vOTU12872	Age	Age	-0.388347570785665	0.233956031206453	77	30	0.101342002249369	0.6627687070628
HROV-vOTU69490	Smoking_Status	Never_Smoker	1.04539844365163	0.6298904148397	77	25	0.101395641443996	0.6627687070628
HROV-vOTU49583	Smoking_Status	Never_Smoker	1.37298799437416	0.827272534161594	77	46	0.101394650009629	0.6627687070628
HROV-vOTU16683	Sex	M	0.405277318986437	0.244097658841105	77	8	0.101263043128694	0.6627687070628
HROV-vOTU12872	Smoking_Status	Former_Smoker	1.82850422552056	1.10265650704176	77	30	0.101674595566754	0.66408563128257
HROV-vOTU23159	diagnosis	RA	-0.942847909753345	0.56869413033662	77	71	0.101746363435531	0.664124113313544
HROV-vOTU01979	Sex	M	-1.62790598092335	0.981911291185828	77	40	0.101750873335255	0.664124113313544
HROV-vOTU30080	Smoking_Status	Never_Smoker	1.59566704186341	0.962511801303828	77	14	0.101766999387038	0.664124113313544
HROV-vOTU25224	Smoking_Status	Never_Smoker	1.40124242440575	0.845367006311085	77	13	0.101819770898507	0.664280261697622
HROV-vOTU04428	Age	Age	-0.357406479437205	0.215641404314573	77	73	0.101848946855869	0.664282425967336
HROV-vOTU12315	diagnosis	RA	-0.772108258718736	0.465928996064348	77	11	0.101904512879275	0.664456662403655
HROV-vOTU35570	Smoking_Status	Never_Smoker	2.45045163218616	1.48050631461709	77	60	0.10230934731953	0.666170343501043
HROV-vOTU32087	diagnosis	RA	-1.2927327345773	0.780827692177058	77	51	0.102218121768067	0.666170343501043
HROV-vOTU59611	Sex	M	1.55733652778195	0.940837388142785	77	40	0.102284509528278	0.666170343501043
HROV-vOTU55149	Sex	M	1.05550705999734	0.637788735145791	77	25	0.102349343280637	0.666170343501043
HROV-vOTU57842	diagnosis	RA	-0.83341154858536	0.503586683619086	77	22	0.102348584384392	0.666170343501043
HROV-vOTU70764	Age	Age	-0.548240754053114	0.331293878574941	77	56	0.102369815269222	0.666170343501043
HROV-vOTU39127	Age	Age	-0.171036106773242	0.103339761124067	77	9	0.102321383975044	0.666170343501043
HROV-vOTU08922	Smoking_Status	Former_Smoker	1.12218388161897	0.678193089979138	77	12	0.102406461113148	0.666220564812374
HROV-vOTU41996	Age	Age	-0.252689772038492	0.152734823424738	77	17	0.1024538461055	0.66634060316568
HROV-vOTU60965	diagnosis	RA	-0.786958670132755	0.475918075647676	77	29	0.102632307953151	0.667312832343613
HROV-vOTU66742	Age	Age	-0.27110967065916	0.164110242670138	77	58	0.102951318010976	0.667539392282278
HROV-vOTU36455	Smoking_Status	Never_Smoker	-1.67443422861541	1.01357057099649	77	37	0.102947600241803	0.667539392282278
HROV-vOTU23563	Age	Age	-0.273338286072156	0.165547231034793	77	77	0.103130923045608	0.667539392282278
HROV-vOTU22046	Smoking_Status	Never_Smoker	1.43591013432738	0.868617502004533	77	33	0.10272634104839	0.667539392282278
HROV-vOTU33272	diagnosis	RA	-0.617940104344212	0.373909758233032	77	67	0.102818911756548	0.667539392282278
HROV-vOTU43584	Age	Age	0.70271788225274	0.425589094211799	77	30	0.103121604160936	0.667539392282278
HROV-vOTU03489	Sex	M	0.988002352214047	0.597848378372216	77	49	0.102828753631794	0.667539392282278
HROV-vOTU53287	Sex	M	0.57150354145136	0.345900030679644	77	14	0.102905422968287	0.667539392282278
HROV-vOTU12820	diagnosis	RA	-0.99106190909734	0.600195737764131	77	67	0.103108086322352	0.667539392282278
HROV-vOTU67169	Smoking_Status	Never_Smoker	1.27340594200753	0.771233667510563	77	40	0.103129096296329	0.667539392282278
HROV-vOTU36004	Sex	M	1.16242045777612	0.703380253673487	77	26	0.102823972615765	0.667539392282278
HROV-vOTU36179	Smoking_Status	Never_Smoker	0.916421950049891	0.554812618253132	77	11	0.102998129972309	0.667539392282278
HROV-vOTU42914	Sex	M	0.763389305734385	0.462181855214492	77	18	0.103010558884821	0.667539392282278
HROV-vOTU67371	Smoking_Status	Never_Smoker	1.44241869622627	0.873177776346946	77	17	0.102967384713296	0.667539392282278
HROV-vOTU09655	Smoking_Status	Never_Smoker	1.485171665494	0.89940271061937	77	23	0.103096731627254	0.667539392282278
HROV-vOTU46569	Smoking_Status	Never_Smoker	0.771942056468329	0.467032501745121	77	17	0.102773815063383	0.667539392282278
HROV-vOTU09858	Age	Age	0.523663677594554	0.317215665725304	77	58	0.103193783161341	0.667584691802492
HROV-vOTU07976	diagnosis	RA	-1.0950762596854	0.663359958367357	77	39	0.103195896778848	0.667584691802492
HROV-vOTU40123	Sex	M	1.23923078275441	0.751086908624604	77	68	0.103377537622516	0.667634518072504
HROV-vOTU42685	Sex	M	1.21144275813673	0.734059953575827	77	19	0.103292299100146	0.667634518072504
HROV-vOTU54408	Age	Age	-0.464012676499037	0.28117345260843	77	16	0.103304638240991	0.667634518072504
HROV-vOTU34791	Smoking_Status	Former_Smoker	-1.4948749170403	0.905925012809109	77	18	0.103338093353019	0.667634518072504
HROV-vOTU22508	Smoking_Status	Former_Smoker	1.92426310971977	1.16627335574418	77	55	0.10337590095676	0.667634518072504
HROV-vOTU61223	Age	Age	-0.459362976874659	0.278344071173843	77	53	0.103290235515802	0.667634518072504
HROV-vOTU25593	Sex	M	1.4777046712284	0.895810298795156	77	25	0.103448025562225	0.667902447069819
HROV-vOTU63642	Age	Age	-0.528943339070356	0.320720428040828	77	16	0.103517492609832	0.668163636436219
HROV-vOTU05388	Smoking_Status	Former_Smoker	3.07966073456589	1.86759705673648	77	24	0.10356651493397	0.668292753972911
HROV-vOTU39338	Smoking_Status	Never_Smoker	1.89942439601747	1.1519987717914	77	50	0.103605297707172	0.66835574403253994
HROV-vOTU10604	Age	Age	0.262652882370326	0.159312519009907	77	77	0.103634744488919	0.668358489381073
HROV-vOTU51859	diagnosis	RA	-0.813821122344782	0.493853371729703	77	75	0.10379195133017	0.668526452148137
HROV-vOTU40887	Age	Age	-0.293759317400475	0.178297291468856	77	37	0.1038576002409	0.668526452148137
HROV-vOTU55790	Age	Age	-0.66501246714789	0.403492003784707	77	37	0.103742027142869	0.668526452148137
HROV-vOTU01537	Age	Age	0.417778831940051	0.253496866094547	77	22	0.103758441671927	0.668526452148137
HROV-vOTU14404	Sex	M	0.535433164770198	0.324979846484117	77	10	0.103856088912546	0.668526452148137
HROV-vOTU41807	Age	Age	0.506592208304373	0.307405341973374	77	35	0.103779327679931	0.668526452148137
HROV-vOTU42122	Sex	M	0.742213961763224	0.450495430305391	77	12	0.103863988093184	0.668526452148137
HROV-vOTU56332	Age	Age	0.335247651895106	0.203561544783388	77	19	0.103995871542001	0.669001374752036
HROV-vOTU29655	Smoking_Status	Former_Smoker	-2.07554559556289	1.26023033256046	77	9	0.103986220515775	0.669001374752036
HROV-vOTU15351	Smoking_Status	Never_Smoker	1.5014914514221	0.91191097171585	77	25	0.104073751575358	0.669128559123532
HROV-vOTU59099	Smoking_Status	Never_Smoker	0.587655922666586	0.356895686616786	77	13	0.104064838245694	0.669128559123532
HROV-vOTU04832	Age	Age	-0.40794073241103	0.248274314345814	77	73	0.10478297210017	0.669269462059873
HROV-vOTU08081	Sex	M	1.10464429578941	0.672057193117119	77	70	0.104664534790315	0.669269462059873
HROV-vOTU30007	Age	Age	0.309035374948498	0.188076863194587	77	76	0.104777052168464	0.669269462059873
HROV-vOTU30321	Smoking_Status	Never_Smoker	1.29788941549065	0.78916586052494	77	72	0.104466024681452	0.669269462059873
HROV-vOTU35974	Smoking_Status	Former_Smoker	-2.7551854453003	1.67514930370424	77	55	0.104444150704812	0.669269462059873
HROV-vOTU32094	diagnosis	RA	0.979707302142585	0.596268253898893	77	26	0.104791309822155	0.669269462059873
HROV-vOTU74737	diagnosis	RA	1.2750713382796801	0.776036483900833	77	59	0.104793125496652	0.669269462059873
HROV-vOTU61992	Sex	M	0.918814248086972	0.558470628509636	77	53	0.104342252476042	0.669269462059873
HROV-vOTU04146	Sex	M	1.27353384070317	0.77410951128898	77	34	0.104357367455337	0.669269462059873
HROV-vOTU18043	Smoking_Status	Never_Smoker	1.07413317398546	0.653102604743587	77	34	0.104460294032401	0.669269462059873
HROV-vOTU01037	diagnosis	RA	-0.575910396112136	0.35022780310338397	77	9	0.104517051474782	0.669269462059873
HROV-vOTU56503	Smoking_Status	Never_Smoker	1.34697375369226	0.818675363074961	77	71	0.104326566364782	0.669269462059873
HROV-vOTU59484	Age	Age	0.411994830961679	0.250500242270269	77	59	0.104454884337293	0.669269462059873
HROV-vOTU09276	Age	Age	-0.5814558796132	0.353313353214711	77	39	0.104240982549395	0.669269462059873
HROV-vOTU37639	Smoking_Status	Former_Smoker	2.77351484400276	1.68708513492404	77	57	0.10460392588216	0.669269462059873
HROV-vOTU64208	Sex	M	1.34980965930561	0.821479893791678	77	52	0.104774877521842	0.669269462059873
HROV-vOTU72107	Smoking_Status	Former_Smoker	1.72524388906478	1.04964878368991	77	25	0.104672167198993	0.669269462059873
HROV-vOTU40962	Sex	M	2.06746865410852	1.25617036537142	77	32	0.104214621978836	0.669269462059873
HROV-vOTU43115	diagnosis	RA	-0.748766248201163	0.455252272384193	77	19	0.10444664021239	0.669269462059873
HROV-vOTU14957	Smoking_Status	Never_Smoker	1.28435318264748	0.780559123791653	77	19	0.104302094443375	0.669269462059873
HROV-vOTU13246	Smoking_Status	Never_Smoker	1.69365719801773	1.02938593014366	77	17	0.104326666646571	0.669269462059873
HROV-vOTU16374	Smoking_Status	Never_Smoker	1.04859046904771	0.6379044767657	77	16	0.104637837758903	0.669269462059873
HROV-vOTU07677	Age	Age	-0.487871898647501	0.296740853082773	77	24	0.104576506290999	0.669269462059873
HROV-vOTU10158	Age	Age	0.15837583597421	0.0963141442455549	77	8	0.1045213224083	0.669269462059873
HROV-vOTU15473	Age	Age	-0.55438617958652	0.337470952478226	77	56	0.104853060284259	0.669466586733156
HROV-vOTU39112	Smoking_Status	Never_Smoker	-2.06185011575987	1.25533405376562	77	39	0.104914481119741	0.669673087635151
HROV-vOTU22252	diagnosis	RA	-0.852798947710671	0.519305740729002	77	74	0.104972803120565	0.669674142899341
HROV-vOTU20811	Age	Age	-0.542545793613908	0.330361549530826	77	65	0.104954441248908	0.669674142899341
HROV-vOTU51836	Age	Age	-0.539276990299382	0.328478506638565	77	32	0.105065995808347	0.669712118313379
HROV-vOTU67775	Smoking_Status	Never_Smoker	0.778981790028143	0.474461681068659	77	9	0.105049311160949	0.669712118313379
HROV-vOTU11477	diagnosis	RA	-0.649144917318419	0.39535708048278	77	8	0.105028896484093	0.669712118313379
HROV-vOTU66954	Smoking_Status	Former_Smoker	-1.82663802028805	1.11304405096199	77	15	0.105195554943879	0.66971565221386
HROV-vOTU54100	Age	Age	-0.431556130387341	0.263029239369387	77	46	0.105279625613489	0.66971565221386
HROV-vOTU60075	Sex	M	0.856390973811711	0.521991808548611	77	44	0.105299191344611	0.66971565221386
HROV-vOTU08567	diagnosis	RA	-1.40469252030894	0.856092160016719	77	51	0.10525799976399	0.66971565221386
HROV-vOTU07448	Smoking_Status	Former_Smoker	2.75157937437149	1.67623563083589	77	27	0.105111550909314	0.66971565221386
HROV-vOTU13318	diagnosis	RA	-0.475799683485296	0.289964962225689	77	10	0.105243938101045	0.66971565221386
HROV-vOTU72964	diagnosis	RA	-0.37048635827989	0.225729336802146	77	8	0.10516089506472	0.66971565221386
HROV-vOTU32933	Sex	M	0.693127862335314	0.422457567683816	77	10	0.105281984708756	0.66971565221386
HROV-vOTU63838	Smoking_Status	Former_Smoker	0.988945030241451	0.602851977389662	77	11	0.105336121127865	0.669765563107326
HROV-vOTU31817	diagnosis	RA	1.16594128454314	0.710894429781362	77	23	0.105406876231609	0.670030460837416
HROV-vOTU17583	Age	Age	-0.370895179223021	0.226244012921135	77	48	0.105562393070831	0.670833861043389
HROV-vOTU15122	Smoking_Status	Never_Smoker	1.61519093867046	0.987726199308594	77	71	0.106420327461085	0.670944841238833
HROV-vOTU63928	Age	Age	-0.326173613069969	0.199108042473231	77	73	0.105809968558908	0.670944841238833
HROV-vOTU63928	Smoking_Status	Former_Smoker	1.53472829237585	0.938414699143695	77	73	0.106381253800626	0.670944841238833
HROV-vOTU34499	Age	Age	0.482591311159927	0.294851327363005	77	64	0.106112754456626	0.670944841238833
HROV-vOTU18653	Sex	M	0.809999404861758	0.495476347360556	77	68	0.106519641492673	0.670944841238833
HROV-vOTU66467	Smoking_Status	Former_Smoker	-1.89820098534282	1.15887845722209	77	77	0.105853919348411	0.670944841238833
HROV-vOTU21781	diagnosis	RA	-0.619053743660225	0.378203073382363	77	45	0.10609151636773	0.670944841238833
HROV-vOTU18442	Smoking_Status	Former_Smoker	2.58708148106432	1.58143917224334	77	66	0.10628564525772	0.670944841238833
HROV-vOTU02014	diagnosis	RA	-1.20322071417799	0.736131140391529	77	48	0.106576361497321	0.670944841238833
HROV-vOTU07424	diagnosis	RA	-0.816609547396934	0.499108635568983	77	50	0.106236833526077	0.670944841238833
HROV-vOTU16004	Smoking_Status	Former_Smoker	-2.35286925576802	1.438289733613	77	48	0.106290547020555	0.670944841238833
HROV-vOTU65601	Smoking_Status	Never_Smoker	1.87307561477855	1.14394633179875	77	35	0.10597595465885	0.670944841238833
HROV-vOTU61467	diagnosis	RA	0.746233907346201	0.456216702242879	77	17	0.106328192904455	0.670944841238833
HROV-vOTU37858	Sex	M	1.8426363801944	1.12715293804512	77	47	0.106523581378865	0.670944841238833
HROV-vOTU24427	Smoking_Status	Never_Smoker	1.59235528579442	0.974045787923165	77	59	0.106520568414969	0.670944841238833
HROV-vOTU72000	diagnosis	RA	0.409268525464236	0.250324237571809	77	12	0.10648508282607	0.670944841238833
HROV-vOTU07891	Sex	M	0.989679847489324	0.605228464717526	77	16	0.106429752065476	0.670944841238833
HROV-vOTU07726	Sex	M	0.872743508428106	0.533218726020857	77	20	0.106108944870601	0.670944841238833
HROV-vOTU41636	Smoking_Status	Never_Smoker	1.56289852950751	0.956167854441909	77	49	0.106571189610222	0.670944841238833
HROV-vOTU15438	Sex	M	1.04693633208762	0.639456920832185	77	11	0.106008068631809	0.670944841238833
HROV-vOTU69935	diagnosis	RA	1.07836484318649	0.658838510450832	77	22	0.10610459305043	0.670944841238833
HROV-vOTU61223	Smoking_Status	Never_Smoker	1.52164088746997	0.929303390343424	77	53	0.105972017309325	0.670944841238833
HROV-vOTU47874	Smoking_Status	Former_Smoker	2.8438362196471	1.73687638089103	77	61	0.105986996596992	0.670944841238833
HROV-vOTU66985	Sex	M	-1.05426212964563	0.64376699640033	77	16	0.105920518593883	0.670944841238833
HROV-vOTU34273	Smoking_Status	Never_Smoker	0.649964300915163	0.396645935547521	77	11	0.105710237252341	0.670944841238833
HROV-vOTU07448	Age	Age	-0.581952502213068	0.355655122926106	77	27	0.106205932193923	0.670944841238833
HROV-vOTU40261	Sex	M	0.784788056386813	0.478836702124766	77	13	0.105648392182884	0.670944841238833
HROV-vOTU44701	Sex	M	-1.05014040573255	0.642519814735814	77	11	0.106599529921532	0.670944841238833
HROV-vOTU45031	Smoking_Status	Former_Smoker	1.70200689216566	1.03916019467816	77	18	0.105874031864271	0.670944841238833
HROV-vOTU56647	diagnosis	RA	-0.787266236016123	0.480483634074818	77	33	0.105744509609671	0.670944841238833
HROV-vOTU18026	Sex	M	1.20645345861452	0.73788063810863	77	22	0.106470038911179	0.670944841238833
HROV-vOTU59165	Smoking_Status	Never_Smoker	1.07770171337253	0.658992175634776	77	12	0.106395792271006	0.670944841238833
HROV-vOTU23476	Sex	M	0.920455892964242	0.562265405780178	77	14	0.106045462167291	0.670944841238833
HROV-vOTU53190	Sex	M	0.88481213463652	0.540912212082899	77	15	0.106311995966812	0.670944841238833
HROV-vOTU26986	Age	Age	-0.214761915278196	0.131316459257524	77	8	0.106380141196866	0.670944841238833
HROV-vOTU10215	Smoking_Status	Former_Smoker	-2.29727101176928	1.40605800629261	77	74	0.106719779231911	0.670968199757281
HROV-vOTU45052	diagnosis	RA	-1.16104251538122	0.710473953959551	77	63	0.106647734065893	0.670968199757281
HROV-vOTU11960	diagnosis	RA	-0.502909716339495	0.307787283258857	77	10	0.106695732195964	0.670968199757281
HROV-vOTU30403	Smoking_Status	Never_Smoker	0.977891233634267	0.59842583063847	77	9	0.106663366123577	0.670968199757281
HROV-vOTU37450	Smoking_Status	Never_Smoker	-0.669166096689196	0.409731530160555	77	11	0.106858010919395	0.671612891936668
HROV-vOTU44958	Age	Age	-0.344557752321775	0.210987164504341	77	14	0.106880644765432	0.671612891936668
HROV-vOTU69332	diagnosis	RA	0.809598081516537	0.495902615188757	77	69	0.106986037744713	0.67209177557576
HROV-vOTU48715	Sex	M	0.988132474043293	0.60547218505491	77	72	0.107106700794936	0.672396693353927
HROV-vOTU07407	Smoking_Status	Never_Smoker	1.46024256265365	0.894794929602833	77	26	0.107122165345878	0.672396693353927
HROV-vOTU27008	Age	Age	-0.563478049981627	0.34522571895466	77	28	0.107064737842149	0.672396693353927
HROV-vOTU26724	diagnosis	RA	-1.08281528465541	0.663703499230491	77	62	0.107218387320998	0.672605929437077
HROV-vOTU01482	Age	Age	-0.399223803596944	0.244720939804827	77	73	0.107246157245223	0.672605929437077
HROV-vOTU41678	diagnosis	RA	-0.45868592647704	0.281247837222791	77	73	0.107340729941983	0.672605929437077
HROV-vOTU04013	Smoking_Status	Former_Smoker	-1.4492774191677	0.888375125635202	77	15	0.107238344132203	0.672605929437077
HROV-vOTU01917	diagnosis	RA	0.453601313097259	0.278100498681555	77	8	0.107303942185689	0.672605929437077
HROV-vOTU11805	Age	Age	0.319075602837084	0.195620751631775	77	9	0.107299065572333	0.672605929437077
HROV-vOTU48814	Smoking_Status	Never_Smoker	1.77731319941583	1.08983793691876	77	22	0.107359939062557	0.672605929437077
HROV-vOTU69864	Age	Age	0.534927186909957	0.328235459167309	77	43	0.107592746588487	0.673031859113607
HROV-vOTU58984	Smoking_Status	Never_Smoker	2.38283626105262	1.46188978471801	77	65	0.107536766143594	0.673031859113607
HROV-vOTU03270	Sex	M	1.12815143802958	0.692214359645693	77	49	0.107578731346634	0.673031859113607
HROV-vOTU02493	Sex	M	1.12964836574336	0.692933417519583	77	23	0.107479362114434	0.673031859113607
HROV-vOTU64708	Smoking_Status	Former_Smoker	2.42978594609696	1.49098087113343	77	23	0.107603269876522	0.673031859113607
HROV-vOTU56648	Sex	M	1.04846740973018	0.643278148126334	77	16	0.107555398959118	0.673031859113607
HROV-vOTU34588	Smoking_Status	Never_Smoker	1.74569927832	1.07141110819449	77	56	0.107669023621691	0.673077528232231
HROV-vOTU70177	Smoking_Status	Never_Smoker	0.738309569634225	0.453119223476706	77	13	0.107658901461345	0.673077528232231
HROV-vOTU19754	diagnosis	RA	-0.585381194742755	0.3593181267208	77	77	0.107711711427343	0.673161659205351
HROV-vOTU51810	Sex	M	0.51948376080459	0.319096645096508	77	76	0.107958466549375	0.673479556680059
HROV-vOTU23716	Smoking_Status	Never_Smoker	1.31548470435553	0.808145843066274	77	62	0.108001235709095	0.673479556680059
HROV-vOTU07359	Smoking_Status	Never_Smoker	1.57895640460815	0.970227054113517	77	68	0.108080377316918	0.673479556680059
HROV-vOTU14207	Smoking_Status	Never_Smoker	1.23736697698791	0.760027928811454	77	71	0.107943145257522	0.673479556680059
HROV-vOTU21008	Smoking_Status	Never_Smoker	-1.26203093803421	0.775244953591316	77	25	0.107973352508864	0.673479556680059
HROV-vOTU39613	Smoking_Status	Never_Smoker	1.68098287652795	1.03287217874409	77	30	0.108064474066158	0.673479556680059
HROV-vOTU72708	Smoking_Status	Never_Smoker	-1.12487599918332	0.69065131470349	77	17	0.107802316047915	0.673479556680059
HROV-vOTU63698	Smoking_Status	Never_Smoker	1.47089620969749	0.903837044476496	77	20	0.10808425712069	0.673479556680059
HROV-vOTU74251	Age	Age	-0.454554926283324	0.279291215621408	77	13	0.10805460445743	0.673479556680059
HROV-vOTU69771	Age	Age	0.180219255049247	0.110677566622343	77	8	0.107885302826666	0.673479556680059
HROV-vOTU33481	Age	Age	-0.540699611877487	0.332069854924235	77	43	0.107897235653961	0.673479556680059
HROV-vOTU17050	diagnosis	RA	-1.22438668336061	0.752508665077486	77	33	0.108151865231802	0.673718543762079
HROV-vOTU28591	Smoking_Status	Never_Smoker	2.28691566743696	1.40745550241625	77	60	0.108624127281399	0.674023822398641
HROV-vOTU02128	Smoking_Status	Never_Smoker	-1.30384394449135	0.803203970388236	77	64	0.108956579576616	0.674023822398641
HROV-vOTU43556	diagnosis	RA	-0.876067832666078	0.539465356524023	77	73	0.108817041569301	0.674023822398641
HROV-vOTU06347	Sex	M	1.38921786590712	0.85555733067576	77	61	0.108859380882503	0.674023822398641
HROV-vOTU26732	Smoking_Status	Former_Smoker	-2.97332002699276	1.83050522949849	77	26	0.108739865800946	0.674023822398641
HROV-vOTU04356	Smoking_Status	Former_Smoker	2.25704499818041	1.39029596824532	77	42	0.108930021063264	0.674023822398641
HROV-vOTU01037	Age	Age	-0.29086625279313	0.179184366141134	77	9	0.108961818966137	0.674023822398641
HROV-vOTU21405	diagnosis	RA	-0.778478225410457	0.479448541173142	77	11	0.108872800910865	0.674023822398641
HROV-vOTU49444	Smoking_Status	Former_Smoker	-2.68631814673394	1.65241280244267	77	70	0.108445662118711	0.674023822398641
HROV-vOTU57371	Smoking_Status	Former_Smoker	-2.52437081811862	1.55258215209524	77	32	0.108398025092311	0.674023822398641
HROV-vOTU51519	diagnosis	RA	-1.06654711832531	0.656495695992955	77	48	0.108677925084098	0.674023822398641
HROV-vOTU21814	Smoking_Status	Never_Smoker	1.40369179902004	0.86460812233852	77	59	0.108914419300508	0.674023822398641
HROV-vOTU34646	Smoking_Status	Former_Smoker	2.37491089518039	1.46117598811058	77	40	0.108520812219381	0.674023822398641
HROV-vOTU30516	Smoking_Status	Never_Smoker	-1.29206460808317	0.79506965474726	77	31	0.10857332846952	0.674023822398641
HROV-vOTU42023	diagnosis	RA	0.698937210917239	0.430086204608942	77	11	0.108570454076445	0.674023822398641
HROV-vOTU07631	Smoking_Status	Former_Smoker	2.47186840234091	1.5226809366201	77	34	0.108943240338674	0.674023822398641
HROV-vOTU29773	Age	Age	0.336058425343806	0.206686973244825	77	26	0.108395533645786	0.674023822398641
HROV-vOTU08189	Smoking_Status	Never_Smoker	1.39543038224321	0.858045578187674	77	37	0.108318804466988	0.674023822398641
HROV-vOTU30475	Smoking_Status	Never_Smoker	2.32006280550957	1.42725896377645	77	35	0.108479146333661	0.674023822398641
HROV-vOTU49969	Age	Age	0.336191823126704	0.207046043092364	77	28	0.108860206277145	0.674023822398641
HROV-vOTU74004	Smoking_Status	Never_Smoker	1.04868331061425	0.645621626702468	77	17	0.108743380167636	0.674023822398641
HROV-vOTU01552	Age	Age	-0.282638705363421	0.173853566160515	77	10	0.108438366758955	0.674023822398641
HROV-vOTU47526	Smoking_Status	Never_Smoker	0.751840043989725	0.46237171894356	77	18	0.10836958457582	0.674023822398641
HROV-vOTU26162	Sex	M	1.70815588151627	1.05162416106187	77	29	0.108742853666789	0.674023822398641
HROV-vOTU60377	diagnosis	RA	-0.575311828251724	0.353679173578575	77	8	0.108242210053125	0.674023822398641
HROV-vOTU32330	Age	Age	0.231009625475539	0.142056634829775	77	9	0.108342158076565	0.674023822398641
HROV-vOTU02746	Age	Age	0.426668281151824	0.262992980832067	77	66	0.109159609713627	0.674302120324878
HROV-vOTU31651	Smoking_Status	Never_Smoker	2.12923367645263	1.31252025323391	77	37	0.109182752028897	0.674302120324878
HROV-vOTU28595	diagnosis	RA	-1.01885427567032	0.627841179621493	77	65	0.109066646328269	0.674302120324878
HROV-vOTU14209	diagnosis	RA	-1.09085267473022	0.672444403940155	77	44	0.109188837416238	0.674302120324878
HROV-vOTU33484	Smoking_Status	Former_Smoker	1.32127918064683	0.814542011575472	77	10	0.109211763300556	0.674302120324878
HROV-vOTU32744	Smoking_Status	Former_Smoker	1.64836628081622	1.01587022113932	77	20	0.109104109766281	0.674302120324878
HROV-vOTU10545	diagnosis	RA	0.610126133252943	0.375965292441712	77	13	0.109058961218723	0.674302120324878
HROV-vOTU64014	diagnosis	RA	-0.38509908562176	0.237431031148035	77	9	0.109248699576522	0.674349383877595
HROV-vOTU02442	Age	Age	-0.552719553833902	0.340822040653142	77	33	0.10929506639308	0.674454817532858
HROV-vOTU55832	Age	Age	0.408293785874399	0.251827456072087	77	61	0.10938122214107	0.674464758171177
HROV-vOTU21097	Age	Age	-0.511037130545251	0.315267063632416	77	35	0.109458084507608	0.674464758171177
HROV-vOTU51134	Age	Age	-0.633156292654457	0.390565565591649	77	30	0.109423496708742	0.674464758171177
HROV-vOTU20326	Smoking_Status	Former_Smoker	1.39087394270462	0.858087858583075	77	14	0.109472395399212	0.674464758171177
HROV-vOTU24594	diagnosis	RA	-0.319314102178978	0.19694314999065	77	8	0.109375186253	0.674464758171177
HROV-vOTU39312	Sex	M	0.39613708372059	0.244344534541261	77	10	0.109402730036946	0.674464758171177
HROV-vOTU60083	Smoking_Status	Never_Smoker	-1.30031035681853	0.80253354978681	77	68	0.109610567981369	0.674732361195758
HROV-vOTU07631	diagnosis	RA	-1.0232822356493	0.631471008626871	77	34	0.10956386112121	0.674732361195758
HROV-vOTU48539	diagnosis	RA	-0.505409638550358	0.311914030667727	77	15	0.109590674428557	0.674732361195758
HROV-vOTU00374	diagnosis	RA	-1.41597099444624	0.87397398268572	77	30	0.109633021953735	0.674732361195758
HROV-vOTU28339	Smoking_Status	Never_Smoker	1.38943103832919	0.85774006832523	77	43	0.109692880665008	0.67492039586298
HROV-vOTU69959	Age	Age	0.328941377882228	0.203139467310591	77	10	0.109819066605991	0.675220505041641
HROV-vOTU67101	Sex	M	0.501472000375746	0.309722036581494	77	12	0.109858933234521	0.675220505041641
HROV-vOTU58622	Sex	M	0.849637804438934	0.524717545028777	77	31	0.109831886765933	0.675220505041641
HROV-vOTU64000	Sex	M	1.0025270704326401	0.619143277817432	77	19	0.109834534861095	0.675220505041641
HROV-vOTU31834	diagnosis	RA	0.646641302106377	0.399570833198565	77	22	0.110023667255984	0.675455744141425
HROV-vOTU22134	Smoking_Status	Former_Smoker	2.23664400917506	1.38214085856478	77	59	0.110043853756779	0.675455744141425
HROV-vOTU73755	Smoking_Status	Former_Smoker	1.92625006535077	1.1901007425545	77	21	0.109976000973162	0.675455744141425
HROV-vOTU37106	Smoking_Status	Never_Smoker	2.33645803719286	1.44377230492881	77	37	0.110032016678543	0.675455744141425
HROV-vOTU59956	Smoking_Status	Former_Smoker	1.07460633074245	0.6639781700907	77	10	0.110002813669309	0.675455744141425
HROV-vOTU39425	Age	Age	-0.491646190906417	0.303919029021719	77	35	0.110164343274054	0.67601514138062
HROV-vOTU66879	diagnosis	RA	-0.821030007326425	0.507602943582823	77	62	0.110212539201493	0.676130734632494
HROV-vOTU59588	Age	Age	0.569751340559402	0.352301306337817	77	67	0.110263892142677	0.676265628773865
HROV-vOTU29822	Age	Age	0.583431237756335	0.361355015574242	77	37	0.110840650062084	0.676352318695831
HROV-vOTU09783	diagnosis	RA	0.992101725189599	0.614032175381532	77	34	0.110590999795589	0.676352318695831
HROV-vOTU67333	diagnosis	RA	0.832893204807767	0.515356329513811	77	66	0.110496991409215	0.676352318695831
HROV-vOTU66406	Smoking_Status	Former_Smoker	2.32769168422183	1.44096818347211	77	38	0.110666807212592	0.676352318695831
HROV-vOTU14305	Smoking_Status	Former_Smoker	2.54047173867555	1.57192652037524	77	67	0.110496651056004	0.676352318695831
HROV-vOTU51612	Smoking_Status	Never_Smoker	1.29106121525605	0.799140352977467	77	39	0.110624301017798	0.676352318695831
HROV-vOTU00955	Sex	M	1.32873030095355	0.822887286915099	77	47	0.110807645675047	0.676352318695831
HROV-vOTU01038	Age	Age	0.239598905800078	0.14837477654107	77	9	0.110784836125462	0.676352318695831
HROV-vOTU57910	Age	Age	0.542461221016495	0.335828991120288	77	32	0.110683381926258	0.676352318695831
HROV-vOTU52357	Age	Age	-0.346899097856765	0.214777186473598	77	29	0.110712008866755	0.676352318695831
HROV-vOTU22387	Age	Age	0.415889810648404	0.257598561797228	77	26	0.110857394054425	0.676352318695831
HROV-vOTU14223	Smoking_Status	Never_Smoker	1.25764386085726	0.777927663178764	77	33	0.110386809849672	0.676352318695831
HROV-vOTU44668	diagnosis	RA	-1.09958426700638	0.680478795685901	77	44	0.1105516239203	0.676352318695831
HROV-vOTU12872	Smoking_Status	Never_Smoker	1.26212579445153	0.781105672826272	77	30	0.110568608430549	0.676352318695831
HROV-vOTU19692	diagnosis	RA	-0.567544219874243	0.351470291779327	77	10	0.11079586640323	0.676352318695831
HROV-vOTU73260	Smoking_Status	Never_Smoker	1.5350851112407	0.950840174493763	77	31	0.110865393099295	0.676352318695831
HROV-vOTU67235	Smoking_Status	Former_Smoker	0.834694490633736	0.516258823810796	77	8	0.110353304500578	0.676352318695831
HROV-vOTU15867	Sex	M	-0.699178886451935	0.432958717829928	77	17	0.110771067525649	0.676352318695831
HROV-vOTU30403	Sex	M	0.747264844516892	0.462384896390868	77	9	0.110505689478809	0.676352318695831
HROV-vOTU02807	diagnosis	RA	0.626485302743242	0.388046647636158	77	13	0.110863766886438	0.676352318695831
HROV-vOTU05726	diagnosis	RA	0.686779336707932	0.425505962502179	77	72	0.110956920880892	0.67656622054856
HROV-vOTU28078	Smoking_Status	Former_Smoker	1.05070433291382	0.650986209484204	77	73	0.110959210378285	0.67656622054856
HROV-vOTU24337	Age	Age	-0.3338822539411	0.206963352379648	77	72	0.11112792508734	0.677057173217314
HROV-vOTU20731	Smoking_Status	Never_Smoker	1.41709280333105	0.878367307746182	77	24	0.111109950448343	0.677057173217314
HROV-vOTU63584	Age	Age	-0.286337348003306	0.177473876201765	77	19	0.111092630750549	0.677057173217314
HROV-vOTU02633	Smoking_Status	Former_Smoker	2.35740342997218	1.46149873119072	77	47	0.111179989215968	0.677113535566157
HROV-vOTU68219	diagnosis	RA	-0.288497284819244	0.178865278180917	77	10	0.111195978789023	0.677113535566157
HROV-vOTU59590	Sex	M	1.83083277110639	1.13533228008771	77	57	0.111268741309867	0.677377507894854
HROV-vOTU36422	diagnosis	RA	-0.744716608804554	0.465172794591378	77	75	0.113829294305956	0.677464353589455
HROV-vOTU28665	Smoking_Status	Former_Smoker	-2.24839441794181	1.40533666896658	77	34	0.114062117584168	0.677464353589455
HROV-vOTU45294	Smoking_Status	Never_Smoker	1.3424485670615	0.833285559081441	77	36	0.111610152926209	0.677464353589455
HROV-vOTU27744	Age	Age	0.462601300609451	0.287996662098431	77	62	0.112652687180633	0.677464353589455
HROV-vOTU34402	Age	Age	0.641033339285801	0.398307605661637	77	63	0.111968208619379	0.677464353589455
HROV-vOTU67273	Sex	M	1.03580965587858	0.644253241183182	77	72	0.112324299088821	0.677464353589455
HROV-vOTU01415	Smoking_Status	Never_Smoker	1.7765089923025	1.10892739762917	77	71	0.1135942898206	0.677464353589455
HROV-vOTU09661	diagnosis	RA	-1.16617045582494	0.727403913873459	77	61	0.113331337442297	0.677464353589455
HROV-vOTU55256	Smoking_Status	Former_Smoker	-1.38771386123135	0.865234200620401	77	74	0.113184646173643	0.677464353589455
HROV-vOTU44696	Age	Age	0.777913967192772	0.486649772528519	77	31	0.114370933165739	0.677464353589455
HROV-vOTU56283	Smoking_Status	Former_Smoker	0.803310798147364	0.500131110376329	77	75	0.112668682258251	0.677464353589455
HROV-vOTU62679	Smoking_Status	Former_Smoker	-1.93872508472363	1.20664128522365	77	34	0.11255617961468	0.677464353589455
HROV-vOTU28343	Smoking_Status	Former_Smoker	-2.74000167164505	1.70914874789735	77	52	0.113343930833178	0.677464353589455
HROV-vOTU19533	Smoking_Status	Former_Smoker	3.10962443068346	1.92927666678094	77	69	0.11144044979757	0.677464353589455
HROV-vOTU26340	diagnosis	RA	-0.958788786820477	0.599929149935513	77	66	0.114446391328986	0.677464353589455
HROV-vOTU28315	Age	Age	0.175701154637342	0.109398962584143	77	76	0.112699862792654	0.677464353589455
HROV-vOTU52417	Smoking_Status	Never_Smoker	0.798304189509921	0.497091646586065	77	74	0.112723842204593	0.677464353589455
HROV-vOTU06769	Smoking_Status	Never_Smoker	-1.34128202048406	0.833943119293868	77	49	0.112194088564088	0.677464353589455
HROV-vOTU38312	Age	Age	-0.217175031984495	0.134748586563825	77	10	0.111462909088966	0.677464353589455
HROV-vOTU28082	Sex	M	0.597666189751566	0.371070313383383	77	12	0.111692223608731	0.677464353589455
HROV-vOTU70250	Smoking_Status	Never_Smoker	-1.41447568672088	0.885748472938367	77	53	0.114723559304973	0.677464353589455
HROV-vOTU53905	Age	Age	-0.379568348366053	0.23766691622081	77	73	0.114693863656479	0.677464353589455
HROV-vOTU56010	Sex	M	0.793053412925824	0.49235830359071	77	53	0.111677078981985	0.677464353589455
HROV-vOTU21463	diagnosis	RA	0.823492569910382	0.515653485700148	77	57	0.114709892418094	0.677464353589455
HROV-vOTU32954	diagnosis	RA	-0.513731732290557	0.31971706852128	77	10	0.112529735618624	0.677464353589455
HROV-vOTU48450	Smoking_Status	Former_Smoker	2.65405381630592	1.65536657459424	77	67	0.113307561687528	0.677464353589455
HROV-vOTU60099	Age	Age	-0.545792484328254	0.340141587681932	77	66	0.113020348199841	0.677464353589455
HROV-vOTU06489	Age	Age	-0.780645971902977	0.485601002922142	77	34	0.112363942052303	0.677464353589455
HROV-vOTU01625	Age	Age	-0.558808374388767	0.349159391587247	77	66	0.113941790252865	0.677464353589455
HROV-vOTU64823	Age	Age	-0.449984508222424	0.281111631015202	77	68	0.113876709425963	0.677464353589455
HROV-vOTU12943	Smoking_Status	Never_Smoker	-1.52371639224579	0.951935392548965	77	46	0.113894768501304	0.677464353589455
HROV-vOTU09408	Smoking_Status	Never_Smoker	1.20564817302662	0.749881902995841	77	73	0.112320743825585	0.677464353589455
HROV-vOTU71081	Sex	M	0.809228007070881	0.502493338053035	77	11	0.111742360789164	0.677464353589455
HROV-vOTU40468	diagnosis	RA	0.939410338219204	0.587696780892453	77	64	0.114381604279583	0.677464353589455
HROV-vOTU17332	Smoking_Status	Never_Smoker	2.13817621178621	1.33181264708234	77	64	0.112830946965712	0.677464353589455
HROV-vOTU39924	Age	Age	-0.449270877767336	0.278642701715054	77	18	0.111321386124499	0.677464353589455
HROV-vOTU67198	Sex	M	-0.651353931147324	0.406330458452627	77	16	0.113371108340966	0.677464353589455
HROV-vOTU39907	Smoking_Status	Former_Smoker	-1.09591720764958	0.684300167768437	77	16	0.11370311243891	0.677464353589455
HROV-vOTU75320	Smoking_Status	Former_Smoker	2.1511962711665	1.34456629514422	77	62	0.114057455856831	0.677464353589455
HROV-vOTU21655	Age	Age	-0.569109671630367	0.356022829106836	77	50	0.11436841335787	0.677464353589455
HROV-vOTU08578	Age	Age	-0.72845715918403	0.45293653914858	77	45	0.112207903460887	0.677464353589455
HROV-vOTU50212	Age	Age	-0.498157737395843	0.309817041056018	77	52	0.112293240050322	0.677464353589455
HROV-vOTU56128	Age	Age	-0.612641667598941	0.380192027633832	77	41	0.111529405073478	0.677464353589455
HROV-vOTU47873	Smoking_Status	Former_Smoker	2.37161598663181	1.48142992863309	77	36	0.113840314159412	0.677464353589455
HROV-vOTU22862	Age	Age	0.590156720467037	0.367968331057146	77	39	0.113192257545848	0.677464353589455
HROV-vOTU02493	Smoking_Status	Never_Smoker	1.4437745175917	0.896805365384984	77	23	0.111855364628762	0.677464353589455
HROV-vOTU65765	Sex	M	1.17469724353897	0.733954174802865	77	21	0.113927208047446	0.677464353589455
HROV-vOTU62816	Sex	M	1.47645453350882	0.919766816618721	77	40	0.112878187197858	0.677464353589455
HROV-vOTU60532	Age	Age	0.496213479685754	0.30990607961913	77	31	0.113778827883571	0.677464353589455
HROV-vOTU01200	Age	Age	-0.38270101180816	0.238468044636953	77	27	0.112970158488239	0.677464353589455
HROV-vOTU23118	diagnosis	RA	0.469546762389477	0.293848147626134	77	10	0.114501395154626	0.677464353589455
HROV-vOTU16410	Smoking_Status	Never_Smoker	-1.92385720462562	1.19843339090231	77	34	0.112864676069582	0.677464353589455
HROV-vOTU37908	Smoking_Status	Former_Smoker	2.20258687586029	1.37850962877911	77	66	0.114528168231985	0.677464353589455
HROV-vOTU31896	Age	Age	0.529849378159119	0.33085118849362	77	57	0.113712403892951	0.677464353589455
HROV-vOTU07581	Smoking_Status	Former_Smoker	-1.94897753342056	1.2126490432195	77	32	0.112447518544221	0.677464353589455
HROV-vOTU18924	Smoking_Status	Never_Smoker	1.90346020315217	1.18657025002301	77	56	0.113116084483618	0.677464353589455
HROV-vOTU53602	Sex	M	0.86938263741966	0.543769169457852	77	25	0.114304285496877	0.677464353589455
HROV-vOTU34352	Smoking_Status	Former_Smoker	2.7958359033776	1.74787661349868	77	25	0.114136782611476	0.677464353589455
HROV-vOTU69870	Sex	M	-0.840252290861334	0.525604177348692	77	27	0.114341553499133	0.677464353589455
HROV-vOTU08786	Smoking_Status	Never_Smoker	1.60715281530706	1.0009165085217	77	15	0.112782947836971	0.677464353589455
HROV-vOTU62131	Age	Age	-0.210534388259823	0.130663453221668	77	12	0.111557429176097	0.677464353589455
HROV-vOTU67959	Sex	M	-0.551730790078493	0.343990099097209	77	14	0.113172391392068	0.677464353589455
HROV-vOTU05518	Sex	M	-0.950099327988671	0.591751840732196	77	22	0.112807309705873	0.677464353589455
HROV-vOTU10264	Smoking_Status	Never_Smoker	1.43887428600639	0.892653729476299	77	32	0.111419086887066	0.677464353589455
HROV-vOTU49836	Smoking_Status	Former_Smoker	1.64400878657219	1.02518332778676	77	63	0.113236550503654	0.677464353589455
HROV-vOTU49746	diagnosis	RA	-1.20513062838141	0.754041921225464	77	63	0.114433561449323	0.677464353589455
HROV-vOTU38452	Smoking_Status	Never_Smoker	2.23927240682904	1.39420218332774	77	50	0.112683786291149	0.677464353589455
HROV-vOTU24034	diagnosis	RA	-1.08876327727312	0.676722281959221	77	64	0.112081005466248	0.677464353589455
HROV-vOTU36175	Sex	M	0.707901173150523	0.442008875082899	77	14	0.113694497083074	0.677464353589455
HROV-vOTU24122	Smoking_Status	Never_Smoker	1.36775993360184	0.85137305585449	77	27	0.112595275084583	0.677464353589455
HROV-vOTU01188	diagnosis	RA	-0.367878013914368	0.228753324097039	77	9	0.112232457598485	0.677464353589455
HROV-vOTU71707	Smoking_Status	Former_Smoker	2.64067094483549	1.64366336399262	77	48	0.112585974327215	0.677464353589455
HROV-vOTU30278	Smoking_Status	Never_Smoker	1.51298233676627	0.940583187016716	77	35	0.112151083097981	0.677464353589455
HROV-vOTU38300	Sex	M	-1.05900007600975	0.657508329906495	77	34	0.111698498387442	0.677464353589455
HROV-vOTU20618	Sex	M	0.761828179006729	0.476580674096758	77	24	0.114366375988766	0.677464353589455
HROV-vOTU12680	Age	Age	-0.407116015623873	0.253856187987062	77	14	0.113213851287118	0.677464353589455
HROV-vOTU13583	Sex	M	0.797983771950346	0.497871365817579	77	12	0.11342068810269	0.677464353589455
HROV-vOTU14058	diagnosis	RA	-0.450891474992944	0.280282777421425	77	8	0.112119454856355	0.677464353589455
HROV-vOTU59028	Smoking_Status	Never_Smoker	1.82679134440669	1.14081617048586	77	24	0.113750369716218	0.677464353589455
HROV-vOTU50690	Age	Age	-0.357202529909404	0.221727794103436	77	21	0.111617773996564	0.677464353589455
HROV-vOTU31921	Smoking_Status	Former_Smoker	2.12830565929062	1.3318406315927	77	38	0.114480202851344	0.677464353589455
HROV-vOTU31662	Smoking_Status	Former_Smoker	1.57833373813691	0.979697170027076	77	8	0.1116075725017	0.677464353589455
HROV-vOTU45018	Smoking_Status	Former_Smoker	1.49658830619825	0.933653882484496	77	14	0.113388425678552	0.677464353589455
HROV-vOTU65910	Smoking_Status	Never_Smoker	2.38338227658746	1.48924563326479	77	53	0.113951449405191	0.677464353589455
HROV-vOTU44644	Smoking_Status	Former_Smoker	2.85887641385696	1.78247406701278	77	48	0.113179824801519	0.677464353589455
HROV-vOTU29947	Sex	M	0.53144686202654	0.332349647189037	77	9	0.114248382199114	0.677464353589455
HROV-vOTU29947	Smoking_Status	Never_Smoker	0.689212599688612	0.43013215880083	77	9	0.11352323936833	0.677464353589455
HROV-vOTU25593	Smoking_Status	Never_Smoker	1.8620655182216	1.15937182709754	77	25	0.112691072425038	0.677464353589455
HROV-vOTU73846	Sex	M	0.749395920310243	0.469078500470656	77	20	0.114575282345459	0.677464353589455
HROV-vOTU65470	Sex	M	0.502086545531634	0.312385287866354	77	9	0.112434264418769	0.677464353589455
HROV-vOTU67808	Smoking_Status	Former_Smoker	2.64655050370637	1.64211055243407	77	25	0.11146928805011	0.677464353589455
HROV-vOTU64808	Age	Age	-0.637163009204528	0.398995381966281	77	38	0.114725520011409	0.677464353589455
HROV-vOTU19056	Age	Age	0.624410263934339	0.388366774751382	77	35	0.112320544512231	0.677464353589455
HROV-vOTU31620	Age	Age	-0.492593812501346	0.306934722670444	77	35	0.112959152351985	0.677464353589455
HROV-vOTU31620	Smoking_Status	Never_Smoker	1.63632419847121	1.02475859172734	77	35	0.114754166016173	0.677464353589455
HROV-vOTU08185	Smoking_Status	Never_Smoker	0.63165584529782	0.393884260086301	77	15	0.113228971186219	0.677464353589455
HROV-vOTU21132	Age	Age	-0.220867894499714	0.137956621270357	77	9	0.113818412399876	0.677464353589455
HROV-vOTU04724	Smoking_Status	Never_Smoker	1.06924801827883	0.669401982832467	77	9	0.114636262303061	0.677464353589455
HROV-vOTU32744	Age	Age	-0.344610627608501	0.215542159902725	77	20	0.114304241237134	0.677464353589455
HROV-vOTU47242	Smoking_Status	Never_Smoker	1.09979765787532	0.682852318381956	77	12	0.111705571037117	0.677464353589455
HROV-vOTU11782	Smoking_Status	Never_Smoker	0.953618936006848	0.594077658529594	77	14	0.112886896101411	0.677464353589455
HROV-vOTU39594	Smoking_Status	Never_Smoker	1.10559700979249	0.689900191122894	77	13	0.113474825448145	0.677464353589455
HROV-vOTU66926	Smoking_Status	Former_Smoker	1.12671134542311	0.702139380731278	77	15	0.113002814861646	0.677464353589455
HROV-vOTU32626	Smoking_Status	Never_Smoker	1.58796508529222	0.994157765044746	77	21	0.114641036602684	0.677464353589455
HROV-vOTU02911	diagnosis	RA	0.665911598126455	0.41491217584729	77	18	0.112944922752861	0.677464353589455
HROV-vOTU00410	Smoking_Status	Never_Smoker	1.17865901071591	0.734473548531826	77	13	0.112984332592292	0.677464353589455
HROV-vOTU42651	Smoking_Status	Former_Smoker	-0.794959020100667	0.497294634909959	77	8	0.114357884334291	0.677464353589455
HROV-vOTU15575	Smoking_Status	Never_Smoker	-1.84144740916596	1.14691147559072	77	12	0.112807286422105	0.677464353589455
HROV-vOTU60061	Age	Age	0.286524514731634	0.1790549893227	77	10	0.113994001616322	0.677464353589455
HROV-vOTU17850	Smoking_Status	Never_Smoker	2.10270291102665	1.31588414093515	77	15	0.114497811872833	0.677464353589455
HROV-vOTU00962	Sex	M	0.89703286852353	0.559061700563911	77	12	0.113035994143708	0.677464353589455
HROV-vOTU16457	Age	Age	-0.405444644946143	0.25238810151856	77	12	0.112617466991825	0.677464353589455
HROV-vOTU39127	Smoking_Status	Former_Smoker	0.781392299563315	0.487049893315386	77	9	0.113079137835731	0.677464353589455
HROV-vOTU36400	Sex	M	0.628183237852639	0.390429559688548	77	8	0.112064236214556	0.677464353589455
HROV-vOTU66047	Smoking_Status	Never_Smoker	1.34597951307	0.841747453657971	77	20	0.114254924054197	0.677464353589455
HROV-vOTU74890	diagnosis	RA	-0.470949633356723	0.293309662305849	77	10	0.112792087277073	0.677464353589455
HROV-vOTU64565	diagnosis	RA	-0.38909762106074	0.242770336060242	77	9	0.113432077891144	0.677464353589455
HROV-vOTU14606	Age	Age	-0.2887749918528	0.18021674780485	77	9	0.113512511874467	0.677464353589455
HROV-vOTU10459	Smoking_Status	Former_Smoker	-1.51555726440015	0.949314568543761	77	54	0.114824423109955	0.677541224398327
HROV-vOTU13358	Smoking_Status	Never_Smoker	1.57659130332429	0.987549503661437	77	43	0.114826026870459	0.677541224398327
HROV-vOTU64708	Smoking_Status	Never_Smoker	1.686019950131	1.05618894830833	77	23	0.114858183485864	0.677557368258056
HROV-vOTU10151	Smoking_Status	Former_Smoker	2.56450324589454	1.60679305329098	77	65	0.114922066438155	0.677654855713174
HROV-vOTU54655	Age	Age	-0.3945697317625	0.247226175214464	77	15	0.114933559114879	0.677654855713174
HROV-vOTU20414	diagnosis	RA	-0.899317983252058	0.563635427488633	77	75	0.115027487051783	0.67786359367675
HROV-vOTU40319	Smoking_Status	Former_Smoker	1.60455618296804	1.00604957894168	77	75	0.115174999655107	0.67786359367675
HROV-vOTU31632	diagnosis	RA	-0.795369363552261	0.498587851491505	77	66	0.115099673073408	0.67786359367675
HROV-vOTU57502	diagnosis	RA	-0.857297545791961	0.537517930227627	77	26	0.115172467096185	0.67786359367675
HROV-vOTU57832	Sex	M	1.08994718786914	0.683238265980821	77	23	0.115094652909679	0.67786359367675
HROV-vOTU72684	Smoking_Status	Never_Smoker	1.19625182009562	0.750040912297341	77	18	0.115173261825537	0.67786359367675
HROV-vOTU27652	Age	Age	-0.35348247062162	0.221620232046725	77	9	0.115156144081289	0.67786359367675
HROV-vOTU19474	Sex	M	0.478734151732972	0.300261187622387	77	74	0.115290420009035	0.677894082685092
HROV-vOTU62679	Smoking_Status	Never_Smoker	-1.36113528385709	0.854766962272939	77	34	0.115736433362296	0.677894082685092
HROV-vOTU11600	Smoking_Status	Never_Smoker	1.62966983029364	1.02316648281649	77	66	0.115654228062191	0.677894082685092
HROV-vOTU17408	Smoking_Status	Never_Smoker	-1.27734967233853	0.80130042676528	77	35	0.115356889138015	0.677894082685092
HROV-vOTU71496	Smoking_Status	Former_Smoker	-2.48937701565868	1.56320171933622	77	31	0.115718229835504	0.677894082685092
HROV-vOTU14674	Age	Age	0.305822209807021	0.191867361286379	77	13	0.115395163414507	0.677894082685092
HROV-vOTU52289	Smoking_Status	Former_Smoker	-1.49462282524342	0.938055984733773	77	21	0.115531057911197	0.677894082685092
HROV-vOTU03489	Smoking_Status	Never_Smoker	1.23362661247831	0.773744807012087	77	49	0.115298013163453	0.677894082685092
HROV-vOTU49358	diagnosis	RA	-0.827170635822671	0.519422949490812	77	31	0.115719611583759	0.677894082685092
HROV-vOTU72566	diagnosis	RA	-1.2820858654546201	0.804446188517524	77	61	0.115434512030173	0.677894082685092
HROV-vOTU25865	Smoking_Status	Never_Smoker	2.30794943508502	1.44823253659887	77	32	0.115460957451029	0.677894082685092
HROV-vOTU50809	Smoking_Status	Former_Smoker	2.23106921460038	1.40099142316503	77	28	0.115716651015826	0.677894082685092
HROV-vOTU65890	Age	Age	0.184774196224279	0.115990408092669	77	9	0.115599917548991	0.677894082685092
HROV-vOTU65050	Smoking_Status	Former_Smoker	0.874085631391566	0.548665373777705	77	11	0.115577526968337	0.677894082685092
HROV-vOTU37661	diagnosis	RA	-0.887013756802678	0.556938484241198	77	20	0.115679106591515	0.677894082685092
HROV-vOTU03761	Smoking_Status	Former_Smoker	-1.77787819050232	1.11588419771933	77	20	0.115547509373475	0.677894082685092
HROV-vOTU15527	diagnosis	RA	0.394674259619939	0.247598572595142	77	8	0.115376442589435	0.677894082685092
HROV-vOTU32840	Smoking_Status	Never_Smoker	0.805672745243223	0.505951360573834	77	10	0.115739449983404	0.677894082685092
HROV-vOTU69097	Age	Age	-0.168231399914417	0.105645964631839	77	9	0.115735953924044	0.677894082685092
HROV-vOTU56526	diagnosis	RA	-0.755483976859914	0.474714389159409	77	76	0.115951399996337	0.677980964263643
HROV-vOTU05381	Smoking_Status	Former_Smoker	2.19904447196941	1.38270594034026	77	67	0.116189657488132	0.677980964263643
HROV-vOTU21097	Smoking_Status	Former_Smoker	-2.36571994582564	1.48588295577415	77	35	0.115798119275877	0.677980964263643
HROV-vOTU23600	Sex	M	0.985994809043082	0.619728208107925	77	60	0.116049997748368	0.677980964263643
HROV-vOTU08968	Sex	M	1.01327527895582	0.636737811024808	77	24	0.11597289437682	0.677980964263643
HROV-vOTU25786	Sex	M	0.877759235415584	0.551681996142245	77	17	0.116039077835487	0.677980964263643
HROV-vOTU46594	Age	Age	-0.59975941463693	0.376949952412332	77	36	0.116033478918115	0.677980964263643
HROV-vOTU03138	Smoking_Status	Former_Smoker	1.134569178808	0.712940081928229	77	19	0.11596370174858	0.677980964263643
HROV-vOTU18938	Age	Age	-0.290710881047818	0.18275813022491	77	26	0.116123278776336	0.677980964263643
HROV-vOTU04671	Smoking_Status	Never_Smoker	1.67593153750583	1.05370635197855	77	43	0.11616282904119	0.677980964263643
HROV-vOTU17874	Smoking_Status	Never_Smoker	1.75219865678407	1.1007854572293	77	30	0.11587898341687	0.677980964263643
HROV-vOTU13912	Smoking_Status	Never_Smoker	1.49244776648572	0.938402973897129	77	26	0.116185048817474	0.677980964263643
HROV-vOTU47859	Age	Age	-0.39872018349659	0.250641791965395	77	16	0.116098388588269	0.677980964263643
HROV-vOTU71449	Age	Age	-0.451259294311902	0.283574033134602	77	12	0.115978757971078	0.677980964263643
HROV-vOTU11412	Sex	M	1.08394992923919	0.681573285943347	77	9	0.116195869124993	0.677980964263643
HROV-vOTU43750	diagnosis	RA	0.912602559378116	0.573917235294016	77	39	0.116248927179819	0.678026057344573
HROV-vOTU03489	Smoking_Status	Former_Smoker	1.73665487570861	1.09226545898023	77	49	0.116287828457974	0.678026057344573
HROV-vOTU54931	Smoking_Status	Never_Smoker	-0.452810751872032	0.28482704887909	77	8	0.116328986775874	0.678026057344573
HROV-vOTU25994	Sex	M	0.874641958740402	0.550218487286543	77	8	0.116362344525599	0.678026057344573
HROV-vOTU30278	Sex	M	1.15549980570822	0.726759169155019	77	35	0.116292754307086	0.678026057344573
HROV-vOTU07520	Smoking_Status	Never_Smoker	1.20240860663732	0.756447177689831	77	16	0.116380243364442	0.678026057344573
HROV-vOTU37802	Smoking_Status	Never_Smoker	2.28870552138155	1.44207813738092	77	41	0.116936497387382	0.678048961126011
HROV-vOTU46158	Age	Age	0.68186656372735	0.429440865188834	77	59	0.116775118705175	0.678048961126011
HROV-vOTU14163	Sex	M	0.805865420572777	0.50736025614718006	77	71	0.116650948317903	0.678048961126011
HROV-vOTU62616	diagnosis	RA	-0.81129972683777	0.51070407258584	77	64	0.116596408339233	0.678048961126011
HROV-vOTU68918	Smoking_Status	Former_Smoker	2.93556507375036	1.84818375810701	77	67	0.116650546360676	0.678048961126011
HROV-vOTU14148	Age	Age	-0.671544772709883	0.42261069225281	77	68	0.116495120087022	0.678048961126011
HROV-vOTU23300	Age	Age	-0.548118919833016	0.34504984879805	77	66	0.116612171255803	0.678048961126011
HROV-vOTU01625	diagnosis	RA	-1.0835076056082	0.682455335150156	77	66	0.116806818437279	0.678048961126011
HROV-vOTU14209	Age	Age	-0.546262738713963	0.344037575593624	77	44	0.11677538890991	0.678048961126011
HROV-vOTU45611	Smoking_Status	Never_Smoker	0.979954991870284	0.617466708157919	77	26	0.116943572452997	0.678048961126011
HROV-vOTU01091	Smoking_Status	Never_Smoker	1.79062844193582	1.1268097289603	77	51	0.116478255816234	0.678048961126011
HROV-vOTU46834	Sex	M	1.36313631501326	0.858540206481445	77	25	0.116789501960645	0.678048961126011
HROV-vOTU15731	Age	Age	0.414905641848402	0.261217688169954	77	23	0.116650384066761	0.678048961126011
HROV-vOTU75092	Sex	M	0.869585808498662	0.547575898589451	77	24	0.116715452102767	0.678048961126011
HROV-vOTU23782	Age	Age	-0.328080097282586	0.206516923454199	77	28	0.116586292946522	0.678048961126011
HROV-vOTU04677	diagnosis	RA	-0.61102169228486	0.384901654563367	77	21	0.116848942610669	0.678048961126011
HROV-vOTU50739	Smoking_Status	Never_Smoker	-1.23526512649008	0.778331772753812	77	11	0.11694122125072	0.678048961126011
HROV-vOTU15774	Smoking_Status	Former_Smoker	-1.83574178903747	1.15525741105594	77	20	0.116496493433823	0.678048961126011
HROV-vOTU61652	Smoking_Status	Never_Smoker	0.787038459431641	0.495902085879954	77	14	0.116937412196228	0.678048961126011
HROV-vOTU69975	Age	Age	0.486140930615463	0.306651908980523	77	50	0.117338215674388	0.678117718188497
HROV-vOTU31854	Smoking_Status	Never_Smoker	1.51661535427256	0.956502730087757	77	72	0.117277893069899	0.678117718188497
HROV-vOTU71894	Age	Age	0.430337746375424	0.271304495779014	77	26	0.117142554392546	0.678117718188497
HROV-vOTU64636	Smoking_Status	Never_Smoker	1.67444399454478	1.0558055692549	77	30	0.117197084371015	0.678117718188497
HROV-vOTU51134	Smoking_Status	Former_Smoker	2.91850252778356	1.84077178991828	77	30	0.117302039564015	0.678117718188497
HROV-vOTU17571	Smoking_Status	Never_Smoker	1.00921982528013	0.635995564147477	77	22	0.116994017837746	0.678117718188497
HROV-vOTU27480	Smoking_Status	Never_Smoker	1.22862759809714	0.774684909627358	77	39	0.117190042855631	0.678117718188497
HROV-vOTU18154	Smoking_Status	Former_Smoker	4.03280505298268	2.54208028224725	77	48	0.117088249623979	0.678117718188497
HROV-vOTU08038	Smoking_Status	Former_Smoker	1.78504029092518	1.12578153016335	77	9	0.117274020154667	0.678117718188497
HROV-vOTU01713	Smoking_Status	Never_Smoker	0.683348200039888	0.430986929733527	77	9	0.117287248784563	0.678117718188497
HROV-vOTU72113	Age	Age	0.295864538467872	0.186465376447108	77	14	0.117024651651637	0.678117718188497
HROV-vOTU67775	Sex	M	0.581196815051835	0.366601680626495	77	9	0.117328045680791	0.678117718188497
HROV-vOTU02636	Age	Age	-0.254577598576327	0.160537063189714	77	8	0.117231750508765	0.678117718188497
HROV-vOTU14922	Sex	M	-0.972031824882206	0.613207376661442	77	16	0.117374225751755	0.678136316050816
HROV-vOTU11407	diagnosis	RA	0.922876429860492	0.582239806268892	77	18	0.117400325318915	0.678136316050816
HROV-vOTU56533	Sex	M	0.757038509276463	0.477680606191181	77	18	0.117451198022779	0.678260052774476
HROV-vOTU69542	diagnosis	RA	1.14845975775723	0.725081079788742	77	57	0.117659745839471	0.67830691360353
HROV-vOTU48102	Smoking_Status	Former_Smoker	-2.08234813345704	1.31489474610512	77	32	0.117715294487765	0.67830691360353
HROV-vOTU37850	Age	Age	-0.62049579632677	0.391678378109989	77	45	0.117593267483699	0.67830691360353
HROV-vOTU22862	Smoking_Status	Former_Smoker	-2.74660778242293	1.73426892452033	77	39	0.11770045831675	0.67830691360353
HROV-vOTU10994	Smoking_Status	Never_Smoker	1.92431840965889	1.21523698620964	77	35	0.117753844576071	0.67830691360353
HROV-vOTU37067	Age	Age	0.331295433576486	0.209189228510369	77	19	0.11770384193208	0.67830691360353
HROV-vOTU44691	Smoking_Status	Former_Smoker	3.39796625255287	2.14475999247152	77	61	0.117567427763266	0.67830691360353
HROV-vOTU46573	Smoking_Status	Never_Smoker	1.11121704192361	0.701689050855915	77	17	0.11772207012465	0.67830691360353
HROV-vOTU07677	Sex	M	1.21274666375623	0.76550176371753	77	24	0.11758110358486	0.67830691360353
HROV-vOTU73512	Age	Age	-0.514492909859748	0.32489515043277	77	10	0.117737050437745	0.67830691360353
HROV-vOTU60746	Sex	M	0.908621739758206	0.573945640689901	77	39	0.117839948667073	0.678464712128659
HROV-vOTU28648	diagnosis	RA	-1.30193419074609	0.822388299425955	77	43	0.11784015842443	0.678464712128659
HROV-vOTU39998	Smoking_Status	Never_Smoker	1.78790449288308	1.12950164831132	77	33	0.117885604720664	0.678556729996725
HROV-vOTU07438	diagnosis	RA	-0.793068582995395	0.50128702144197	77	64	0.118079546626461	0.679163825875974
HROV-vOTU36687	Smoking_Status	Never_Smoker	1.0363223470108	0.654961511829225	77	24	0.118033952290135	0.679163825875974
HROV-vOTU74251	Smoking_Status	Never_Smoker	1.47530147150822	0.932465608035201	77	13	0.118059853182871	0.679163825875974
HROV-vOTU61467	Smoking_Status	Never_Smoker	1.23273056107687	0.779284830116674	77	17	0.118123107152943	0.679183605775823
HROV-vOTU14106	Smoking_Status	Former_Smoker	2.37353715267688	1.50053715921581	77	21	0.118141968073728	0.679183605775823
HROV-vOTU11831	diagnosis	RA	1.23604739239926	0.782304086386404	77	48	0.118549937047624	0.679331720708196
HROV-vOTU09777	Sex	M	0.773253253794463	0.488931922106271	77	75	0.118205163057939	0.679331720708196
HROV-vOTU38803	diagnosis	RA	0.779658227963488	0.493246655598033	77	37	0.118399424283053	0.679331720708196
HROV-vOTU49630	Smoking_Status	Former_Smoker	-1.83954886726594	1.16324200996962	77	36	0.118231898887675	0.679331720708196
HROV-vOTU03409	Smoking_Status	Former_Smoker	2.52467805293453	1.59739089268314	77	51	0.118437184158213	0.679331720708196
HROV-vOTU65018	diagnosis	RA	0.74698946114604	0.472632684513261	77	17	0.118440582138729	0.679331720708196
HROV-vOTU26939	Smoking_Status	Former_Smoker	-2.02853604853425	1.28300022377777	77	14	0.118302893147501	0.679331720708196
HROV-vOTU15438	Smoking_Status	Never_Smoker	1.30822166171364	0.827595239363178	77	11	0.118380066039265	0.679331720708196
HROV-vOTU05683	Smoking_Status	Never_Smoker	1.15980250694362	0.733723737891289	77	19	0.118389962784544	0.679331720708196
HROV-vOTU07693	diagnosis	RA	-0.874490789551321	0.553424681889659	77	23	0.118518932826271	0.679331720708196
HROV-vOTU28075	Sex	M	0.684847866314513	0.433408272468755	77	18	0.118518770286476	0.679331720708196
HROV-vOTU11263	Age	Age	-0.624363853743513	0.395166159371922	77	30	0.11855120215051	0.679331720708196
HROV-vOTU04255	Sex	M	-0.816715951599678	0.516515087821294	77	10	0.118276219484612	0.679331720708196
HROV-vOTU14817	Age	Age	0.482348506611463	0.305340996154858	77	73	0.11861972942744	0.679386314029829
HROV-vOTU49004	Sex	M	1.47382991318614	0.932925612213447	77	54	0.118599273864899	0.679386314029829
HROV-vOTU09591	Age	Age	-0.357603199747849	0.226398116331693	77	26	0.118659121099995	0.679442953489034
HROV-vOTU52595	Age	Age	0.637276480561657	0.403571479568955	77	67	0.11876019762173	0.679649468756927
HROV-vOTU11718	Smoking_Status	Former_Smoker	-2.04034817154176	1.29280669931018	77	76	0.118957802863437	0.679649468756927
HROV-vOTU50916	Smoking_Status	Never_Smoker	1.64751642047216	1.04389948310467	77	40	0.1189574854899	0.679649468756927
HROV-vOTU43848	Smoking_Status	Never_Smoker	-0.754173314616598	0.477863709666769	77	9	0.118960790645209	0.679649468756927
HROV-vOTU03587	Smoking_Status	Never_Smoker	1.77539392186933	1.12490717599084	77	40	0.118951663479161	0.679649468756927
HROV-vOTU18618	Smoking_Status	Former_Smoker	1.44445989622379	0.914916234191606	77	63	0.118829685363883	0.679649468756927
HROV-vOTU33387	Smoking_Status	Never_Smoker	0.932823684677145	0.591010596393241	77	21	0.118929740644018	0.679649468756927
HROV-vOTU75469	Age	Age	-0.294885448071205	0.186829874293078	77	13	0.11892746696246	0.679649468756927
HROV-vOTU42674	Smoking_Status	Never_Smoker	0.572116011306851	0.362429214187396	77	10	0.1188824804918	0.679649468756927
HROV-vOTU54587	Sex	M	1.13023282274543	0.716350396252382	77	47	0.119064944088764	0.680075809118112
HROV-vOTU72761	Smoking_Status	Former_Smoker	2.25238493818042	1.42784868434052	77	38	0.119133440043266	0.680150844346217
HROV-vOTU60061	diagnosis	RA	0.55206844475225	0.349974927476629	77	10	0.119137147463858	0.680150844346217
HROV-vOTU32579	Smoking_Status	Never_Smoker	-0.831113819338437	0.526919130734605	77	8	0.1191701197919	0.680170473062568
HROV-vOTU21289	diagnosis	RA	-0.855210384573249	0.543775041035523	77	73	0.120227733706815	0.6803212540518
HROV-vOTU32051	Age	Age	0.574590315210303	0.368417543182787	77	62	0.123297002460381	0.6803212540518
HROV-vOTU02740	Age	Age	-0.435097939466798	0.278078020664973	77	19	0.12210884958842	0.6803212540518
HROV-vOTU04461	Smoking_Status	Former_Smoker	2.23628226787022	1.420085722325	77	41	0.119759568744851	0.6803212540518
HROV-vOTU49140	Age	Age	-0.459057274343937	0.294391384023937	77	71	0.123361733714542	0.6803212540518
HROV-vOTU34553	Smoking_Status	Never_Smoker	2.07728671525051	1.32076577291152	77	35	0.120213515938234	0.6803212540518
HROV-vOTU74699	diagnosis	RA	0.907594998523799	0.576622794368396	77	18	0.119937029546929	0.6803212540518
HROV-vOTU66220	Age	Age	-0.52405526226262	0.335717196360747	77	55	0.122969856015623	0.6803212540518
HROV-vOTU37103	Sex	M	1.06235589530994	0.679666318889442	77	70	0.122486211074668	0.6803212540518
HROV-vOTU01004	Age	Age	0.344479036500644	0.219814142663914	77	74	0.121528907902633	0.6803212540518
HROV-vOTU21466	Sex	M	0.476816105171124	0.303628122371939	77	76	0.120769417603313	0.6803212540518
HROV-vOTU30941	Age	Age	0.53069740285606	0.339628704296646	77	72	0.122597734301653	0.6803212540518
HROV-vOTU30964	Smoking_Status	Former_Smoker	-1.01138536298361	0.647416088259357	77	25	0.122690400869646	0.6803212540518
HROV-vOTU50713	Smoking_Status	Never_Smoker	2.55526564306438	1.62953068890167	77	51	0.121304350955194	0.6803212540518
HROV-vOTU62679	Age	Age	0.399371091695154	0.256018990844341	77	34	0.123223607932567	0.6803212540518
HROV-vOTU58198	Sex	M	1.2647098660037	0.802133222685248	77	56	0.119314021330002	0.6803212540518
HROV-vOTU57265	diagnosis	RA	1.66136721930609	1.0541649803096	77	52	0.119470735564595	0.6803212540518
HROV-vOTU09500	Age	Age	0.645588381146134	0.409643502474824	77	61	0.119476942089726	0.6803212540518
HROV-vOTU13759	Smoking_Status	Former_Smoker	-1.56955029476529	1.00401005060479	77	74	0.1224329738257	0.6803212540518
HROV-vOTU06975	Age	Age	0.202942413206971	0.129512562627688	77	77	0.121567915413201	0.6803212540518
HROV-vOTU40123	Smoking_Status	Former_Smoker	-2.15989399082372	1.3722313493876	77	68	0.119932995947089	0.6803212540518
HROV-vOTU01795	diagnosis	RA	-0.756496227344358	0.480117321587426	77	74	0.119552464958071	0.6803212540518
HROV-vOTU74655	Sex	M	1.14361300929533	0.731862244849111	77	13	0.122591662305383	0.6803212540518
HROV-vOTU16329	Smoking_Status	Never_Smoker	1.64996024307474	1.0537846064506	77	69	0.121854299603946	0.6803212540518
HROV-vOTU11726	diagnosis	RA	-0.950919510218389	0.60671647282922	77	72	0.121486059112651	0.6803212540518
HROV-vOTU01467	diagnosis	RA	-0.738151247580727	0.469554702148646	77	53	0.120391042297411	0.6803212540518
HROV-vOTU07068	diagnosis	RA	-0.753651556083845	0.47883246280107	77	67	0.119948156546993	0.6803212540518
HROV-vOTU04691	Sex	M	-1.54152955975911	0.988813628246604	77	33	0.123450391692682	0.6803212540518
HROV-vOTU14873	Age	Age	0.551443073549337	0.353528291085362	77	54	0.123247320903287	0.6803212540518
HROV-vOTU27487	Age	Age	0.415127214079858	0.265776538792657	77	68	0.122748537201728	0.6803212540518
HROV-vOTU11756	diagnosis	RA	-0.556287201707108	0.356709168714018	77	15	0.123325198837976	0.6803212540518
HROV-vOTU13101	Age	Age	-0.350510155581374	0.22338882070969	77	60	0.121080566321448	0.6803212540518
HROV-vOTU08062	Smoking_Status	Former_Smoker	2.52900811705197	1.6133440424374	77	69	0.121431027435747	0.6803212540518
HROV-vOTU38862	Smoking_Status	Never_Smoker	1.74726016295721	1.11131785250254	77	49	0.12034056065312	0.6803212540518
HROV-vOTU05795	Age	Age	-0.327828953102387	0.210240462751513	77	65	0.123370886036308	0.6803212540518
HROV-vOTU07569	Smoking_Status	Former_Smoker	2.70706455997997	1.72769601722639	77	68	0.121592922833787	0.6803212540518
HROV-vOTU62835	Smoking_Status	Former_Smoker	-1.86460495994827	1.18740486316799	77	36	0.120787003652519	0.6803212540518
HROV-vOTU37292	Smoking_Status	Never_Smoker	1.67225163109029	1.06888816445188	77	66	0.122151968264478	0.6803212540518
HROV-vOTU42173	Smoking_Status	Never_Smoker	1.55138502387726	0.984230827774458	77	58	0.119415869402269	0.6803212540518
HROV-vOTU27520	diagnosis	RA	-1.09745900726047	0.699811932830461	77	52	0.121276161152192	0.6803212540518
HROV-vOTU39338	Sex	M	1.39624441589491	0.890113369887233	77	50	0.121184192884255	0.6803212540518
HROV-vOTU27306	Sex	M	1.03881695989656	0.665503603331858	77	71	0.122982474978968	0.6803212540518
HROV-vOTU31842	Sex	M	1.35903081817213	0.868014829068373	77	66	0.121870742182342	0.6803212540518
HROV-vOTU71347	Sex	M	-1.88061656721839	1.19785290201985	77	51	0.120863756087842	0.6803212540518
HROV-vOTU01674	Sex	M	1.21129400852537	0.769509478298416	77	63	0.119907433522505	0.6803212540518
HROV-vOTU72910	Smoking_Status	Former_Smoker	2.73460068325059	1.74034152360476	77	49	0.120558821796295	0.6803212540518
HROV-vOTU58202	Smoking_Status	Former_Smoker	2.59056674309865	1.66006345380375	77	62	0.123083019068675	0.6803212540518
HROV-vOTU32964	Age	Age	0.39682833578396	0.254419808912658	77	69	0.123268341654306	0.6803212540518
HROV-vOTU72947	diagnosis	RA	0.833176750679111	0.530378890477413	77	25	0.120650031486401	0.6803212540518
HROV-vOTU47257	Smoking_Status	Never_Smoker	1.59126693133812	1.01673924869639	77	67	0.122013270618173	0.6803212540518
HROV-vOTU00955	diagnosis	RA	0.980809308143146	0.623479248435687	77	47	0.120136375147956	0.6803212540518
HROV-vOTU74791	Smoking_Status	Never_Smoker	1.30176620395142	0.834048331544725	77	35	0.12302221005477	0.6803212540518
HROV-vOTU30787	Age	Age	0.412125642337553	0.263814388125877	77	20	0.122692110087151	0.6803212540518
HROV-vOTU09645	Smoking_Status	Never_Smoker	1.64620602964083	1.04538461182497	77	37	0.119762897775108	0.6803212540518
HROV-vOTU03824	Smoking_Status	Never_Smoker	1.39505975028713	0.892897390484154	77	24	0.122641200709178	0.6803212540518
HROV-vOTU00029	Sex	M	0.769757905146441	0.492912862222445	77	14	0.12281680988084	0.6803212540518
HROV-vOTU71476	Sex	M	1.41769371879071	0.902755755889585	77	61	0.120766703663112	0.6803212540518
HROV-vOTU09276	Smoking_Status	Former_Smoker	2.6085133138081	1.6651986526612	77	39	0.121680911468645	0.6803212540518
HROV-vOTU74870	Sex	M	1.01785148341206	0.647581837022506	77	22	0.120449336609624	0.6803212540518
HROV-vOTU74567	Sex	M	-1.14158285889793	0.728148184573915	77	43	0.121376705009527	0.6803212540518
HROV-vOTU66454	Age	Age	0.391826432406399	0.250346441964578	77	31	0.121997335742199	0.6803212540518
HROV-vOTU50704	Sex	M	-1.62568153611333	1.04204320601902	77	28	0.123185152369286	0.6803212540518
HROV-vOTU60373	diagnosis	RA	0.813219645422148	0.518083393849822	77	31	0.120938288834098	0.6803212540518
HROV-vOTU24068	diagnosis	RA	-0.927132053994515	0.590994833289318	77	68	0.121148995674275	0.6803212540518
HROV-vOTU67613	Sex	M	0.416360724479435	0.266909611908001	77	8	0.123222676110398	0.6803212540518
HROV-vOTU60614	Age	Age	0.379065885176075	0.242624342929599	77	18	0.122650456116597	0.6803212540518
HROV-vOTU53381	Smoking_Status	Never_Smoker	-0.669221109132105	0.426471047431621	77	8	0.121046123171842	0.6803212540518
HROV-vOTU36599	Smoking_Status	Never_Smoker	1.55050457495055	0.988191842454088	77	59	0.121086782647819	0.6803212540518
HROV-vOTU13316	Smoking_Status	Former_Smoker	-1.10106562940495	0.698466588052952	77	11	0.119378278104196	0.6803212540518
HROV-vOTU52852	Smoking_Status	Never_Smoker	1.39630958196425	0.893778965647826	77	48	0.122674802523679	0.6803212540518
HROV-vOTU01543	Sex	M	0.845796802750615	0.536854880344702	77	31	0.119594534974285	0.6803212540518
HROV-vOTU01543	Age	Age	-0.326343666165002	0.208107652687161	77	31	0.121292868292797	0.6803212540518
HROV-vOTU46317	diagnosis	RA	-0.77481655817446	0.493689509450857	77	48	0.12099147626018	0.6803212540518
HROV-vOTU15979	diagnosis	RA	-1.09539028986955	0.699154974592463	77	52	0.121623167396164	0.6803212540518
HROV-vOTU27263	Sex	M	0.777272350457894	0.493409090937452	77	11	0.119630586397803	0.6803212540518
HROV-vOTU10672	Smoking_Status	Former_Smoker	2.16751905002945	1.37955275600112	77	40	0.12058808789137	0.6803212540518
HROV-vOTU10672	Smoking_Status	Never_Smoker	1.52485688839983	0.977254908300088	77	40	0.123124488360674	0.6803212540518
HROV-vOTU17535	diagnosis	RA	0.561393823427129	0.358583567080687	77	24	0.121891784345852	0.6803212540518
HROV-vOTU74700	Smoking_Status	Former_Smoker	2.42385214435526	1.54201659451804	77	43	0.1204263881558	0.6803212540518
HROV-vOTU49506	Smoking_Status	Never_Smoker	1.05583465274253	0.673395571928371	77	31	0.121344684677019	0.6803212540518
HROV-vOTU54940	Smoking_Status	Former_Smoker	1.71983619734118	1.09576509557891	77	54	0.120970746603412	0.6803212540518
HROV-vOTU59060	Sex	M	1.04866296571491	0.670755356497335	77	18	0.12240368638874	0.6803212540518
HROV-vOTU36687	Age	Age	-0.306378293689596	0.196173451597277	77	24	0.122788201768976	0.6803212540518
HROV-vOTU48546	diagnosis	RA	-1.49431246269042	0.954239572927968	77	24	0.121801635526949	0.6803212540518
HROV-vOTU33032	Smoking_Status	Never_Smoker	1.53283313659435	0.983230643911097	77	22	0.123448640397646	0.6803212540518
HROV-vOTU25762	diagnosis	RA	-0.942769283382814	0.603886345052594	77	30	0.122930238777189	0.6803212540518
HROV-vOTU71761	Age	Age	-0.150077158637831	0.0960035538212525	77	8	0.122441342709462	0.6803212540518
HROV-vOTU69936	Smoking_Status	Never_Smoker	1.06930150439372	0.682590280001374	77	25	0.121669880056414	0.6803212540518
HROV-vOTU03839	Smoking_Status	Never_Smoker	2.02315787171777	1.29321950484005	77	40	0.122161973099383	0.6803212540518
HROV-vOTU19163	Smoking_Status	Former_Smoker	0.815284693142071	0.522302935284455	77	9	0.122983999994542	0.6803212540518
HROV-vOTU37618	Age	Age	0.336277133607853	0.213932141132033	77	28	0.120422841976616	0.6803212540518
HROV-vOTU46129	Smoking_Status	Never_Smoker	1.56210312318508	0.993378791620199	77	33	0.120277151302528	0.6803212540518
HROV-vOTU26082	diagnosis	RA	-0.963635627292571	0.617069050291148	77	34	0.122820982717857	0.6803212540518
HROV-vOTU15604	Age	Age	-0.799689295285072	0.510876194084624	77	43	0.121952293347327	0.6803212540518
HROV-vOTU59140	diagnosis	RA	-0.522253560046071	0.33200828341375	77	21	0.120161616115944	0.6803212540518
HROV-vOTU28941	Age	Age	-0.653639854152919	0.418041271086242	77	56	0.122363419882874	0.6803212540518
HROV-vOTU39986	Age	Age	0.313920762427728	0.200136939869365	77	12	0.12120385360233	0.6803212540518
HROV-vOTU25865	Smoking_Status	Former_Smoker	3.19276531313117	2.04441356111558	77	32	0.12280474284767	0.6803212540518
HROV-vOTU06882	Smoking_Status	Former_Smoker	1.84778383003713	1.18224692622	77	35	0.12251272210912	0.6803212540518
HROV-vOTU56596	Smoking_Status	Former_Smoker	2.79847163118437	1.79444515165683	77	35	0.123320167683578	0.6803212540518
HROV-vOTU31662	Sex	M	0.843804496728295	0.536234447021123	77	8	0.120031907239629	0.6803212540518
HROV-vOTU75022	diagnosis	RA	-0.976454558444521	0.625720887985658	77	40	0.123081927031579	0.6803212540518
HROV-vOTU52072	Smoking_Status	Never_Smoker	1.40503413157072	0.895550763803946	77	16	0.121116358067347	0.6803212540518
HROV-vOTU44975	Smoking_Status	Former_Smoker	1.29173974518233	0.819824929657711	77	15	0.119557060040022	0.6803212540518
HROV-vOTU17559	Smoking_Status	Never_Smoker	1.53348904502298	0.975071899258992	77	50	0.120235839707306	0.6803212540518
HROV-vOTU23568	Age	Age	-0.23635136208599	0.149976706547664	77	8	0.119489776464454	0.6803212540518
HROV-vOTU19199	Sex	M	1.14977643541048	0.730261957136057	77	35	0.11982435751564	0.6803212540518
HROV-vOTU30867	Age	Age	-0.380448086414573	0.242516951153578	77	22	0.121152876695372	0.6803212540518
HROV-vOTU53949	diagnosis	RA	-0.492976819304488	0.315228250870022	77	21	0.122294042478652	0.6803212540518
HROV-vOTU33246	diagnosis	RA	-0.669082703507334	0.427992172567059	77	18	0.122427218318885	0.6803212540518
HROV-vOTU37946	Smoking_Status	Former_Smoker	1.29300815399876	0.827958256233469	77	9	0.122809337625183	0.6803212540518
HROV-vOTU45435	Age	Age	0.319873992221854	0.204770573196959	77	12	0.122708864044298	0.6803212540518
HROV-vOTU16683	Smoking_Status	Never_Smoker	0.496789927122164	0.31591504261725	77	8	0.120270722709139	0.6803212540518
HROV-vOTU26696	Sex	M	0.421180988493745	0.268364728163091	77	13	0.120992881666099	0.6803212540518
HROV-vOTU30954	Smoking_Status	Never_Smoker	1.47745563331707	0.938247689437485	77	22	0.119772230293714	0.6803212540518
HROV-vOTU25215	Sex	M	0.930814972395185	0.592591532927064	77	26	0.120686174996047	0.6803212540518
HROV-vOTU07698	Smoking_Status	Former_Smoker	2.15610940054701	1.38276946542567	77	34	0.123379372201433	0.6803212540518
HROV-vOTU60854	Smoking_Status	Former_Smoker	-1.25137769069951	0.794147994190366	77	12	0.119529387202298	0.6803212540518
HROV-vOTU28412	diagnosis	RA	-0.650119811326119	0.412422527816785	77	14	0.119392120762393	0.6803212540518
HROV-vOTU49692	Sex	M	-1.35126061686927	0.863313792672724	77	27	0.121982013880995	0.6803212540518
HROV-vOTU41084	Age	Age	-0.349595714955625	0.223223861942343	77	11	0.121766607532253	0.6803212540518
HROV-vOTU10126	Age	Age	-0.18540746308609	0.117584847768001	77	11	0.119287725182631	0.6803212540518
HROV-vOTU21507	Smoking_Status	Former_Smoker	-1.40583505415536	0.894933740338608	77	19	0.120656273971685	0.6803212540518
HROV-vOTU29703	Sex	M	-0.646696639015687	0.410757652496615	77	16	0.119840936932938	0.6803212540518
HROV-vOTU73220	Smoking_Status	Never_Smoker	2.23033901335037	1.41820119604379	77	37	0.12024507445065	0.6803212540518
HROV-vOTU53233	diagnosis	RA	-0.63451993470244	0.402987478436918	77	14	0.119808444536152	0.6803212540518
HROV-vOTU01989	Smoking_Status	Never_Smoker	0.589333084245906	0.376734707134242	77	9	0.12218931547837	0.6803212540518
HROV-vOTU18294	Age	Age	-0.245996249927318	0.157316520231447	77	12	0.122333983266904	0.6803212540518
HROV-vOTU06411	Smoking_Status	Former_Smoker	-1.1537516058689	0.735434183425756	77	11	0.121140073139199	0.6803212540518
HROV-vOTU05957	Smoking_Status	Former_Smoker	-1.09277115957331	0.699033628726091	77	12	0.122438069938548	0.6803212540518
HROV-vOTU17522	Age	Age	-0.294023264920931	0.187638602540969	77	9	0.121569111302062	0.6803212540518
HROV-vOTU48415	diagnosis	RA	-0.456772656130576	0.291497785013391	77	9	0.121564612658401	0.6803212540518
HROV-vOTU52833	diagnosis	RA	-0.505054546136131	0.321926096510945	77	12	0.121128623748639	0.6803212540518
HROV-vOTU54782	Smoking_Status	Never_Smoker	0.521741076954918	0.332651673475977	77	10	0.121226993840709	0.6803212540518
HROV-vOTU48889	Sex	M	-0.890519152676809	0.567269725749452	77	13	0.12090002783683	0.6803212540518
HROV-vOTU05887	Smoking_Status	Never_Smoker	1.39638895864474	0.88762906767	77	14	0.120126044168074	0.6803212540518
HROV-vOTU14235	Age	Age	-0.411125664652713	0.262228884749137	77	11	0.121371316250585	0.6803212540518
HROV-vOTU04898	Age	Age	-0.24622119836375	0.15737659823548	77	9	0.122138502510119	0.6803212540518
HROV-vOTU74065	diagnosis	RA	0.697521244123211	0.442331387698594	77	16	0.119259439439837	0.6803212540518
HROV-vOTU05590	diagnosis	RA	0.447063197700532	0.286700778511556	77	12	0.123363203521043	0.6803212540518
HROV-vOTU42879	diagnosis	RA	0.365894078969542	0.233580449173711	77	9	0.12168775987638	0.6803212540518
HROV-vOTU34908	diagnosis	RA	-0.453393974846876	0.288700294375624	77	12	0.120752938084249	0.6803212540518
HROV-vOTU54503	Sex	M	-0.738949501032214	0.473937048104157	77	9	0.123402232056607	0.6803212540518
HROV-vOTU40521	Smoking_Status	Never_Smoker	0.653705823238789	0.417039617406477	77	10	0.121446367640484	0.6803212540518
HROV-vOTU02957	Age	Age	-0.630359275328158	0.404426598300067	77	37	0.123526000567	0.68057507010957
HROV-vOTU05007	diagnosis	RA	-1.28974185337134	0.830129810157111	77	68	0.124711356099879	0.680709585134945
HROV-vOTU49200	diagnosis	RA	-0.734717713342396	0.472572249022449	77	75	0.124459214266459	0.680709585134945
HROV-vOTU50600	diagnosis	RA	-0.884459498101286	0.570273177216011	77	73	0.125362415548081	0.680709585134945
HROV-vOTU06486	diagnosis	RA	-0.624791108082142	0.401214355000544	77	72	0.123857711501821	0.680709585134945
HROV-vOTU21803	Smoking_Status	Former_Smoker	-2.56559875468195	1.65092800651326	77	62	0.124622748350011	0.680709585134945
HROV-vOTU58984	Sex	M	1.75199904584281	1.12955644966147	77	65	0.125335958803252	0.680709585134945
HROV-vOTU17342	Smoking_Status	Never_Smoker	1.54185641806572	0.990724328597093	77	60	0.12408523927505	0.680709585134945
HROV-vOTU18260	Age	Age	0.152891816272659	0.0984427114437571	77	77	0.124844650462262	0.680709585134945
HROV-vOTU43577	diagnosis	RA	-1.02935256374202	0.66123669782268	77	51	0.123986382478259	0.680709585134945
HROV-vOTU47976	Sex	M	0.623911044756222	0.400610951040556	77	74	0.123822417031926	0.680709585134945
HROV-vOTU48679	Age	Age	-0.474306354793768	0.304793592706403	77	68	0.12411759979168	0.680709585134945
HROV-vOTU66742	Smoking_Status	Never_Smoker	0.850544029712343	0.547912532357087	77	58	0.125028425099177	0.680709585134945
HROV-vOTU07207	Smoking_Status	Never_Smoker	-2.21484372432694	1.42329760352928	77	21	0.124122488798948	0.680709585134945
HROV-vOTU41573	Smoking_Status	Never_Smoker	-1.61810851648277	1.04316113363215	77	70	0.125310017999947	0.680709585134945
HROV-vOTU46389	Age	Age	0.582551733730707	0.375649117998202	77	26	0.125399109054499	0.680709585134945
HROV-vOTU55957	Sex	M	0.31474862357788	0.202614722899075	77	76	0.124765946383807	0.680709585134945
HROV-vOTU22200	Sex	M	1.18038492928657	0.760325640378878	77	26	0.124995563736167	0.680709585134945
HROV-vOTU40942	Smoking_Status	Never_Smoker	-1.79562198917978	1.15597485568578	77	70	0.124788412725356	0.680709585134945
HROV-vOTU15386	Smoking_Status	Never_Smoker	1.57880623351588	1.01506865515484	77	30	0.124304792299609	0.680709585134945
HROV-vOTU40123	Age	Age	0.452841006751893	0.291153045712393	77	68	0.124312468332141	0.680709585134945
HROV-vOTU73366	Smoking_Status	Former_Smoker	1.43300502066046	0.920599703106644	77	75	0.124012197047227	0.680709585134945
HROV-vOTU01179	Smoking_Status	Never_Smoker	1.58524852712017	1.02095402000852	77	63	0.124938183695187	0.680709585134945
HROV-vOTU42237	Smoking_Status	Never_Smoker	1.78827104054968	1.15108000214906	77	45	0.124736069028791	0.680709585134945
HROV-vOTU42257	Sex	M	1.1990396425736	0.772494315867924	77	47	0.125068866590049	0.680709585134945
HROV-vOTU35828	diagnosis	RA	-1.02658866886403	0.661439101267323	77	53	0.125095919279542	0.680709585134945
HROV-vOTU06807	Smoking_Status	Former_Smoker	2.75904446104548	1.77815697792533	77	37	0.125196810195851	0.680709585134945
HROV-vOTU12141	Smoking_Status	Never_Smoker	-2.01302123565701	1.29438333718457	77	56	0.124345684836396	0.680709585134945
HROV-vOTU10034	Smoking_Status	Former_Smoker	-2.15251697463809	1.38499319336375	77	31	0.124590028564386	0.680709585134945
HROV-vOTU62704	Age	Age	0.344428052769035	0.221012265895595	77	59	0.123582351876466	0.680709585134945
HROV-vOTU53337	Sex	M	1.38925544466729	0.893044805626104	77	60	0.124240495524472	0.680709585134945
HROV-vOTU46010	Smoking_Status	Never_Smoker	1.35688397622454	0.872933862758022	77	48	0.124536767853052	0.680709585134945
HROV-vOTU33117	diagnosis	RA	0.684695634799872	0.439570603619241	77	16	0.123763664636331	0.680709585134945
HROV-vOTU71472	diagnosis	RA	-1.03503524090172	0.666495726392621	77	49	0.124881296015602	0.680709585134945
HROV-vOTU46996	Smoking_Status	Former_Smoker	2.96555921082333	1.90739236915324	77	43	0.124447050244943	0.680709585134945
HROV-vOTU26023	Sex	M	0.875506261919386	0.563089846091007	77	72	0.124434256960768	0.680709585134945
HROV-vOTU28920	Sex	M	0.905830729641067	0.582863762231679	77	68	0.124606199407667	0.680709585134945
HROV-vOTU22235	Sex	M	1.16079977278741	0.748084686121877	77	62	0.12518146112426	0.680709585134945
HROV-vOTU06297	diagnosis	RA	0.661278574718966	0.425353961799166	77	64	0.124474843759246	0.680709585134945
HROV-vOTU37858	Smoking_Status	Former_Smoker	-3.20809393558419	2.05930176572004	77	47	0.123714190552517	0.680709585134945
HROV-vOTU69242	Sex	M	0.436224874767411	0.281283334957878	77	9	0.125386872764106	0.680709585134945
HROV-vOTU09864	diagnosis	RA	-0.925621415480502	0.595254996217855	77	28	0.124392658991964	0.680709585134945
HROV-vOTU38097	diagnosis	RA	0.994905605362099	0.641566076548952	77	36	0.125409070696227	0.680709585134945
HROV-vOTU72289	Smoking_Status	Former_Smoker	-3.10739167364004	1.99868116749419	77	24	0.124459059217936	0.680709585134945
HROV-vOTU67169	Smoking_Status	Former_Smoker	1.68950397733488	1.08872058098514	77	40	0.12515047727838	0.680709585134945
HROV-vOTU38735	Smoking_Status	Former_Smoker	2.24990119590603	1.44804880664416	77	43	0.124691328083017	0.680709585134945
HROV-vOTU08302	diagnosis	RA	0.636503180809302	0.410233953228749	77	14	0.125213592778553	0.680709585134945
HROV-vOTU08302	Smoking_Status	Never_Smoker	1.09105167717007	0.700739571739226	77	14	0.123917027550649	0.680709585134945
HROV-vOTU47690	Smoking_Status	Never_Smoker	1.63719462715376	1.05256171497084	77	38	0.12428832008523	0.680709585134945
HROV-vOTU51026	Age	Age	-0.597279688973492	0.384414111040628	77	66	0.124692882786019	0.680709585134945
HROV-vOTU74217	Smoking_Status	Never_Smoker	0.672364855393805	0.432570219436258	77	13	0.12454784539491601	0.680709585134945
HROV-vOTU39268	Sex	M	-1.11130839617716	0.71621486850511	77	8	0.125194533561734	0.680709585134945
HROV-vOTU06179	Sex	M	1.36740932033907	0.88157962461332	77	24	0.125326490875611	0.680709585134945
HROV-vOTU02442	Smoking_Status	Former_Smoker	2.49379971560449	1.60632593625171	77	33	0.124992248317128	0.680709585134945
HROV-vOTU11805	Smoking_Status	Never_Smoker	1.01537903920679	0.653116220317832	77	9	0.12447164159517	0.680709585134945
HROV-vOTU04694	Smoking_Status	Former_Smoker	1.39621705539019	0.898124478124256	77	11	0.124489824302438	0.680709585134945
HROV-vOTU08215	Age	Age	-0.210747013511241	0.13568155558871	77	11	0.124810539895568	0.680709585134945
HROV-vOTU19538	diagnosis	RA	-0.591037770659623	0.380628809934835	77	14	0.124919043809494	0.680709585134945
HROV-vOTU52822	Smoking_Status	Never_Smoker	1.72232618228988	1.11065447414282	77	26	0.125412538850524	0.680709585134945
HROV-vOTU08459	Age	Age	-0.294368209767872	0.189547698028186	77	9	0.124868804673575	0.680709585134945
HROV-vOTU46545	Age	Age	-0.152459137714176	0.0979394450556148	77	8	0.123996072575025	0.680709585134945
HROV-vOTU26524	Smoking_Status	Never_Smoker	0.640674695832528	0.411204558743331	77	10	0.123669487715819	0.680709585134945
HROV-vOTU39786	Sex	M	0.714144871380883	0.459179889050408	77	8	0.124330323477039	0.680709585134945
HROV-vOTU15157	Smoking_Status	Never_Smoker	0.69189371151776	0.44531784408652	77	8	0.124700684197268	0.680709585134945
HROV-vOTU01179	diagnosis	RA	-0.926539635310381	0.597697091165195	77	63	0.125544003823716	0.681262584368562
HROV-vOTU56474	Smoking_Status	Never_Smoker	1.13632935033766	0.733150195431086	77	12	0.125605309696422	0.681434695479058
HROV-vOTU13650	diagnosis	RA	0.491009154380911	0.316891391965802	77	13	0.125718487812941	0.681888076856341
HROV-vOTU74285	diagnosis	RA	-0.920519437039026	0.594220296400422	77	59	0.125798751278579	0.68191997819828
HROV-vOTU00728	Smoking_Status	Never_Smoker	0.842658657101639	0.54393415528645	77	39	0.12578171811382	0.68191997819828
HROV-vOTU23111	Age	Age	-0.250499887382437	0.161710757453713	77	8	0.125813199625032	0.68191997819828
HROV-vOTU36749	Smoking_Status	Former_Smoker	-2.30655353239515	1.48922774256862	77	71	0.125869947265306	0.682067031887059
HROV-vOTU01895	Smoking_Status	Never_Smoker	1.40576943002125	0.907722830458475	77	24	0.125905598278874	0.682099724385433
HROV-vOTU19602	diagnosis	RA	0.851207407989838	0.549774983842531	77	24	0.126000282471885	0.682452141422275
HROV-vOTU70738	Sex	M	0.663930122344527	0.428881519376185	77	74	0.126056362584908	0.682595351594269
HROV-vOTU38736	Smoking_Status	Never_Smoker	1.23105330976394	0.795643020183765	77	63	0.126250678806379	0.683059088703912
HROV-vOTU01449	Smoking_Status	Never_Smoker	-0.697278891825842	0.450668423984643	77	77	0.126258589391552	0.683059088703912
HROV-vOTU61668	Smoking_Status	Former_Smoker	2.5875496857288	1.67233878603594	77	54	0.126245671856405	0.683059088703912
HROV-vOTU66534	Sex	M	-0.83108911532605	0.537156202906961	77	20	0.126260640061335	0.683059088703912
HROV-vOTU36861	Smoking_Status	Former_Smoker	-2.4005460361202	1.55206828733611	77	52	0.1263875398724	0.683081924805627
HROV-vOTU15439	Smoking_Status	Never_Smoker	1.49467185366696	0.96618437105385	77	39	0.126313141860167	0.683081924805627
HROV-vOTU68778	Smoking_Status	Never_Smoker	2.21177495781299	1.43006726787055	77	52	0.126400202992101	0.683081924805627
HROV-vOTU37732	diagnosis	RA	0.436332703490957	0.282129425340972	77	10	0.126413163852435	0.683081924805627
HROV-vOTU73063	Age	Age	-0.38291775203049	0.247576224024265	77	16	0.126389814139464	0.683081924805627
HROV-vOTU02525	Smoking_Status	Never_Smoker	0.768740976397424	0.497104570192325	77	73	0.126445037580304	0.683093881180954
HROV-vOTU21746	diagnosis	RA	-0.855000290716359	0.553167917441072	77	61	0.126636669232933	0.683243487958756
HROV-vOTU21345	diagnosis	RA	-1.44311852599262	0.933702265489634	77	37	0.126650156494325	0.683243487958756
HROV-vOTU28914	Smoking_Status	Former_Smoker	1.53609015586895	0.993742153688517	77	39	0.126607687870891	0.683243487958756
HROV-vOTU04429	diagnosis	RA	-0.506928339409838	0.327922365569884	77	15	0.126579720077481	0.683243487958756
HROV-vOTU04552	diagnosis	RA	-1.40574658713536	0.90925474369598	77	39	0.126540247728207	0.683243487958756
HROV-vOTU00181	diagnosis	RA	-0.57199414047584	0.370082598310882	77	18	0.126650736000692	0.683243487958756
HROV-vOTU63000	Smoking_Status	Never_Smoker	1.49079348378491	0.964712682483179	77	16	0.126713859270196	0.683263914538191
HROV-vOTU71313	Age	Age	0.422078816313083	0.2731131673221	77	19	0.126686843703657	0.683263914538191
HROV-vOTU65832	diagnosis	RA	0.613489563086926	0.397135456107031	77	20	0.126843715999231	0.683515696505251
HROV-vOTU31167	Age	Age	-0.466701824869281	0.302096714689741	77	29	0.126822226581137	0.683515696505251
HROV-vOTU74625	Sex	M	0.959882623392511	0.621378815456811	77	15	0.126849591266324	0.683515696505251
HROV-vOTU35521	Smoking_Status	Never_Smoker	1.96159601019573	1.27027197613403	77	41	0.126977663354727	0.683885778077495
HROV-vOTU20527	diagnosis	RA	-0.997453197498571	0.645889800201264	77	53	0.126959375701489	0.683885778077495
HROV-vOTU70023	Age	Age	0.15602985313017	0.10107486089247	77	77	0.12710533830996	0.684186841024512
HROV-vOTU06484	Smoking_Status	Former_Smoker	-2.42743427525899	1.57254522522394	77	55	0.127122743069647	0.684186841024512
HROV-vOTU27793	Sex	M	0.80511940916935	0.521615386065497	77	9	0.127152395987187	0.684186841024512
HROV-vOTU56066	diagnosis	RA	-1.0050262345793	0.651062760508668	77	33	0.127113952991621	0.684186841024512
HROV-vOTU04797	Smoking_Status	Former_Smoker	2.50246456675869	1.62155767879034	77	32	0.127216451191367	0.684371611991867
HROV-vOTU09525	Sex	M	1.4110774277777	0.914476647935145	77	47	0.127265824984747	0.684477335216891
HROV-vOTU10784	Smoking_Status	Never_Smoker	1.09068850848032	0.706925567513723	77	12	0.12730992152209	0.684510496600254
HROV-vOTU20950	Age	Age	0.24184868657651	0.156774757709839	77	14	0.127361158399135	0.684510496600254
HROV-vOTU02851	Smoking_Status	Never_Smoker	1.64516439513405	1.06643852215312	77	32	0.127356088375544	0.684510496600254
HROV-vOTU29883	diagnosis	RA	1.0747680360447	0.696965282928856	77	74	0.12750254096116	0.685030012326612
HROV-vOTU04632	Age	Age	-0.294854243431058	0.191214540241837	77	16	0.12751731058811	0.685030012326612
HROV-vOTU69794	diagnosis	RA	-0.84281801471626006	0.546638485954787	77	58	0.127562901799352	0.685115118572544
HROV-vOTU56428	Smoking_Status	Former_Smoker	-1.53476440567981	0.996319039691557	77	77	0.127899750321093	0.686034124218332
HROV-vOTU09478	Sex	M	1.30277949314995	0.84577675351035	77	72	0.12792403308209	0.686034124218332
HROV-vOTU70220	diagnosis	RA	0.681392137500271	0.442395304343334	77	18	0.127948698884153	0.686034124218332
HROV-vOTU37850	Smoking_Status	Former_Smoker	2.8446348876606	1.84601657868537	77	45	0.127772282024991	0.686034124218332
HROV-vOTU06467	diagnosis	RA	-0.840061744080668	0.545403172347021	77	64	0.127942706213791	0.686034124218332
HROV-vOTU72241	Smoking_Status	Never_Smoker	1.29083677276369	0.838049889953345	77	9	0.127935876847119	0.686034124218332
HROV-vOTU02911	Age	Age	-0.326937646619521	0.212278335913523	77	18	0.127972322954492	0.686034124218332
HROV-vOTU63780	Age	Age	-0.312760996506363	0.203046118023876	77	12	0.127921677289011	0.686034124218332
HROV-vOTU10604	Smoking_Status	Never_Smoker	-0.818995503453501	0.531894440631327	77	77	0.128061468805824	0.68635225194278
HROV-vOTU72961	diagnosis	RA	-0.887438924468235	0.576470774976736	77	71	0.128143465909859	0.686631926455106
HROV-vOTU48965	Smoking_Status	Former_Smoker	-2.99704361607844	1.94714473646941	77	52	0.128200816638709	0.686682756847221
HROV-vOTU59173	diagnosis	RA	-0.885131276949052	0.575077628906012	77	67	0.128212585950632	0.686682756847221
HROV-vOTU09198	Age	Age	0.522886738865451	0.339798777862817	77	60	0.128295068729779	0.68690238622719
HROV-vOTU12665	Age	Age	0.501441793481486	0.325903143181401	77	51	0.128341626601025	0.68690238622719
HROV-vOTU55142	Sex	M	1.10058909434832	0.715310991113886	77	15	0.128343072858689	0.68690238622719
HROV-vOTU01467	Smoking_Status	Former_Smoker	1.74129849107576	1.13224832794271	77	53	0.128515038822972	0.686951633846127
HROV-vOTU50724	Smoking_Status	Never_Smoker	-1.22988758011026	0.799719571206261	77	30	0.128518365706698	0.686951633846127
HROV-vOTU38046	Age	Age	-0.568924635890498	0.369910120104287	77	69	0.12849168111794	0.686951633846127
HROV-vOTU32540	Smoking_Status	Never_Smoker	0.740062457867631	0.481128021746084	77	71	0.128449114264001	0.686951633846127
HROV-vOTU56271	Age	Age	-0.400586357791076	0.260461264624412	77	40	0.128496455240198	0.686951633846127
HROV-vOTU23394	Smoking_Status	Never_Smoker	0.956049109931231	0.621680711292123	77	8	0.128531245776941	0.686951633846127
HROV-vOTU14316	Smoking_Status	Never_Smoker	1.4208983309647	0.924181869515519	77	46	0.128624080133064	0.687288298251614
HROV-vOTU64911	Age	Age	-0.569760295870921	0.37067574491704	77	67	0.12871720288024	0.687501705869318
HROV-vOTU49004	Smoking_Status	Never_Smoker	1.85579939086815	1.20740705150715	77	54	0.128735123951384	0.687501705869318
HROV-vOTU02433	Age	Age	-0.192926193247331	0.125526430663002	77	10	0.128753576092678	0.687501705869318
HROV-vOTU27268	diagnosis	RA	-0.981704142934704	0.63889923210361	77	63	0.128846923607258	0.687840670068419
HROV-vOTU15132	Smoking_Status	Former_Smoker	2.82660827543836	1.83981401610334	77	56	0.128895927585147	0.687942807018756
HROV-vOTU15004	diagnosis	RA	1.00571818810838	0.654784970841835	77	33	0.128994820746467	0.688151661290512
HROV-vOTU51876	Smoking_Status	Former_Smoker	1.03579987030142	0.674365185492964	77	11	0.12899212558609	0.688151661290512
HROV-vOTU01788	Age	Age	-0.782434042885413	0.509492120771165	77	58	0.129053197736867	0.688303646104687
HROV-vOTU12820	Smoking_Status	Former_Smoker	2.22207947263501	1.44726613834792	77	67	0.129139116472236	0.688602420086962
HROV-vOTU53131	Age	Age	0.562691441183612	0.366530464283806	77	52	0.12918331228182	0.688678630057945
HROV-vOTU02899	diagnosis	RA	-1.49680984871188	0.975113068511407	77	57	0.129225452905338	0.688743851055294
HROV-vOTU55559	diagnosis	RA	-0.421942149209773	0.274952168879734	77	15	0.129326015941069	0.688960940810274
HROV-vOTU31167	diagnosis	RA	-0.906170695975084	0.590468192002882	77	29	0.129310615772243	0.688960940810274
HROV-vOTU66454	Smoking_Status	Former_Smoker	-1.81020664096095	1.17990603543535	77	31	0.129425863493957	0.689174019945856
HROV-vOTU53240	diagnosis	RA	-0.382518797832277	0.249320654698689	77	10	0.129413889661769	0.689174019945856
HROV-vOTU02846	Age	Age	0.322690985608464	0.210371592318958	77	72	0.129496186478103	0.689389083354301
HROV-vOTU69633	diagnosis	RA	0.785520286133391	0.512182035207857	77	70	0.129554092015297	0.68953304037293806
HROV-vOTU57111	Smoking_Status	Former_Smoker	-1.68562318057492	1.09923857615852	77	15	0.129610144835101	0.68953304037293806
HROV-vOTU25356	Age	Age	-0.477293681685894	0.311257980157047	77	26	0.129613049577701	0.68953304037293806
HROV-vOTU03192	Age	Age	-0.620216113583393	0.4045112402288	77	63	0.129658869298303	0.689582253700433
HROV-vOTU21435	Smoking_Status	Former_Smoker	-2.07923284457656	1.35628814979902	77	71	0.129712128659587	0.689582253700433
HROV-vOTU56246	Smoking_Status	Former_Smoker	-1.61433844596492	1.05297546001873	77	19	0.129690247162292	0.689582253700433
HROV-vOTU13294	Smoking_Status	Never_Smoker	-0.801226442496294	0.522793805253775	77	32	0.129821924239867	0.689701339771887
HROV-vOTU05407	Age	Age	0.294591341546595	0.192219726049108	77	33	0.129824372901048	0.689701339771887
HROV-vOTU51983	Age	Age	-0.553746443565046	0.36127713888813	77	33	0.129782259598116	0.689701339771887
HROV-vOTU21900	Smoking_Status	Never_Smoker	0.835084448388255	0.545010973179324	77	13	0.129908604731532	0.689989660278409
HROV-vOTU20478	Age	Age	-0.484856751803092	0.316498968246527	77	37	0.129981662441221	0.690218511879485
HROV-vOTU16656	Smoking_Status	Never_Smoker	-0.488852706265533	0.319208108643506	77	8	0.130100889946432	0.690420925680574
HROV-vOTU06750	Smoking_Status	Never_Smoker	1.7053956306942	1.11360502627206	77	24	0.130109718517312	0.690420925680574
HROV-vOTU35132	Sex	M	0.661039362014136	0.431595052130176	77	10	0.130060207137282	0.690420925680574
HROV-vOTU44591	Sex	M	1.15769854767778	0.756240475858841	77	41	0.130247588701307	0.690518067777593
HROV-vOTU18411	Sex	M	1.2761472497594	0.833601072741275	77	72	0.13024153461099	0.690518067777593
HROV-vOTU19997	Smoking_Status	Former_Smoker	-1.14450403597909	0.747629584439733	77	14	0.130251698403794	0.690518067777593
HROV-vOTU00966	Sex	M	1.47789797751439	0.965255642655901	77	30	0.130189666312126	0.690518067777593
HROV-vOTU65659	Smoking_Status	Never_Smoker	2.11940920458424	1.38456741767963	77	36	0.130277942010145	0.690518067777593
HROV-vOTU56750	Smoking_Status	Former_Smoker	1.96309373714148	1.28258038974453	77	71	0.130316488754858	0.690563445932899
HROV-vOTU63233	Smoking_Status	Former_Smoker	-1.54397150332788	1.00901939845126	77	11	0.130418114132426	0.690625239933263
HROV-vOTU42245	diagnosis	RA	-0.606131721552209	0.396106933056016	77	61	0.13040521755306	0.690625239933263
HROV-vOTU57313	Smoking_Status	Never_Smoker	0.959813522282396	0.627242086990937	77	14	0.130407740477261	0.690625239933263
HROV-vOTU66995	Smoking_Status	Never_Smoker	1.06877342511563	0.699585423119262	77	72	0.131024076002087	0.690955791914841
HROV-vOTU13389	Age	Age	0.420997372432823	0.275992627700018	77	20	0.131603406357441	0.690955791914841
HROV-vOTU45175	Smoking_Status	Never_Smoker	1.56628457444686	1.0264541965311	77	58	0.13147294085152	0.690955791914841
HROV-vOTU06193	diagnosis	RA	-1.05715031516039	0.693052671333891	77	65	0.131613379660078	0.690955791914841
HROV-vOTU42237	Smoking_Status	Former_Smoker	2.481029215327	1.62493488224558	77	45	0.131241502927247	0.690955791914841
HROV-vOTU20938	Sex	M	0.95209304430921	0.624002766583831	77	35	0.131506357087891	0.690955791914841
HROV-vOTU17408	Age	Age	0.366533286625829	0.240004744776367	77	35	0.131156184778842	0.690955791914841
HROV-vOTU15737	Smoking_Status	Never_Smoker	1.20540437595998	0.788374831301026	77	64	0.130714238343773	0.690955791914841
HROV-vOTU05159	Sex	M	0.778560064129493	0.510239330486263	77	10	0.131484223902266	0.690955791914841
HROV-vOTU66879	Sex	M	1.02205452411619	0.669950138874708	77	62	0.131559956218591	0.690955791914841
HROV-vOTU62225	Age	Age	-0.337841064552478	0.221322574992914	77	71	0.131336910329418	0.690955791914841
HROV-vOTU02641	diagnosis	RA	-1.36414581693415	0.893476496762323	77	53	0.131257449793919	0.690955791914841
HROV-vOTU31632	Age	Age	-0.389840011822813	0.255088680406115	77	66	0.130892874617365	0.690955791914841
HROV-vOTU25310	Sex	M	1.17163146928622	0.766771301803484	77	71	0.130954000886354	0.690955791914841
HROV-vOTU43532	diagnosis	RA	-0.663234202190748	0.434607825593102	77	65	0.131439478607698	0.690955791914841
HROV-vOTU22862	Smoking_Status	Never_Smoker	1.87874971615977	1.22853063170455	77	39	0.130641933389154	0.690955791914841
HROV-vOTU44351	Age	Age	0.303430064240137	0.198777944898144	77	16	0.131333685474144	0.690955791914841
HROV-vOTU31912	Smoking_Status	Never_Smoker	-1.57821517830023	1.03366419756907	77	25	0.131249518225486	0.690955791914841
HROV-vOTU04413	Age	Age	-0.428180685475926	0.280548453569979	77	42	0.131395928271147	0.690955791914841
HROV-vOTU30516	diagnosis	RA	-0.710318879788966	0.465457611805266	77	31	0.131436113850457	0.690955791914841
HROV-vOTU68286	diagnosis	RA	0.57854584670416	0.378310199909557	77	12	0.130636013037884	0.690955791914841
HROV-vOTU11379	Age	Age	-0.377275298916126	0.246768676077665	77	14	0.130741858527376	0.690955791914841
HROV-vOTU40608	Sex	M	0.749815634006698	0.490687770911582	77	9	0.130932986865771	0.690955791914841
HROV-vOTU12384	Age	Age	-0.303200020032037	0.198679241204803	77	54	0.131433043942212	0.690955791914841
HROV-vOTU24598	Sex	M	1.31334749679289	0.860731932670052	77	38	0.131489868266752	0.690955791914841
HROV-vOTU56171	Age	Age	0.512708730084082	0.336053182902563	77	22	0.131532745379842	0.690955791914841
HROV-vOTU17571	Sex	M	0.751700491857009	0.491413852773751	77	22	0.130542126712168	0.690955791914841
HROV-vOTU44936	diagnosis	RA	-0.758588683828607	0.496474928109143	77	35	0.130968087105164	0.690955791914841
HROV-vOTU55142	Age	Age	0.42392456698872	0.277284787290108	77	15	0.130746915976648	0.690955791914841
HROV-vOTU38884	Smoking_Status	Never_Smoker	1.28835740802172	0.844038700267394	77	33	0.131348029438828	0.690955791914841
HROV-vOTU74209	Sex	M	-0.570550175957011	0.373665810327313	77	17	0.131228779717632	0.690955791914841
HROV-vOTU75872	Smoking_Status	Never_Smoker	1.03913970455755	0.679341447555355	77	18	0.13055224753752	0.690955791914841
HROV-vOTU62711	Smoking_Status	Never_Smoker	1.04098218886701	0.681001735033081	77	23	0.130805756840039	0.690955791914841
HROV-vOTU36674	Age	Age	-0.4251334395354	0.278108058320443	77	14	0.130791265575139	0.690955791914841
HROV-vOTU08215	Smoking_Status	Never_Smoker	0.690969020057173	0.452998079261791	77	11	0.131620627838923	0.690955791914841
HROV-vOTU49059	Smoking_Status	Never_Smoker	1.20092560897656	0.785421794502919	77	13	0.13070277567322	0.690955791914841
HROV-vOTU62744	Smoking_Status	Never_Smoker	1.33417393441017	0.873580869461498	77	14	0.131142435777118	0.690955791914841
HROV-vOTU46194	Smoking_Status	Never_Smoker	0.629867494105979	0.412315772019246	77	8	0.131046465205771	0.690955791914841
HROV-vOTU48814	Age	Age	-0.497847756779218	0.326427226494424	77	22	0.131666148285216	0.691037236784073
HROV-vOTU01043	Smoking_Status	Never_Smoker	1.06483348428972	0.698396010974928	77	20	0.131780103276383	0.691477734895215
HROV-vOTU07406	Smoking_Status	Never_Smoker	-0.839414010126702	0.550668305174525	77	9	0.131862222060498	0.69175101914653
HROV-vOTU70773	diagnosis	RA	-0.376750022554713	0.247891425063574	77	77	0.132997503308621	0.691772891581192
HROV-vOTU32680	Smoking_Status	Former_Smoker	-2.31111685883111	1.51953215266865	77	23	0.132716227549859	0.691772891581192
HROV-vOTU40564	Smoking_Status	Former_Smoker	2.20715426798853	1.44825128199321	77	67	0.131947471684605	0.691772891581192
HROV-vOTU03660	Smoking_Status	Never_Smoker	1.21947396370945	0.80036319068864	77	74	0.132037980789104	0.691772891581192
HROV-vOTU65229	Smoking_Status	Never_Smoker	1.56623806965428	1.03008151709031	77	45	0.13282672031077	0.691772891581192
HROV-vOTU60665	Age	Age	0.373756415813006	0.245626578822736	77	75	0.132539561543073	0.691772891581192
HROV-vOTU62317	Age	Age	0.439924306320255	0.289015063098794	77	67	0.132413078258924	0.691772891581192
HROV-vOTU53817	Smoking_Status	Never_Smoker	1.710094661666	1.1250426367668	77	21	0.132945320492574	0.691772891581192
HROV-vOTU02903	Smoking_Status	Never_Smoker	-1.74036299393464	1.14289962969599	77	45	0.132260273765407	0.691772891581192
HROV-vOTU05314	Age	Age	-0.356555565423652	0.234017435257865	77	43	0.13204360547587	0.691772891581192
HROV-vOTU75148	Smoking_Status	Never_Smoker	0.97095034744604	0.638560537341056	77	73	0.132819022971793	0.691772891581192
HROV-vOTU09255	Age	Age	-0.611710779585493	0.402690260640768	77	67	0.133188059108598	0.691772891581192
HROV-vOTU11934	Age	Age	-0.587933220741691	0.387018405734543	77	67	0.133169265787404	0.691772891581192
HROV-vOTU36085	Age	Age	-0.43513655139723	0.286144903109066	77	50	0.132779850947489	0.691772891581192
HROV-vOTU75179	diagnosis	RA	0.968207703581038	0.635957914344947	77	30	0.132340573858945	0.691772891581192
HROV-vOTU11240	Smoking_Status	Never_Smoker	2.23223208366072	1.46874866568425	77	52	0.132997434775069	0.691772891581192
HROV-vOTU47257	Smoking_Status	Former_Smoker	2.18392757977988	1.43529126409145	77	67	0.132552816135919	0.691772891581192
HROV-vOTU48217	Age	Age	0.200586214085093	0.131802726600792	77	10	0.132483946680076	0.691772891581192
HROV-vOTU45376	Smoking_Status	Never_Smoker	0.835548386165522	0.549873081950269	77	19	0.133070132076285	0.691772891581192
HROV-vOTU16888	diagnosis	RA	-0.51193881312891	0.336987636659634	77	11	0.133162487901271	0.691772891581192
HROV-vOTU20363	Age	Age	-0.314008987606114	0.206459717481878	77	15	0.132720847029623	0.691772891581192
HROV-vOTU39610	Sex	M	0.658323347047979	0.433254783026993	77	18	0.133081781611751	0.691772891581192
HROV-vOTU05574	Sex	M	0.645531576319788	0.424942124144121	77	10	0.133176893136567	0.691772891581192
HROV-vOTU14344	Smoking_Status	Former_Smoker	-1.12210205320828	0.738146414039677	77	12	0.132911343534422	0.691772891581192
HROV-vOTU07511	diagnosis	RA	-0.923256603539796	0.606181393934666	77	62	0.132183078652908	0.691772891581192
HROV-vOTU38097	Smoking_Status	Never_Smoker	-1.6657455520987	1.09588866105543	77	36	0.132953176113714	0.691772891581192
HROV-vOTU25224	Age	Age	0.385454779790151	0.253203524938949	77	13	0.132372553523701	0.691772891581192
HROV-vOTU73771	diagnosis	RA	-0.797545867687432	0.524720554776987	77	37	0.132966036857077	0.691772891581192
HROV-vOTU69935	Smoking_Status	Never_Smoker	1.71424225678545	1.12539250353369	77	22	0.132140701587861	0.691772891581192
HROV-vOTU62525	Age	Age	0.557508417630834	0.366147395178707	77	44	0.132292068288123	0.691772891581192
HROV-vOTU37184	Age	Age	0.290603540555634	0.191234748308679	77	27	0.133048204037085	0.691772891581192
HROV-vOTU22134	Sex	M	1.15127239177786	0.756510850161281	77	59	0.132496016312138	0.691772891581192
HROV-vOTU48734	Age	Age	-0.330621242702305	0.217099315540467	77	17	0.13222472800353	0.691772891581192
HROV-vOTU14680	Smoking_Status	Never_Smoker	1.16900131174911	0.768567005451269	77	17	0.132697571223067	0.691772891581192
HROV-vOTU39268	Smoking_Status	Former_Smoker	1.98990113963805	1.30852033789267	77	8	0.132769776574544	0.691772891581192
HROV-vOTU48844	diagnosis	RA	-0.48709890259239	0.319739204797017	77	12	0.132094191648813	0.691772891581192
HROV-vOTU02637	Age	Age	-0.350639328116554	0.230799962469188	77	20	0.133144198085147	0.691772891581192
HROV-vOTU17130	Smoking_Status	Never_Smoker	1.61446298482973	1.05997348885718	77	37	0.132171450563288	0.691772891581192
HROV-vOTU06399	diagnosis	RA	-0.640739275611798	0.421073734215255	77	9	0.132530877769505	0.691772891581192
HROV-vOTU10770	Age	Age	-0.293582828550297	0.193149368867473	77	8	0.132957456758782	0.691772891581192
HROV-vOTU17850	diagnosis	RA	-1.1730357150718	0.770358025859759	77	15	0.132271779081031	0.691772891581192
HROV-vOTU38064	Smoking_Status	Never_Smoker	1.21960688309806	0.80263237916228	77	18	0.133075365242062	0.691772891581192
HROV-vOTU52334	Smoking_Status	Never_Smoker	2.10518404959543	1.38208345966938	77	23	0.132151547412604	0.691772891581192
HROV-vOTU04409	diagnosis	RA	-0.497105244435167	0.326293981669834	77	8	0.132078403654432	0.691772891581192
HROV-vOTU37067	Sex	M	0.81968794309909	0.539645019254322	77	19	0.133218514961611	0.691775061908883
HROV-vOTU40810	Smoking_Status	Never_Smoker	1.51740489208407	0.99922001929112	77	54	0.133306487432324	0.691919857012942
HROV-vOTU73863	Smoking_Status	Never_Smoker	0.926634089806263	0.610177108921316	77	16	0.133295923533353	0.691919857012942
HROV-vOTU26100	Smoking_Status	Never_Smoker	1.38852228220639	0.914547034963742	77	55	0.133388788371073	0.6920350971358
HROV-vOTU71058	Age	Age	0.333420341130447	0.219597627777858	77	23	0.133373267299767	0.6920350971358
HROV-vOTU48715	Smoking_Status	Never_Smoker	1.18960812320274	0.783611657945862	77	72	0.133427308711783	0.692079035953234
HROV-vOTU04890	Smoking_Status	Former_Smoker	2.30560012930164	1.51905375017862	77	24	0.133508445411757	0.692343953576392
HROV-vOTU52612	diagnosis	RA	-1.11371759816139	0.733896463313256	77	44	0.133570562259269	0.692510141564826
HROV-vOTU63635	Smoking_Status	Never_Smoker	1.05157796284582	0.693176095978893	77	18	0.133695952865119	0.693004230133626
HROV-vOTU11425	Sex	M	0.640537202447481	0.422284547755054	77	9	0.13374768680849	0.693116387758671
HROV-vOTU69434	Smoking_Status	Never_Smoker	0.675045555556381	0.44518668907036	77	20	0.133878322488218	0.693637292891714
HROV-vOTU45592	Smoking_Status	Never_Smoker	1.03373413467872	0.681847425864989	77	15	0.133939369438855	0.693797498465326
HROV-vOTU05758	diagnosis	RA	-0.53614958534365	0.353679432237425	77	47	0.13397946511413	0.693849130105332
HROV-vOTU36712	Smoking_Status	Never_Smoker	-0.597049527550905	0.393941851700637	77	10	0.134065817291653	0.694140236561776
HROV-vOTU11726	Smoking_Status	Never_Smoker	1.56979580470698	1.03636044259948	77	72	0.134282748274013	0.694326828188263
HROV-vOTU28243	Sex	M	-1.32824978160331	0.876785550411071	77	37	0.134235067786684	0.694326828188263
HROV-vOTU17653	Smoking_Status	Never_Smoker	1.10060361902249	0.726358848473032	77	11	0.134152722624321	0.694326828188263
HROV-vOTU11476	Sex	M	0.761412540302475	0.502535858644338	77	17	0.134176308302452	0.694326828188263
HROV-vOTU28412	Sex	M	-0.824602595447483	0.544328068382903	77	14	0.134237186516619	0.694326828188263
HROV-vOTU36038	Smoking_Status	Never_Smoker	0.821447098955959	0.542299018132906	77	11	0.134275294939206	0.694326828188263
HROV-vOTU04455	Age	Age	-0.352763430404369	0.23291604455789	77	66	0.134325274862846	0.69439081483532
HROV-vOTU01674	diagnosis	RA	0.882945842510475	0.583036339025535	77	63	0.134365621447457	0.694439204603963
HROV-vOTU06274	Smoking_Status	Never_Smoker	1.42089080859069	0.938329732084933	77	32	0.134394942897085	0.694439204603963
HROV-vOTU52833	Smoking_Status	Never_Smoker	0.832575310111044	0.549896841120247	77	12	0.134450499175717	0.69457043427922
HROV-vOTU02128	Smoking_Status	Former_Smoker	-1.71569409702926	1.13385181447447	77	64	0.134679052895947	0.695030366384497
HROV-vOTU17408	Smoking_Status	Former_Smoker	-1.71150371489733	1.13116465595634	77	35	0.13470692285494	0.695030366384497
HROV-vOTU07395	Smoking_Status	Never_Smoker	2.23685997138814	1.47793512572308	77	41	0.134590816699469	0.695030366384497
HROV-vOTU26471	Smoking_Status	Former_Smoker	-1.72073627175293	1.13730717023149	77	15	0.134720605972227	0.695030366384497
HROV-vOTU27268	Age	Age	0.494630815277887	0.326875116475972	77	63	0.134665135282011	0.695030366384497
HROV-vOTU56041	Sex	M	-0.669219344676599	0.442225353675974	77	18	0.134642568729451	0.695030366384497
HROV-vOTU46108	Age	Age	0.785418768373623	0.519756106057364	77	32	0.13519366038989	0.695346195916365
HROV-vOTU43676	Age	Age	0.558860568762648	0.369498126162758	77	63	0.134849050862836	0.695346195916365
HROV-vOTU15797	Smoking_Status	Never_Smoker	1.00098947244589	0.662449326178243	77	67	0.135215636600808	0.695346195916365
HROV-vOTU55005	Smoking_Status	Former_Smoker	-0.838862541491143	0.554670180109826	77	77	0.134880213208223	0.695346195916365
HROV-vOTU60669	Age	Age	-0.401082313902524	0.26541493006133	77	56	0.13518791789515	0.695346195916365
HROV-vOTU12311	Age	Age	-0.614394243457877	0.406522544596055	77	55	0.13513982515401	0.695346195916365
HROV-vOTU04247	Smoking_Status	Never_Smoker	1.79694231717799	1.18921225545118	77	66	0.13521748418649	0.695346195916365
HROV-vOTU08671	Smoking_Status	Former_Smoker	2.63882787633165	1.74635280349017	77	54	0.135213662403983	0.695346195916365
HROV-vOTU33468	diagnosis	RA	-0.56546529759473	0.374145677032387	77	69	0.135137415093591	0.695346195916365
HROV-vOTU51845	Smoking_Status	Former_Smoker	-0.719161225700413	0.475960569107637	77	8	0.135234720430282	0.695346195916365
HROV-vOTU48190	Smoking_Status	Never_Smoker	1.03663092598786	0.685788363883002	77	15	0.135076515292579	0.695346195916365
HROV-vOTU03324	diagnosis	RA	-0.324000501979099	0.214388516074439	77	11	0.135156053906935	0.695346195916365
HROV-vOTU01713	Sex	M	0.503552116398315	0.333010101916955	77	9	0.134941200696199	0.695346195916365
HROV-vOTU48096	Sex	M	-0.876750452331705	0.580080506870135	77	12	0.135117503171986	0.695346195916365
HROV-vOTU20454	diagnosis	RA	-0.335399908954717	0.221961532720222	77	11	0.135208220622338	0.695346195916365
HROV-vOTU29822	Smoking_Status	Never_Smoker	-1.82237392823957	1.2064508493914	77	37	0.135347545913683	0.695460504772898
HROV-vOTU31297	Smoking_Status	Never_Smoker	1.02842131862679	0.680792504025253	77	21	0.135322356697713	0.695460504772898
HROV-vOTU05377	Sex	M	-0.604397519265099	0.400110705465063	77	13	0.135334580269961	0.695460504772898
HROV-vOTU34371	Sex	M	0.977663889732821	0.647290623099244	77	67	0.135380845747262	0.695476439339601
HROV-vOTU33154	diagnosis	RA	-0.766481258650659	0.507612491396464	77	61	0.135488045970821	0.69571676671304306
HROV-vOTU41476	Sex	M	1.45103975743459	0.960918972362457	77	48	0.135467399994881	0.69571676671304306
HROV-vOTU12643	Sex	M	0.867283375314069	0.574431847633023	77	10	0.13552944804227	0.695774228357884
HROV-vOTU74280	Sex	M	-0.622804352914888	0.412562578670118	77	15	0.135583242453843	0.695895269380877
HROV-vOTU08038	diagnosis	RA	-0.704670476388541	0.466872856452603	77	9	0.135649145755973	0.695923329641358
HROV-vOTU53543	Smoking_Status	Never_Smoker	0.992657590372033	0.65765031280869	77	16	0.135634089584542	0.695923329641358
HROV-vOTU03632	Smoking_Status	Never_Smoker	2.34397742957563	1.55316566394625	77	64	0.135695071625255	0.696003897445352
HROV-vOTU07041	Age	Age	-0.378257599123015	0.250807264169196	77	61	0.135950587067795	0.696417426332757
HROV-vOTU07581	Sex	M	1.00127856454475	0.663739989269879	77	32	0.13585354770834	0.696417426332757
HROV-vOTU21077	Sex	M	1.31189357504119	0.869868473308456	77	44	0.135952837790854	0.696417426332757
HROV-vOTU12076	diagnosis	RA	-0.513261091107372	0.340243078390735	77	8	0.135860547214667	0.696417426332757
HROV-vOTU29218	Smoking_Status	Never_Smoker	0.565648612884598	0.375024647605261	77	10	0.135915662057582	0.696417426332757
HROV-vOTU74482	diagnosis	RA	-0.615498649058	0.408119108687298	77	17	0.135957131949287	0.696417426332757
HROV-vOTU11718	Age	Age	0.413637756294851	0.274301128734253	77	76	0.135999366331314	0.696478854038281
HROV-vOTU54200	Sex	M	0.942521851944624	0.625336579637804	77	73	0.136190206571369	0.696526861500918
HROV-vOTU53866	Sex	M	1.21231607409825	0.804303164987641	77	71	0.136173786995836	0.696526861500918
HROV-vOTU34025	diagnosis	RA	0.59240704778393	0.393009369089965	77	17	0.136154939786919	0.696526861500918
HROV-vOTU09276	Sex	M	1.37425822543435	0.911441725064305	77	39	0.136046527658723	0.696526861500918
HROV-vOTU51564	Sex	M	0.904225065016169	0.59986458878159	77	33	0.136149609798259	0.696526861500918
HROV-vOTU65452	Age	Age	-0.383547126309091	0.254412000523167	77	15	0.136098275012129	0.696526861500918
HROV-vOTU52361	Smoking_Status	Never_Smoker	-1.44117002518592	0.956910120450058	77	49	0.136486500736159	0.697377429468182
HROV-vOTU03632	Sex	M	1.80730338207364	1.200082462743	77	64	0.136507922363984	0.697377429468182
HROV-vOTU42910	Smoking_Status	Former_Smoker	1.34433703835242	0.89257231247971	77	11	0.136468120515956	0.697377429468182
HROV-vOTU26544	Smoking_Status	Never_Smoker	0.542947397922347	0.36051259349053	77	9	0.136492506389877	0.697377429468182
HROV-vOTU09393	Sex	M	1.0941001808695	0.72641638194825	77	19	0.136462159878233	0.697377429468182
HROV-vOTU25943	Smoking_Status	Former_Smoker	1.79646601983335	1.19315281392784	77	26	0.136594184864939	0.697508664620744
HROV-vOTU40683	diagnosis	RA	-0.958022911339005	0.63627040944187	77	25	0.1365841985415	0.697508664620744
HROV-vOTU28892	Smoking_Status	Former_Smoker	-3.64872671578986	2.42455689918641	77	32	0.13678449429712	0.697595929922938
HROV-vOTU02038	Smoking_Status	Former_Smoker	-2.73048122818731	1.81684614886286	77	64	0.137307961369548	0.697595929922938
HROV-vOTU03667	Age	Age	0.348723081663547	0.231873595759557	77	72	0.137033300279946	0.697595929922938
HROV-vOTU06856	diagnosis	RA	1.11042600165706	0.73865304363338	77	53	0.137193840023222	0.697595929922938
HROV-vOTU51786	diagnosis	RA	0.727806813603775	0.483652284564678	77	20	0.136807699290678	0.697595929922938
HROV-vOTU67265	Smoking_Status	Never_Smoker	1.27308261448441	0.846323168187784	77	60	0.13695232447937	0.697595929922938
HROV-vOTU05205	diagnosis	RA	-0.497644658795247	0.331083378546554	77	54	0.137253673464976	0.697595929922938
HROV-vOTU69959	Sex	M	0.788629028484156	0.524038462825072	77	10	0.136783925984165	0.697595929922938
HROV-vOTU24412	diagnosis	RA	0.564623900550052	0.375601493783299	77	10	0.137209147719455	0.697595929922938
HROV-vOTU38514	diagnosis	RA	-0.918665933315449	0.610824923652737	77	26	0.137023092265812	0.697595929922938
HROV-vOTU36919	diagnosis	RA	0.98867587009827	0.656849611937865	77	35	0.136714192642364	0.697595929922938
HROV-vOTU60614	Smoking_Status	Never_Smoker	-1.21741779293452	0.810046441849667	77	18	0.137300223337034	0.697595929922938
HROV-vOTU14774	diagnosis	RA	0.445624632091084	0.296344742668191	77	11	0.137084441734437	0.697595929922938
HROV-vOTU03613	diagnosis	RA	0.602146996289852	0.400653612812138	77	15	0.137296895175244	0.697595929922938
HROV-vOTU68255	Smoking_Status	Never_Smoker	0.953583173529955	0.634393863275187	77	13	0.137237959880431	0.697595929922938
HROV-vOTU25943	diagnosis	RA	-0.744082230566826	0.49481240142759	77	26	0.137076965397173	0.697595929922938
HROV-vOTU44691	diagnosis	RA	-1.33795644362408	0.889453412817274	77	61	0.136953737837758	0.697595929922938
HROV-vOTU36109	Smoking_Status	Never_Smoker	1.05134470607722	0.698723140688979	77	17	0.136845841662859	0.697595929922938
HROV-vOTU13618	Smoking_Status	Never_Smoker	1.18671975983071	0.789539610220843	77	24	0.137260549986093	0.697595929922938
HROV-vOTU66557	diagnosis	RA	-0.739881403035262	0.492006721224697	77	20	0.137067421236655	0.697595929922938
HROV-vOTU33986	diagnosis	RA	-0.395535550764966	0.262866875897165	77	9	0.136837250779267	0.697595929922938
HROV-vOTU00388	diagnosis	RA	-0.428109917675993	0.284762302480622	77	10	0.137172762578149	0.697595929922938
HROV-vOTU29846	Smoking_Status	Never_Smoker	0.562456145826812	0.374214395617014	77	11	0.137265962417524	0.697595929922938
HROV-vOTU17965	Age	Age	-0.588535418928147	0.393093380992076	77	60	0.138776482498982	0.697598535339006
HROV-vOTU66788	diagnosis	RA	-0.877118424972142	0.584616920986392	77	64	0.137962884453291	0.697598535339006
HROV-vOTU25803	diagnosis	RA	-0.672945520074709	0.449321314666428	77	73	0.138645796818582	0.697598535339006
HROV-vOTU45083	Smoking_Status	Never_Smoker	-0.564461862108263	0.376065406387735	77	77	0.13779829678465	0.697598535339006
HROV-vOTU61101	Sex	M	1.93033679856271	1.28961758556186	77	34	0.138870252070553	0.697598535339006
HROV-vOTU00253	Smoking_Status	Never_Smoker	1.34859179542523	0.900234075784828	77	67	0.138554373847357	0.697598535339006
HROV-vOTU66914	diagnosis	RA	-0.525778393088712	0.350097289089671	77	54	0.137581701944335	0.697598535339006
HROV-vOTU19608	Age	Age	0.352729232102298	0.235607237094618	77	66	0.138798010327937	0.697598535339006
HROV-vOTU40909	Smoking_Status	Former_Smoker	-1.07117604718838	0.715693691263164	77	14	0.138904711237986	0.697598535339006
HROV-vOTU61668	Smoking_Status	Never_Smoker	1.7781575787439	1.18466023128506	77	54	0.137793640953832	0.697598535339006
HROV-vOTU37640	Sex	M	1.40716028455489	0.937397607651782	77	43	0.13775500540965	0.697598535339006
HROV-vOTU22790	diagnosis	RA	-0.424241041120875	0.282400294670564	77	67	0.137462615163985	0.697598535339006
HROV-vOTU27585	diagnosis	RA	-0.886696242812556	0.591419694358171	77	66	0.138237823451336	0.697598535339006
HROV-vOTU24166	Smoking_Status	Never_Smoker	-0.774649540450264	0.51681306263424	77	10	0.138333733955771	0.697598535339006
HROV-vOTU35442	diagnosis	RA	-0.890038318210267	0.594047507146189	77	56	0.138498500833107	0.697598535339006
HROV-vOTU02236	Smoking_Status	Never_Smoker	1.60595247419593	1.07095884146229	77	61	0.138165599028412	0.697598535339006
HROV-vOTU03409	Smoking_Status	Never_Smoker	1.69811128018053	1.13156824453272	77	51	0.137874902471288	0.697598535339006
HROV-vOTU49444	diagnosis	RA	1.02957388875008	0.68527211048073	77	70	0.13742077884728	0.697598535339006
HROV-vOTU59893	Smoking_Status	Former_Smoker	2.8488188998849	1.9004292254724	77	56	0.138296764540603	0.697598535339006
HROV-vOTU09115	Age	Age	0.451286800782248	0.300400737165744	77	74	0.137458957102279	0.697598535339006
HROV-vOTU69003	diagnosis	RA	0.437603771699304	0.292217966120904	77	9	0.138689417139485	0.697598535339006
HROV-vOTU23600	Smoking_Status	Never_Smoker	1.20120377041255	0.802062027981068	77	60	0.13865846341888	0.697598535339006
HROV-vOTU47235	Smoking_Status	Never_Smoker	0.856587290818728	0.570668993024422	77	13	0.137783899820602	0.697598535339006
HROV-vOTU03824	Sex	M	1.03364970074324	0.689913847713095	77	24	0.138506555829937	0.697598535339006
HROV-vOTU26492	diagnosis	RA	-0.672883190167279	0.449161607595836	77	46	0.138543651246655	0.697598535339006
HROV-vOTU09691	Smoking_Status	Former_Smoker	2.59710384439811	1.73161712515832	77	61	0.138096327983581	0.697598535339006
HROV-vOTU20031	Smoking_Status	Never_Smoker	1.48161219818168	0.985982917180858	77	50	0.137357768166509	0.697598535339006
HROV-vOTU08460	Smoking_Status	Never_Smoker	-1.35969197890677	0.905374019035947	77	8	0.13758302100131	0.697598535339006
HROV-vOTU29849	diagnosis	RA	-0.634767558496297	0.423884241543867	77	25	0.138695405798968	0.697598535339006
HROV-vOTU36919	Smoking_Status	Never_Smoker	1.68250009449093	1.12199517408	77	35	0.138161846195927	0.697598535339006
HROV-vOTU22540	Sex	M	1.81927417155465	1.21279852810878	77	49	0.138031970723888	0.697598535339006
HROV-vOTU25856	Sex	M	0.634257812212601	0.422835587364962	77	15	0.138045546273689	0.697598535339006
HROV-vOTU10823	Smoking_Status	Former_Smoker	2.20406235917644	1.47180602907511	77	53	0.138690171328477	0.697598535339006
HROV-vOTU74846	Smoking_Status	Never_Smoker	1.03117725289876	0.688446087439831	77	26	0.138609554908431	0.697598535339006
HROV-vOTU28637	diagnosis	RA	-0.93338376002539	0.622758599278451	77	34	0.138361697542971	0.697598535339006
HROV-vOTU58024	Smoking_Status	Never_Smoker	1.2514496482262	0.834048916265433	77	22	0.13793162779394	0.697598535339006
HROV-vOTU73871	Age	Age	0.274349965219377	0.183159888255149	77	15	0.138599577249813	0.697598535339006
HROV-vOTU28506	Smoking_Status	Never_Smoker	1.22013870299704	0.812549257674964	77	38	0.137630296918622	0.697598535339006
HROV-vOTU07169	Sex	M	1.05837214916002	0.707061851720915	77	44	0.138862324084044	0.697598535339006
HROV-vOTU03138	Sex	M	0.585566070156272	0.390225716974779	77	19	0.137897559015327	0.697598535339006
HROV-vOTU52394	Smoking_Status	Former_Smoker	1.23244191799625	0.821355446612162	77	13	0.137919608629256	0.697598535339006
HROV-vOTU60252	Smoking_Status	Never_Smoker	0.959714424931306	0.639309164295347	77	30	0.137744864509055	0.697598535339006
HROV-vOTU68484	Age	Age	-0.253054346748789	0.16841053150608	77	25	0.13737612789738	0.697598535339006
HROV-vOTU16249	diagnosis	RA	0.37119891910565	0.248037364632109	77	9	0.138944180703431	0.697598535339006
HROV-vOTU49317	Smoking_Status	Former_Smoker	2.09133611899505	1.39250655649159	77	17	0.137570462090746	0.697598535339006
HROV-vOTU62126	Age	Age	-0.501781905604126	0.335271234803404	77	52	0.138918110351326	0.697598535339006
HROV-vOTU01552	Smoking_Status	Former_Smoker	1.23007307535753	0.819388006416227	77	10	0.137735747439991	0.697598535339006
HROV-vOTU13492	diagnosis	RA	-0.288424577441352	0.192589113593918	77	10	0.138665801538167	0.697598535339006
HROV-vOTU41394	Sex	M	0.722450416933174	0.4816971138199	77	10	0.138099401951215	0.697598535339006
HROV-vOTU71497	diagnosis	RA	0.835859405171007	0.557853760526745	77	15	0.1384758347915	0.697598535339006
HROV-vOTU50037	Sex	M	0.866810566670714	0.577048550619086	77	23	0.13749443805726	0.697598535339006
HROV-vOTU53736	Sex	M	0.507005051850003	0.338622148308989	77	11	0.13875853151205	0.697598535339006
HROV-vOTU61881	Smoking_Status	Former_Smoker	1.05194606316901	0.701346833108093	77	11	0.138075612975077	0.697598535339006
HROV-vOTU71176	Smoking_Status	Never_Smoker	0.857147725931178	0.572536437535711	77	14	0.138798261528197	0.697598535339006
HROV-vOTU21852	Smoking_Status	Former_Smoker	-1.93922987836229	1.29618568682389	77	41	0.139058419755506	0.697655299205351
HROV-vOTU53268	Age	Age	-0.355032289405379	0.237268584459576	77	25	0.138999700416044	0.697655299205351
HROV-vOTU18349	Smoking_Status	Former_Smoker	1.60718355368681	1.07429551863608	77	22	0.139076659950142	0.697655299205351
HROV-vOTU74911	Smoking_Status	Never_Smoker	1.43695513633955	0.960461835972016	77	30	0.139057502391679	0.697655299205351
HROV-vOTU61513	diagnosis	RA	-0.745033254268136	0.504138333579186	77	75	0.143874490949116	0.69776302110173
HROV-vOTU35482	diagnosis	RA	-1.25682025317621	0.848922207996236	77	65	0.14316678821528	0.69776302110173
HROV-vOTU39150	Age	Age	0.338864557761092	0.228407835816956	77	75	0.142342406394198	0.69776302110173
HROV-vOTU05208	Age	Age	-0.362604156460549	0.243261184273362	77	74	0.140497072722053	0.69776302110173
HROV-vOTU05088	Age	Age	-0.377219879600015	0.253089034471065	77	74	0.140531918841362	0.69776302110173
HROV-vOTU23983	Smoking_Status	Former_Smoker	1.01942120846027	0.688351873453506	77	74	0.14304172534019	0.69776302110173
HROV-vOTU63928	Smoking_Status	Never_Smoker	0.993236308902937	0.664759188635467	77	73	0.139572979703591	0.69776302110173
HROV-vOTU56072	diagnosis	RA	-1.31563748698449	0.883978772576381	77	33	0.141096581951303	0.69776302110173
HROV-vOTU72226	Sex	M	0.762114259373985	0.515710474695937	77	75	0.14388521872393	0.69776302110173
HROV-vOTU40255	diagnosis	RA	0.25800970294988	0.172881847542295	77	77	0.140023428038343	0.69776302110173
HROV-vOTU22499	Sex	M	0.95179569580607	0.642669074142693	77	73	0.143029783867576	0.69776302110173
HROV-vOTU02986	Age	Age	0.523921118553104	0.350739767229319	77	57	0.139669325064343	0.69776302110173
HROV-vOTU29337	Sex	M	0.430222355637971	0.291027909650499	77	76	0.143754160062973	0.69776302110173
HROV-vOTU68101	diagnosis	RA	0.810982286563444	0.548748098716792	77	46	0.143863215936527	0.69776302110173
HROV-vOTU35741	Sex	M	1.16519894369687	0.782121384929092	77	67	0.140707762967399	0.69776302110173
HROV-vOTU21781	Sex	M	0.739464515813005	0.499164169039168	77	45	0.142923163245864	0.69776302110173
HROV-vOTU00854	Sex	M	0.663412201037596	0.446423882803977	77	73	0.141690681887488	0.69776302110173
HROV-vOTU21802	Smoking_Status	Never_Smoker	1.79460434949507	1.21226797803463	77	70	0.143198714775237	0.69776302110173
HROV-vOTU67626	Smoking_Status	Former_Smoker	-1.93536404505514	1.30461044621522	77	32	0.142372571255212	0.69776302110173
HROV-vOTU22577	Smoking_Status	Never_Smoker	1.3623519513346	0.920466215482535	77	61	0.143279120161257	0.69776302110173
HROV-vOTU54747	Smoking_Status	Former_Smoker	-1.37109506613264	0.917781983374233	77	73	0.139627006854886	0.69776302110173
HROV-vOTU21564	Sex	M	0.672736204646859	0.454873912767917	77	73	0.143576613086924	0.69776302110173
HROV-vOTU74408	Smoking_Status	Never_Smoker	1.75835709535436	1.18356316250413	77	69	0.141799438813249	0.69776302110173
HROV-vOTU41415	Smoking_Status	Never_Smoker	2.4451751613811	1.63769341037987	77	29	0.139852072924031	0.69776302110173
HROV-vOTU72279	diagnosis	RA	-0.525027804409948	0.353214648948949	77	73	0.141593547275366	0.69776302110173
HROV-vOTU05373	Smoking_Status	Former_Smoker	-3.06797912718938	2.07307506863153	77	65	0.143319134555078	0.69776302110173
HROV-vOTU63778	Smoking_Status	Never_Smoker	2.0438774752063	1.36698512669565	77	66	0.13930132911884	0.69776302110173
HROV-vOTU40942	diagnosis	RA	-1.00481780038758	0.67674233624912	77	70	0.142026889549555	0.69776302110173
HROV-vOTU26340	Smoking_Status	Former_Smoker	2.16239732038301	1.44662330882918	77	66	0.139400903028109	0.69776302110173
HROV-vOTU38803	Sex	M	0.966612796390769	0.651002263865851	77	37	0.142021403871099	0.69776302110173
HROV-vOTU04630	Age	Age	-0.427297421380909	0.288645602400308	77	70	0.143203029420522	0.69776302110173
HROV-vOTU06347	Smoking_Status	Never_Smoker	1.65092263785308	1.10727580045278	77	61	0.140397236245944	0.69776302110173
HROV-vOTU15287	Sex	M	1.12479364510632	0.757868800100151	77	69	0.142194321818107	0.69776302110173
HROV-vOTU41492	Age	Age	-0.493948286913133	0.33127720766091	77	63	0.140380131641957	0.69776302110173
HROV-vOTU01761	Smoking_Status	Former_Smoker	2.50320480815833	1.68084936077494	77	63	0.140850373578963	0.69776302110173
HROV-vOTU26034	Smoking_Status	Former_Smoker	2.55807244861711	1.71793434504563	77	56	0.140905615564232	0.69776302110173
HROV-vOTU04024	Smoking_Status	Former_Smoker	2.81468396867243	1.88595051733717	77	26	0.140012013434718	0.69776302110173
HROV-vOTU04039	Smoking_Status	Never_Smoker	1.62328392144161	1.09478567694232	77	24	0.142568507379044	0.69776302110173
HROV-vOTU64652	Sex	M	0.95296185625099	0.637143743728042	77	11	0.139169522240842	0.69776302110173
HROV-vOTU56464	Sex	M	0.948336507860288	0.637238510663668	77	59	0.141127189582281	0.69776302110173
HROV-vOTU56464	Smoking_Status	Never_Smoker	1.22153118760402	0.824724137910354	77	59	0.142993950627325	0.69776302110173
HROV-vOTU09485	Sex	M	0.804304401962689	0.543406046049969	77	48	0.14326594962925	0.69776302110173
HROV-vOTU25132	Smoking_Status	Never_Smoker	1.89024150465024	1.26989256202567	77	60	0.141046176713616	0.69776302110173
HROV-vOTU05391	Age	Age	-0.464204552919603	0.312814597404096	77	29	0.142245378803039	0.69776302110173
HROV-vOTU14202	diagnosis	RA	-1.10536146908279	0.745194607523071	77	50	0.14241528958078	0.69776302110173
HROV-vOTU32954	Smoking_Status	Never_Smoker	-0.815953450059908	0.546123498335589	77	10	0.139585291297609	0.69776302110173
HROV-vOTU29916	Age	Age	-0.506685807123922	0.342358257224448	77	53	0.143300475419391	0.69776302110173
HROV-vOTU03566	Sex	M	1.19829005682105	0.803304081301932	77	36	0.140207398792823	0.69776302110173
HROV-vOTU49611	diagnosis	RA	-0.556943423336837	0.375119539791037	77	72	0.142047305129116	0.69776302110173
HROV-vOTU61421	diagnosis	RA	-1.13294114574619	0.762286530129443	77	21	0.141642753442384	0.69776302110173
HROV-vOTU07569	Age	Age	-0.542048669030903	0.366573725126689	77	68	0.143646391000658	0.69776302110173
HROV-vOTU69794	Sex	M	1.0789177665289	0.721470460739981	77	58	0.139230749390706	0.69776302110173
HROV-vOTU08015	Smoking_Status	Former_Smoker	2.01092502828029	1.34779625138376	77	39	0.140126796668048	0.69776302110173
HROV-vOTU56207	Age	Age	-0.469004604116173	0.314564685192043	77	32	0.140400630538252	0.69776302110173
HROV-vOTU44513	Smoking_Status	Former_Smoker	-1.74291115339531	1.16862720442151	77	10	0.140281789851953	0.69776302110173
HROV-vOTU43749	Smoking_Status	Former_Smoker	-0.751133027003983	0.507998614437283	77	14	0.143666939160053	0.69776302110173
HROV-vOTU15039	Smoking_Status	Former_Smoker	-3.20917680140286	2.16054868299595	77	30	0.141877193084675	0.69776302110173
HROV-vOTU65585	diagnosis	RA	0.931323685488146	0.628048192452432	77	43	0.142530206887638	0.69776302110173
HROV-vOTU75179	Sex	M	-1.24784630131573	0.839357017960928	77	30	0.141529650323643	0.69776302110173
HROV-vOTU55704	Age	Age	-0.137776426146792	0.0923741037758012	77	12	0.140258928740655	0.69776302110173
HROV-vOTU33661	Age	Age	0.340007477398224	0.229543409829155	77	14	0.142968759163808	0.69776302110173
HROV-vOTU19804	Sex	M	-0.877507901043253	0.588608957295803	77	35	0.140439294599811	0.69776302110173
HROV-vOTU03562	Age	Age	-0.576072987748985	0.389077299868606	77	68	0.143133821954546	0.69776302110173
HROV-vOTU12196	Age	Age	-0.646253928360162	0.43723864621053	77	64	0.143821118583101	0.69776302110173
HROV-vOTU34645	diagnosis	RA	-0.850187360172799	0.572072721353032	77	65	0.141665962189145	0.69776302110173
HROV-vOTU47257	Age	Age	-0.452088133990361	0.304532776642301	77	67	0.142094619750678	0.69776302110173
HROV-vOTU45038	Age	Age	-0.467520209920255	0.315872172820832	77	42	0.143272263434966	0.69776302110173
HROV-vOTU34103	Age	Age	0.412952281163862	0.276804403233333	77	28	0.140167035520724	0.69776302110173
HROV-vOTU37626	diagnosis	RA	0.455346661341237	0.307765180296664	77	15	0.143423244710221	0.69776302110173
HROV-vOTU59611	Smoking_Status	Former_Smoker	-2.55785744424318	1.71890435562198	77	40	0.141159498913681	0.69776302110173
HROV-vOTU14274	Smoking_Status	Never_Smoker	1.26371155020965	0.853304299096141	77	52	0.143040949664662	0.69776302110173
HROV-vOTU38490	Smoking_Status	Never_Smoker	-0.932604426645348	0.624968811506306	77	11	0.140066131070137	0.69776302110173
HROV-vOTU55097	Smoking_Status	Never_Smoker	1.0320344501986	0.691640962971819	77	8	0.140089176137632	0.69776302110173
HROV-vOTU07154	diagnosis	RA	0.67732277253898	0.454426023090364	77	24	0.140521801945226	0.69776302110173
HROV-vOTU10994	Smoking_Status	Former_Smoker	2.56029484646595	1.71550280206442	77	35	0.140012728318759	0.69776302110173
HROV-vOTU35076	Sex	M	1.22902541451308	0.828408647057741	77	41	0.142341419020144	0.69776302110173
HROV-vOTU19773	Sex	M	0.868570232075051	0.582902249337003	77	23	0.140632768813152	0.69776302110173
HROV-vOTU40750	Age	Age	-0.386045326656771	0.260788913672953	77	36	0.143217683960805	0.69776302110173
HROV-vOTU40750	Smoking_Status	Never_Smoker	1.29290599970851	0.8706922357577	77	36	0.141992259825305	0.69776302110173
HROV-vOTU04675	diagnosis	RA	-1.22101015677086	0.816866949046396	77	51	0.139411741939346	0.69776302110173
HROV-vOTU30434	Age	Age	-0.341256750260499	0.229242097927056	77	63	0.141013220767639	0.69776302110173
HROV-vOTU05577	Smoking_Status	Former_Smoker	1.57884730245569	1.06735455791098	77	36	0.143506096085564	0.69776302110173
HROV-vOTU21230	Smoking_Status	Never_Smoker	0.682614166138592	0.458996505658491	77	67	0.141392868947834	0.69776302110173
HROV-vOTU01295	Age	Age	0.526475979721896	0.355481788731881	77	42	0.143025368016045	0.69776302110173
HROV-vOTU15370	Sex	M	0.82722593085823	0.554597863470609	77	23	0.140239801111523	0.69776302110173
HROV-vOTU61142	Sex	M	1.0987445268288	0.742528303818477	77	33	0.143367836894016	0.69776302110173
HROV-vOTU05459	Smoking_Status	Former_Smoker	-1.49464819742912	1.01002285935618	77	34	0.143345991929355	0.69776302110173
HROV-vOTU44915	diagnosis	RA	1.24177634241967	0.836940819885451	77	21	0.142312108116166	0.69776302110173
HROV-vOTU33749	Sex	M	1.35386957686973	0.912746147842457	77	34	0.142422347667275	0.69776302110173
HROV-vOTU25170	Smoking_Status	Former_Smoker	2.46523454184225	1.65531996256015	77	57	0.140842535116524	0.69776302110173
HROV-vOTU66684	Sex	M	1.78609512234283	1.19970523335536	77	39	0.140974325563475	0.69776302110173
HROV-vOTU33181	Smoking_Status	Never_Smoker	-0.852632387327016	0.571339840410434	77	18	0.140040797132319	0.69776302110173
HROV-vOTU35445	Sex	M	1.6693572363611	1.12401695284303	77	48	0.141925240989736	0.69776302110173
HROV-vOTU21384	Smoking_Status	Former_Smoker	-1.77386012011086	1.18878626226922	77	19	0.140087284583743	0.69776302110173
HROV-vOTU67292	Smoking_Status	Never_Smoker	1.22972569911549	0.822730259098205	77	33	0.139427146259006	0.69776302110173
HROV-vOTU49221	diagnosis	RA	0.944263721415674	0.638789350161128	77	27	0.143774785017016	0.69776302110173
HROV-vOTU12294	Sex	M	-0.86077993260135	0.581968382358663	77	20	0.143541218543651	0.69776302110173
HROV-vOTU11072	Age	Age	-0.533728024560804	0.35841109997376	77	41	0.140876532746097	0.69776302110173
HROV-vOTU02759	Age	Age	0.661185607031976	0.443639538316139	77	54	0.140557207979364	0.69776302110173
HROV-vOTU16111	diagnosis	RA	0.660841829890375	0.444059653045026	77	20	0.14113101808046	0.69776302110173
HROV-vOTU14774	Age	Age	0.225770698895606	0.151616588985034	77	11	0.140892480584932	0.69776302110173
HROV-vOTU43200	Smoking_Status	Never_Smoker	0.908757016822323	0.610465524189149	77	42	0.141013438526856	0.69776302110173
HROV-vOTU27152	Smoking_Status	Former_Smoker	1.56201467283065	1.04608487015647	77	27	0.139815416281455	0.69776302110173
HROV-vOTU42746	Smoking_Status	Former_Smoker	2.51215220952506	1.68338016042297	77	37	0.140044006589334	0.69776302110173
HROV-vOTU67752	diagnosis	RA	-0.748546087001943	0.501939311686462	77	24	0.140310501677351	0.69776302110173
HROV-vOTU42785	Sex	M	0.989945743731817	0.668291464624024	77	39	0.14294896022762	0.69776302110173
HROV-vOTU40997	Smoking_Status	Former_Smoker	1.65354114117734	1.11824540390306	77	43	0.143645542963028	0.69776302110173
HROV-vOTU18853	Smoking_Status	Never_Smoker	1.14990596922906	0.774885940640066	77	17	0.142243422359309	0.69776302110173
HROV-vOTU05876	Age	Age	-0.56335630877352	0.377880780303852	77	59	0.140435524566088	0.69776302110173
HROV-vOTU27575	Sex	M	1.02559979256686	0.693848534168591	77	66	0.143795131014607	0.69776302110173
HROV-vOTU08567	Age	Age	-0.648288495567116	0.43799586923631	77	51	0.143263843883377	0.69776302110173
HROV-vOTU26082	Sex	M	1.21419657678353	0.814426908204849	77	34	0.140427848310531	0.69776302110173
HROV-vOTU64915	diagnosis	RA	-0.589896494625511	0.396861923437148	77	64	0.141600060988981	0.69776302110173
HROV-vOTU56246	diagnosis	RA	-0.646461395421371	0.436679451227193	77	19	0.143189863146	0.69776302110173
HROV-vOTU39970	Age	Age	-0.693364103030863	0.468150714683295	77	59	0.143012258115729	0.69776302110173
HROV-vOTU03141	diagnosis	RA	0.534380303268186	0.359256807867493	77	16	0.141321121425724	0.69776302110173
HROV-vOTU72472	diagnosis	RA	-0.274277036481983	0.183718505676688	77	8	0.139888747620794	0.69776302110173
HROV-vOTU17653	Sex	M	0.836700726601647	0.561234732356826	77	11	0.140438001038219	0.69776302110173
HROV-vOTU69449	Sex	M	0.401604301998665	0.269956708444721	77	12	0.141268080073615	0.69776302110173
HROV-vOTU57832	Smoking_Status	Never_Smoker	1.31180901631735	0.884257747246858	77	23	0.142363592486018	0.69776302110173
HROV-vOTU65910	diagnosis	RA	-1.30387455849517	0.871849040787755	77	53	0.139208583091787	0.69776302110173
HROV-vOTU59771	Age	Age	-0.298434610482094	0.200320797930969	77	12	0.140710261679885	0.69776302110173
HROV-vOTU30770	diagnosis	RA	-0.745525194583578	0.50292630477369	77	30	0.142665782752523	0.69776302110173
HROV-vOTU16708	Smoking_Status	Former_Smoker	3.00046683137038	2.02924899185181	77	29	0.143667701411024	0.69776302110173
HROV-vOTU49317	Smoking_Status	Never_Smoker	1.4638303320484	0.986431190291037	77	17	0.142243966224997	0.69776302110173
HROV-vOTU66557	Sex	M	0.961214582695882	0.64936575994854	77	20	0.143234204424156	0.69776302110173
HROV-vOTU44071	Age	Age	-0.442155483125699	0.297824749134952	77	14	0.142071864989907	0.69776302110173
HROV-vOTU73755	Smoking_Status	Never_Smoker	1.25339724102637	0.843049884807756	77	21	0.14151061107189	0.69776302110173
HROV-vOTU60846	Age	Age	-0.26187597487006	0.17680268910114	77	16	0.142984034586988	0.69776302110173
HROV-vOTU09635	Sex	M	0.896384074719402	0.599577227313165	77	16	0.139339049939083	0.69776302110173
HROV-vOTU73601	Sex	M	-1.00908922083266	0.682483397231802	77	30	0.143682250955257	0.69776302110173
HROV-vOTU69300	Age	Age	-0.672791729446398	0.4519607539091	77	35	0.141019491319082	0.69776302110173
HROV-vOTU07216	Smoking_Status	Never_Smoker	1.2807728978397	0.86594636524532	77	26	0.143551760126725	0.69776302110173
HROV-vOTU33986	Sex	M	0.518565242680479	0.346939871486643	77	9	0.139428570292036	0.69776302110173
HROV-vOTU24435	Smoking_Status	Former_Smoker	1.57728925077942	1.06078915578325	77	17	0.141468357353563	0.69776302110173
HROV-vOTU23806	Sex	M	0.842122928121403	0.569658288815466	77	13	0.143751672997189	0.69776302110173
HROV-vOTU26844	Sex	M	1.33234795204546	0.896488967744474	77	29	0.141657559081561	0.69776302110173
HROV-vOTU12428	Smoking_Status	Former_Smoker	1.34248601103274	0.898506102014595	77	10	0.139572531123724	0.69776302110173
HROV-vOTU02117	Age	Age	-0.205981094833072	0.13813442237516	77	10	0.140348178932766	0.69776302110173
HROV-vOTU66475	Smoking_Status	Never_Smoker	1.43687115603593	0.970123153847541	77	33	0.142998390898431	0.69776302110173
HROV-vOTU71676	Sex	M	-0.548007407465888	0.368682922441318	77	16	0.141602747217776	0.69776302110173
HROV-vOTU53756	Smoking_Status	Never_Smoker	2.62714868082506	1.77013307704153	77	28	0.14219440421718	0.69776302110173
HROV-vOTU04006	Smoking_Status	Former_Smoker	-1.00299539334048	0.675622296916549	77	10	0.142089285770018	0.69776302110173
HROV-vOTU49166	Sex	M	0.928626494622731	0.623750263666583	77	30	0.14097405787467	0.69776302110173
HROV-vOTU69730	diagnosis	RA	-0.457579775281392	0.308381969692014	77	10	0.142285677312381	0.69776302110173
HROV-vOTU18413	Smoking_Status	Former_Smoker	1.16200538284085	0.779169122533869	77	15	0.140302341615024	0.69776302110173
HROV-vOTU35852	Smoking_Status	Former_Smoker	0.864818574724	0.584095854821296	77	8	0.143134487266359	0.69776302110173
HROV-vOTU70425	Smoking_Status	Former_Smoker	1.39860532842166	0.941208483424817	77	17	0.141714787419475	0.69776302110173
HROV-vOTU35278	Smoking_Status	Former_Smoker	0.880661261725728	0.589161860205117	77	8	0.139406076339191	0.69776302110173
HROV-vOTU55701	Age	Age	0.330091477755792	0.222391975071347	77	8	0.142161421206078	0.69776302110173
HROV-vOTU64014	Smoking_Status	Never_Smoker	0.603200306256889	0.405566915597315	77	9	0.141362987193995	0.69776302110173
HROV-vOTU56590	diagnosis	RA	-0.439950864150803	0.297638096178927	77	19	0.143792942671603	0.69776302110173
HROV-vOTU37713	Smoking_Status	Never_Smoker	0.675794604592946	0.453646827054185	77	9	0.14073395033973	0.69776302110173
HROV-vOTU55466	Sex	M	0.648012509734044	0.433647860842599	77	12	0.139520984721577	0.69776302110173
HROV-vOTU09393	diagnosis	RA	-0.81410856215992	0.550385875526589	77	19	0.143520968547323	0.69776302110173
HROV-vOTU12129	Smoking_Status	Never_Smoker	1.0986593325699	0.739823814816167	77	9	0.141962914613154	0.69776302110173
HROV-vOTU49518	Sex	M	0.426984405476416	0.288898750891035	77	8	0.143837756318299	0.69776302110173
HROV-vOTU42166	Smoking_Status	Never_Smoker	0.9737818994114	0.653235032515362	77	8	0.140468033883006	0.69776302110173
HROV-vOTU54408	diagnosis	RA	-0.811837263371172	0.54957227976285	77	16	0.144039766242386	0.698282595568
HROV-vOTU08500	Smoking_Status	Former_Smoker	2.05593803112409	1.39210674316306	77	36	0.1441368001524	0.698282595568
HROV-vOTU26876	Sex	M	1.13065938832424	0.765441889108059	77	37	0.144062134935674	0.698282595568
HROV-vOTU74280	diagnosis	RA	-0.461707748337258	0.312587410903181	77	15	0.144083862246636	0.698282595568
HROV-vOTU21986	Sex	M	0.596165966368023	0.403680312843765	77	11	0.144143962628323	0.698282595568
HROV-vOTU43196	Smoking_Status	Former_Smoker	-1.53132410409354	1.03715288350854	77	44	0.144239743536497	0.69859964114522
HROV-vOTU42956	diagnosis	RA	-1.1390336261171	0.771627593078336	77	44	0.144326697575069	0.698628644742264
HROV-vOTU20641	Age	Age	0.269774026543538	0.182763875217697	77	14	0.144344010074556	0.698628644742264
HROV-vOTU23013	Sex	M	1.63299316515321	1.10611943325472	77	32	0.144277960376978	0.698628644742264
HROV-vOTU74004	diagnosis	RA	0.557875728938363	0.377966255787097	77	17	0.144367074265238	0.698628644742264
HROV-vOTU73532	diagnosis	RA	-0.827442587164841	0.560762216370215	77	62	0.144481167684032	0.698924867949088
HROV-vOTU26648	Smoking_Status	Former_Smoker	-1.96561890787822	1.33217049010118	77	32	0.14449902896687	0.698924867949088
HROV-vOTU46506	diagnosis	RA	0.576189833617923	0.390543093329458	77	11	0.144538082885525	0.698924867949088
HROV-vOTU49546	diagnosis	RA	-0.510960926939831	0.346340911367493	77	43	0.14454968067918	0.698924867949088
HROV-vOTU73950	Smoking_Status	Former_Smoker	1.78108406925315	1.20752786982074	77	45	0.144637711014157	0.699203712144425
HROV-vOTU66937	Smoking_Status	Never_Smoker	0.82479974055545	0.55925720285511	77	19	0.144683563120374	0.69927858523866
HROV-vOTU02645	Smoking_Status	Never_Smoker	0.99719837706785	0.676447330002393	77	18	0.144856135386643	0.699818921324605
HROV-vOTU42454	Age	Age	0.216739984180901	0.147015058150514	77	10	0.144829115421805	0.699818921324605
HROV-vOTU04065	Smoking_Status	Former_Smoker	-1.02578075148122	0.696039619902916	77	77	0.144971920881501	0.699895075137243
HROV-vOTU03672	Age	Age	0.475404464121851	0.322554232055857	77	58	0.144935513179072	0.699895075137243
HROV-vOTU67925	Age	Age	-0.409821089951857	0.278108897362858	77	45	0.145009460046401	0.699895075137243
HROV-vOTU13912	Age	Age	-0.414137111599729	0.28106956982008	77	26	0.145054242016069	0.699895075137243
HROV-vOTU51823	Sex	M	-0.439358790121765	0.298186146940491	77	9	0.145052841747513	0.699895075137243
HROV-vOTU05590	Age	Age	-0.216149323778815	0.146682521531844	77	12	0.145013022989194	0.699895075137243
HROV-vOTU58320	diagnosis	RA	-0.733309704787807	0.497732983138049	77	73	0.14509009900736	0.699921445358084
HROV-vOTU00489	Smoking_Status	Former_Smoker	0.746838627250188	0.507010833797875	77	74	0.145164433388265	0.700133382394084
HROV-vOTU39862	Smoking_Status	Never_Smoker	1.45839119846465	0.990848348724786	77	37	0.14547724523643	0.700183124882068
HROV-vOTU22940	Smoking_Status	Former_Smoker	-2.38185309482188	1.61813083352425	77	36	0.145445745895504	0.700183124882068
HROV-vOTU05922	diagnosis	RA	-0.721283134628737	0.489867052676562	77	69	0.145330518687288	0.700183124882068
HROV-vOTU47628	Age	Age	-0.398410756489882	0.270561612073836	77	51	0.145296443271588	0.700183124882068
HROV-vOTU31729	Smoking_Status	Former_Smoker	1.59924137633951	1.08654611648317	77	64	0.145478150293028	0.700183124882068
HROV-vOTU37583	diagnosis	RA	-1.22306543113234	0.831032130183414	77	56	0.145509180880833	0.700183124882068
HROV-vOTU56296	Age	Age	0.41853934071759	0.284225886297652	77	27	0.145289342883532	0.700183124882068
HROV-vOTU39228	Sex	M	1.47191833218367	1.00000256957807	77	27	0.145462858870277	0.700183124882068
HROV-vOTU35173	Age	Age	-0.535641573702021	0.363938003493519	77	42	0.145495488010679	0.700183124882068
HROV-vOTU47482	Smoking_Status	Never_Smoker	0.739310862445517	0.502042825092217	77	9	0.14527686969116901	0.700183124882068
HROV-vOTU06659	Age	Age	-0.38019324139617	0.258259339060162	77	18	0.145402813929863	0.700183124882068
HROV-vOTU21336	Age	Age	-0.333253464562811	0.226515699836752	77	47	0.145651239784363	0.700301007238949
HROV-vOTU33624	Smoking_Status	Former_Smoker	2.3654428750871	1.60759116694049	77	63	0.145595977078886	0.700301007238949
HROV-vOTU08876	Smoking_Status	Never_Smoker	-0.822063862464981	0.558689854067473	77	11	0.145597877642915	0.700301007238949
HROV-vOTU35858	Smoking_Status	Never_Smoker	0.885247331406344	0.601717604609002	77	12	0.145655311536021	0.700301007238949
HROV-vOTU04846	Smoking_Status	Never_Smoker	-0.879611656500915	0.59795854541683	77	19	0.14570283497854	0.700383278972194
HROV-vOTU24222	Sex	M	0.966835762740111	0.657414139196143	77	37	0.145799925730939	0.7007037332186
HROV-vOTU33986	Smoking_Status	Never_Smoker	-0.660295154397549	0.449015057361417	77	9	0.14583325487969	0.700717684097489
HROV-vOTU40089	Sex	M	0.906614928598034	0.616585333930226	77	70	0.145876706909198	0.70078025868144
HROV-vOTU12520	Smoking_Status	Former_Smoker	1.19552316349774	0.813404173289301	77	57	0.146039554064236	0.700783405839711
HROV-vOTU66953	Age	Age	-0.388845187078447	0.264544777389708	77	58	0.146015830682613	0.700783405839711
HROV-vOTU09590	diagnosis	RA	-0.802160730512628	0.545798178523791	77	31	0.146059936953131	0.700783405839711
HROV-vOTU15513	Smoking_Status	Former_Smoker	1.31154092160199	0.892094279646115	77	15	0.145930272814189	0.700783405839711
HROV-vOTU72761	Sex	M	1.14879088808914	0.781528898012448	77	38	0.14599899712824	0.700783405839711
HROV-vOTU34831	Sex	M	-1.22884283030146	0.835866343640041	77	33	0.14594087069871	0.700783405839711
HROV-vOTU01582	Age	Age	-0.63274004687888	0.430689651842281	77	61	0.146214040626985	0.700908640696125
HROV-vOTU57374	Sex	M	1.691191573834	1.15130816756633	77	65	0.146268646425774	0.700908640696125
HROV-vOTU23255	Smoking_Status	Never_Smoker	1.85344605786636	1.26159394346627	77	55	0.146214525346352	0.700908640696125
HROV-vOTU06113	diagnosis	RA	-0.722392612262595	0.49176940832417	77	59	0.146258975278221	0.700908640696125
HROV-vOTU15369	Age	Age	-0.293750184065122	0.199911316708777	77	22	0.146140944453917	0.700908640696125
HROV-vOTU11476	Age	Age	0.286157039638222	0.194804148686235	77	17	0.14626405898616	0.700908640696125
HROV-vOTU67787	Age	Age	0.393852491509646	0.268217206304162	77	24	0.146409864131752	0.70105297504902
HROV-vOTU51342	Sex	M	1.02230480053716	0.696446819316626	77	14	0.146551379583491	0.70105297504902
HROV-vOTU32394	Age	Age	-0.434496199687169	0.296086403194542	77	52	0.146665828909131	0.70105297504902
HROV-vOTU14404	Smoking_Status	Former_Smoker	-0.87122394931341	0.593736261601601	77	10	0.146694497905394	0.70105297504902
HROV-vOTU42350	Smoking_Status	Never_Smoker	1.50114006562496	1.02224459287629	77	40	0.146392071772394	0.70105297504902
HROV-vOTU12645	Sex	M	1.03785288337978	0.70699104078562	77	27	0.146524408586705	0.70105297504902
HROV-vOTU65470	Smoking_Status	Never_Smoker	0.593650645439124	0.404293969871877	77	9	0.146422025917193	0.70105297504902
HROV-vOTU14772	Age	Age	-0.428234518951443	0.29179988931293	77	23	0.146639228574735	0.70105297504902
HROV-vOTU01989	Sex	M	0.427231151964702	0.291091108716443	77	9	0.146604941890681	0.70105297504902
HROV-vOTU45475	Smoking_Status	Never_Smoker	1.23266940810217	0.839981711909358	77	12	0.146657335483773	0.70105297504902
HROV-vOTU20188	diagnosis	RA	-0.632425457705463	0.43067840507825	77	9	0.146401362286423	0.70105297504902
HROV-vOTU53543	diagnosis	RA	0.565085694473292	0.385008209249573	77	16	0.146595458657406	0.70105297504902
HROV-vOTU18501	Sex	M	0.475355352258097	0.323820421122597	77	11	0.146531489758098	0.70105297504902
HROV-vOTU35164	Smoking_Status	Never_Smoker	-2.06604343667769	1.40837092433714	77	58	0.146798828814071	0.701115103191219
HROV-vOTU63059	diagnosis	RA	0.921326340743622	0.627986680730121	77	50	0.146761561832502	0.701115103191219
HROV-vOTU54798	Age	Age	-0.350091652361685	0.238639527744594	77	65	0.146783267003997	0.701115103191219
HROV-vOTU75645	Smoking_Status	Former_Smoker	-1.61029773552957	1.09785312499858	77	75	0.146854251588166	0.70119275197899
HROV-vOTU06261	Age	Age	0.444865283296064	0.303312477202959	77	14	0.146875980701114	0.70119275197899
HROV-vOTU23983	Smoking_Status	Never_Smoker	0.714861355854628	0.487618356053253	77	74	0.147056154609301	0.701229434535577
HROV-vOTU39116	Smoking_Status	Never_Smoker	1.06538573407172	0.726524915447583	77	70	0.146951055347164	0.701229434535577
HROV-vOTU29403	Smoking_Status	Never_Smoker	1.27539865837718	0.869817906727865	77	61	0.146986595100501	0.701229434535577
HROV-vOTU24358	Smoking_Status	Never_Smoker	1.4174916600896	0.966875433195132	77	13	0.147048621533987	0.701229434535577
HROV-vOTU61223	diagnosis	RA	-0.79751609032129	0.544042064904726	77	53	0.147088079305127	0.701229434535577
HROV-vOTU00058	diagnosis	RA	-0.852730077953154	0.581720164919935	77	20	0.147096804092113	0.701229434535577
HROV-vOTU50399	Smoking_Status	Never_Smoker	0.739277279066475	0.504261369094174	77	14	0.147047086500658	0.701229434535577
HROV-vOTU52384	Smoking_Status	Never_Smoker	1.03927362366301	0.709205638326872	77	19	0.147225024790592	0.701695430655492
HROV-vOTU71149	Age	Age	0.498786382494331	0.341246335152699	77	49	0.148246211524021	0.701769835847522
HROV-vOTU61734	Smoking_Status	Former_Smoker	-2.34718193854264	1.60533333919624	77	55	0.148122043092936	0.701769835847522
HROV-vOTU04890	Smoking_Status	Never_Smoker	1.57306746684644	1.07607536346548	77	24	0.148192771862984	0.701769835847522
HROV-vOTU52361	Smoking_Status	Former_Smoker	-1.97664500138184	1.35083281004803	77	49	0.147804265914073	0.701769835847522
HROV-vOTU34254	Smoking_Status	Never_Smoker	-0.808173140358514	0.552048043566423	77	11	0.147620045352199	0.701769835847522
HROV-vOTU01892	Age	Age	0.684832111135815	0.467917899054332	77	43	0.147723953348826	0.701769835847522
HROV-vOTU43070	Smoking_Status	Former_Smoker	-2.2158745232053	1.51595203359097	77	39	0.148234144021185	0.701769835847522
HROV-vOTU67787	Smoking_Status	Former_Smoker	-1.85133426027288	1.26413260776707	77	24	0.147468788582398	0.701769835847522
HROV-vOTU57492	Smoking_Status	Never_Smoker	-1.06120108081534	0.725419413575398	77	21	0.147913273480665	0.701769835847522
HROV-vOTU67176	Sex	M	-1.16523174153094	0.795701737388453	77	39	0.1474965281093	0.701769835847522
HROV-vOTU43358	Age	Age	0.449620385714102	0.307460403454111	77	65	0.14805279715426	0.701769835847522
HROV-vOTU04131	Smoking_Status	Never_Smoker	1.78026057578639	1.21763646393954	77	58	0.14813639623635	0.701769835847522
HROV-vOTU02921	Smoking_Status	Former_Smoker	-1.97489148278943	1.34889785235951	77	24	0.147586387250976	0.701769835847522
HROV-vOTU42657	Age	Age	0.645091966592982	0.440724027481707	77	50	0.14768678261694	0.701769835847522
HROV-vOTU71569	Age	Age	-0.484992828415646	0.331748421882333	77	45	0.148172720740618	0.701769835847522
HROV-vOTU45737	Smoking_Status	Former_Smoker	2.386600835095	1.62908605281099	77	67	0.147336973076615	0.701769835847522
HROV-vOTU32964	diagnosis	RA	0.727599724497514	0.497280497514387	77	69	0.147837340557417	0.701769835847522
HROV-vOTU22862	Sex	M	1.39053605881759	0.949247141032748	77	39	0.147367090571137	0.701769835847522
HROV-vOTU21230	Sex	M	0.51916803166125	0.354652223962721	77	67	0.147640518200411	0.701769835847522
HROV-vOTU13316	Sex	M	0.559801300848324	0.382303691452894	77	11	0.147530133923544	0.701769835847522
HROV-vOTU11072	Smoking_Status	Never_Smoker	1.74962631946485	1.19662204026004	77	41	0.148115809096554	0.701769835847522
HROV-vOTU74035	Age	Age	-0.429216736653303	0.293391692492538	77	40	0.147894584006618	0.701769835847522
HROV-vOTU25994	Smoking_Status	Never_Smoker	1.04286167795536	0.712101450235853	77	8	0.147475553110002	0.701769835847522
HROV-vOTU70281	diagnosis	RA	-1.04512063176783	0.714929737453926	77	48	0.148194245661908	0.701769835847522
HROV-vOTU16167	Age	Age	-0.238336491778827	0.162897888397435	77	14	0.147852059902606	0.701769835847522
HROV-vOTU16708	Sex	M	1.62384587686738	1.11070363812907	77	29	0.148154169417457	0.701769835847522
HROV-vOTU05670	Smoking_Status	Never_Smoker	0.905375240744124	0.619353758541638	77	29	0.14820641403591	0.701769835847522
HROV-vOTU33570	Smoking_Status	Never_Smoker	1.10555376866777	0.75535389372551	77	21	0.147710223730868	0.701769835847522
HROV-vOTU09885	Sex	M	-0.387790969835899	0.264734626150137	77	9	0.147381793985214	0.701769835847522
HROV-vOTU24973	diagnosis	RA	-0.571799424082392	0.390979080878175	77	15	0.148022083278748	0.701769835847522
HROV-vOTU50037	Smoking_Status	Former_Smoker	-1.54407224058144	1.05426429642905	77	23	0.147444992549815	0.701769835847522
HROV-vOTU62071	Sex	M	0.688582416407898	0.470521083322949	77	21	0.147758526111879	0.701769835847522
HROV-vOTU02375	diagnosis	RA	0.257151141392349	0.17587183705902	77	8	0.148112266192223	0.701769835847522
HROV-vOTU38389	Age	Age	-0.53489271724773	0.366160871143013	77	52	0.148478066993405	0.702137853467829
HROV-vOTU68101	Smoking_Status	Never_Smoker	-1.36898275051315	0.937341984155815	77	46	0.148565424984719	0.702137853467829
HROV-vOTU21542	Smoking_Status	Never_Smoker	0.9964737383031	0.68213622662019	77	27	0.148478075435873	0.702137853467829
HROV-vOTU00231	diagnosis	RA	-0.740289227168031	0.506705833974809	77	69	0.148431311393932	0.702137853467829
HROV-vOTU03889	diagnosis	RA	-0.756072231874668	0.517480472293977	77	29	0.148409398951865	0.702137853467829
HROV-vOTU19348	Sex	M	1.07339708354687	0.734921221797179	77	31	0.148547263437037	0.702137853467829
HROV-vOTU07891	Smoking_Status	Never_Smoker	1.14399282961134	0.78329623123863	77	16	0.148567857574847	0.702137853467829
HROV-vOTU56079	Smoking_Status	Never_Smoker	0.988636560154734	0.676832512924808	77	36	0.14851425997415801	0.702137853467829
HROV-vOTU33866	Sex	M	0.925580197319083	0.633903135111751	77	70	0.148665616427906	0.702275427289484
HROV-vOTU25853	Smoking_Status	Never_Smoker	-1.50205334692094	1.02881849400548	77	27	0.148706676853975	0.702275427289484
HROV-vOTU57616	Smoking_Status	Never_Smoker	1.04261544086954	0.714028051166261	77	17	0.148649285612864	0.702275427289484
HROV-vOTU12310	Smoking_Status	Never_Smoker	0.696465446594426	0.477052625826544	77	9	0.14871894306951	0.702275427289484
HROV-vOTU25803	Age	Age	0.335558754466335	0.229882819835519	77	73	0.148784587475651	0.702297407166271
HROV-vOTU15928	diagnosis	RA	-0.528140030440734	0.361804858890386	77	20	0.148772943438775	0.702297407166271
HROV-vOTU04464	diagnosis	RA	0.881099944278716	0.603685857896236	77	68	0.148828727682765	0.702361802978295
HROV-vOTU18920	diagnosis	RA	0.73838505935553	0.506087263817652	77	27	0.148973187430578	0.702755531857069
HROV-vOTU45433	diagnosis	RA	-0.619159848673335	0.42436282346884	77	19	0.148965844429128	0.702755531857069
HROV-vOTU20399	Sex	M	0.522229372741486	0.358080057870228	77	76	0.149135836032731	0.702803008764844
HROV-vOTU56332	Sex	M	0.766013856350837	0.525127295206912	77	19	0.149052006120133	0.702803008764844
HROV-vOTU31355	Smoking_Status	Never_Smoker	1.97159991993427	1.35183384308814	77	27	0.149122627308164	0.702803008764844
HROV-vOTU64793	Smoking_Status	Never_Smoker	0.985434922231644	0.675497268201435	77	27	0.149022196560136	0.702803008764844
HROV-vOTU52833	Smoking_Status	Former_Smoker	1.13216531642972	0.776267989283711	77	12	0.149120144195858	0.702803008764844
HROV-vOTU29546	Smoking_Status	Former_Smoker	2.01053070741608	1.37924419888837	77	66	0.149331124866738	0.703579338314441
HROV-vOTU17254	Smoking_Status	Former_Smoker	-1.46376020987714	1.00455854517957	77	11	0.149492572109719	0.703607949984189
HROV-vOTU19378	Sex	M	1.47090384491625	1.00935549906055	77	64	0.149450606333115	0.703607949984189
HROV-vOTU12418	Age	Age	-0.498120469047506	0.341848228243492	77	48	0.149486689486435	0.703607949984189
HROV-vOTU59708	Smoking_Status	Never_Smoker	1.26862904512624	0.87063490895155	77	27	0.149488980985334	0.703607949984189
HROV-vOTU12311	Sex	M	1.52792421427051	1.04870536579746	77	55	0.149535389508857	0.703607949984189
HROV-vOTU55776	Age	Age	-0.213145303325007	0.146311171050328	77	11	0.14958161194627	0.703607949984189
HROV-vOTU24328	Smoking_Status	Former_Smoker	1.30890062080132	0.898417236503837	77	30	0.149553608307299	0.703607949984189
HROV-vOTU68761	diagnosis	RA	-0.527519739517934	0.362098877761316	77	11	0.149569367743319	0.703607949984189
HROV-vOTU17878	diagnosis	RA	0.788658869678032	0.541478218022228	77	43	0.149664830348808	0.70385563466062
HROV-vOTU75148	diagnosis	RA	-0.544391033714043	0.373832482385883	77	73	0.149733458976116	0.704034618256421
HROV-vOTU60217	Sex	M	0.960374278530821	0.659677310390601	77	76	0.149848949199497	0.70410673741676
HROV-vOTU53817	Smoking_Status	Former_Smoker	2.31198203660137	1.58817894593149	77	21	0.149871091047197	0.70410673741676
HROV-vOTU21746	Smoking_Status	Former_Smoker	1.94204742397288	1.33386684603135	77	61	0.149813472928489	0.70410673741676
HROV-vOTU28323	Smoking_Status	Never_Smoker	1.05719038254985	0.726104696772883	77	15	0.149807368207327	0.70410673741676
HROV-vOTU63975	Smoking_Status	Former_Smoker	2.89653295628198	1.98999157421993	77	61	0.149924513609975	0.704107501548297
HROV-vOTU56119	Smoking_Status	Never_Smoker	1.48865509542342	1.02276387984128	77	42	0.149932400677067	0.704107501548297
HROV-vOTU52139	Smoking_Status	Never_Smoker	1.58454880084458	1.08923685741935	77	44	0.150150130465728	0.704143549912456
HROV-vOTU61105	diagnosis	RA	0.992648478371843	0.682423176595245	77	43	0.15018859763255	0.704143549912456
HROV-vOTU47867	diagnosis	RA	0.99649826173039	0.684763880965818	77	61	0.150009155671742	0.704143549912456
HROV-vOTU09307	diagnosis	RA	0.511963061295044	0.352018776156933	77	9	0.150252365795964	0.704143549912456
HROV-vOTU11758	diagnosis	RA	-0.513446950671496	0.353007853369918	77	19	0.150216819946956	0.704143549912456
HROV-vOTU25856	Age	Age	0.238409297677877	0.163908953389079	77	15	0.150208215134979	0.704143549912456
HROV-vOTU28965	Sex	M	0.634527143675988	0.43614576634607	77	13	0.150117517522622	0.704143549912456
HROV-vOTU28588	diagnosis	RA	0.523367069544186	0.359841350804942	77	16	0.15023152058195	0.704143549912456
HROV-vOTU73667	Sex	M	0.616548796435612	0.423953358740196	77	14	0.150274043511826	0.704143549912456
HROV-vOTU42879	Smoking_Status	Never_Smoker	0.580495125287258	0.398989558597979	77	9	0.150100401695845	0.704143549912456
HROV-vOTU09705	Smoking_Status	Never_Smoker	0.47826645497916	0.328869119799551	77	8	0.150276402423783	0.704143549912456
HROV-vOTU43787	Smoking_Status	Never_Smoker	1.3739078704502	0.944884433828114	77	49	0.150339254035963	0.704151519310195
HROV-vOTU24413	Age	Age	-0.177501717869685	0.122072357158324	77	8	0.150333410775727	0.704151519310195
HROV-vOTU14774	Sex	M	0.568595311167503	0.391125000387139	77	11	0.150423698014604	0.704403774964685
HROV-vOTU04874	Sex	M	-0.459939783875026	0.316417156333622	77	77	0.150466977246756	0.704463201055658
HROV-vOTU53890	diagnosis	RA	-0.674735713798294	0.464516398597309	77	73	0.150752558025548	0.705048549023997
HROV-vOTU64884	Smoking_Status	Never_Smoker	0.76640722321539	0.527657240822595	77	73	0.150775688403959	0.705048549023997
HROV-vOTU62321	Age	Age	-0.471085166485558	0.324262012905025	77	67	0.150687043137756	0.705048549023997
HROV-vOTU40683	Sex	M	-1.22008396155924	0.839769458700737	77	25	0.150662689260294	0.705048549023997
HROV-vOTU19413	Smoking_Status	Former_Smoker	1.93612730862035	1.33280418837478	77	23	0.150720206477707	0.705048549023997
HROV-vOTU11960	Age	Age	-0.228778804457635	0.15747084831172	77	10	0.150675680947848	0.705048549023997
HROV-vOTU24010	Sex	M	0.674667416640276	0.464648183851199	77	15	0.150907483931854	0.705521590529961
HROV-vOTU00144	Smoking_Status	Never_Smoker	1.2769933207357	0.87955437529721	77	74	0.150944158869121	0.705549823169447
HROV-vOTU02995	Sex	M	1.05988349185665	0.730281525156097	77	22	0.151090782321714	0.706091866247782
HROV-vOTU18571	Smoking_Status	Former_Smoker	1.03984425818144	0.716826116023696	77	59	0.151288699558352	0.706586645878897
HROV-vOTU26471	Sex	M	0.903129401178059	0.6225018303415	77	15	0.151237785531151	0.706586645878897
HROV-vOTU01022	Age	Age	-0.403850658340475	0.278383201291938	77	55	0.151267085931015	0.706586645878897
HROV-vOTU34254	Age	Age	0.239733446214357	0.16534890707011	77	11	0.151499574212646	0.707118117253467
HROV-vOTU46158	Smoking_Status	Former_Smoker	-2.93371663500371	2.0239946880115	77	59	0.151609621101669	0.707118117253467
HROV-vOTU11195	Age	Age	-0.723721439328008	0.499238659331355	77	55	0.151559067312153	0.707118117253467
HROV-vOTU06386	Sex	M	0.743645827637748	0.513078812338188	77	19	0.151634448004149	0.707118117253467
HROV-vOTU58254	Smoking_Status	Never_Smoker	1.18178324555753	0.815109781348234	77	15	0.151504751514928	0.707118117253467
HROV-vOTU70414	Smoking_Status	Never_Smoker	1.03730120602396	0.715482588290005	77	18	0.151519524728732	0.707118117253467
HROV-vOTU68726	Smoking_Status	Never_Smoker	1.4265119492193301	0.984010619934673	77	10	0.151547553918323	0.707118117253467
HROV-vOTU05229	Sex	M	0.627560568117655	0.433000412787553	77	8	0.151648127707984	0.707118117253467
HROV-vOTU07359	diagnosis	RA	-0.82296961240463	0.568000004553176	77	68	0.151770642501828	0.707259792961779
HROV-vOTU28648	Age	Age	-0.609700177287783	0.420752221407807	77	43	0.151720059207983	0.707259792961779
HROV-vOTU44352	Age	Age	-0.398612538874494	0.275094870599855	77	12	0.151739978728726	0.707259792961779
HROV-vOTU09500	Smoking_Status	Former_Smoker	-2.7964937795886	1.93068787858112	77	61	0.151894866137857	0.70755233963488
HROV-vOTU44915	Smoking_Status	Never_Smoker	-2.07087628476927	1.42961728809069	77	21	0.151864589421725	0.70755233963488
HROV-vOTU27487	Smoking_Status	Former_Smoker	-1.81399134667959	1.25262951507393	77	68	0.151977799510073	0.707699318515784
HROV-vOTU65585	Sex	M	1.20027230855639	0.828917521209889	77	43	0.15201880332892	0.707699318515784
HROV-vOTU43506	Age	Age	0.306018394725507	0.211354697242147	77	15	0.152049336865658	0.707699318515784
HROV-vOTU12769	Smoking_Status	Former_Smoker	-0.883208751814071	0.609921902573497	77	9	0.151999587787518	0.707699318515784
HROV-vOTU40298	diagnosis	RA	-0.998060808019375	0.68947711972446	77	56	0.152140923749513	0.70798251645813
HROV-vOTU09011	Age	Age	-0.576014968168142	0.397983766480045	77	27	0.152204854688615	0.708136929995718
HROV-vOTU41002	Age	Age	0.369680668635136	0.255701209935817	77	66	0.152646459181826	0.708226310252139
HROV-vOTU43787	Sex	M	1.05634331689467	0.730082607849365	77	49	0.152330758179652	0.708226310252139
HROV-vOTU07148	Age	Age	-0.579951859160052	0.401262996462541	77	53	0.152768595916823	0.708226310252139
HROV-vOTU33245	diagnosis	RA	-1.16528771112076	0.805996255245604	77	52	0.152640699571519	0.708226310252139
HROV-vOTU00572	Sex	M	1.25212618608447	0.86669258173743	77	42	0.152936147855011	0.708226310252139
HROV-vOTU01832	diagnosis	RA	0.517537450303934	0.35806461919251	77	9	0.152752256988326	0.708226310252139
HROV-vOTU71847	Smoking_Status	Former_Smoker	2.23613534697207	1.54638499492708	77	66	0.152565908254803	0.708226310252139
HROV-vOTU39920	Smoking_Status	Former_Smoker	1.45137950246249	1.00454304322659	77	16	0.152908732723623	0.708226310252139
HROV-vOTU35510	Sex	M	-0.530878246874759	0.367308771141872	77	14	0.152767852558158	0.708226310252139
HROV-vOTU16351	Sex	M	0.927193984884763	0.641697728086605	77	47	0.152882947787544	0.708226310252139
HROV-vOTU00172	Smoking_Status	Never_Smoker	-1.53723152793325	1.06331381739714	77	15	0.152661483579396	0.708226310252139
HROV-vOTU46443	diagnosis	RA	-0.69327359158195	0.479609966223452	77	18	0.152718641945493	0.708226310252139
HROV-vOTU05763	Age	Age	-0.593296653494127	0.410326831367142	77	47	0.152601736646023	0.708226310252139
HROV-vOTU64793	diagnosis	RA	-0.571709232522928	0.395456351982103	77	27	0.152662578570383	0.708226310252139
HROV-vOTU28941	Smoking_Status	Former_Smoker	2.846297620645	1.97026734210792	77	56	0.152962121892928	0.708226310252139
HROV-vOTU39970	diagnosis	RA	-1.32203988065886	0.915031818097723	77	59	0.152912530028043	0.708226310252139
HROV-vOTU03830	Smoking_Status	Never_Smoker	1.2743356962503	0.881069441016318	77	21	0.152479091915229	0.708226310252139
HROV-vOTU20831	Sex	M	0.441412079760892	0.305472042116904	77	10	0.15285253063104	0.708226310252139
HROV-vOTU38896	Sex	M	0.492609655628228	0.340945441171067	77	12	0.152903516287183	0.708226310252139
HROV-vOTU25646	Age	Age	-0.335379300961017	0.232074348538307	77	28	0.152818642861189	0.708226310252139
HROV-vOTU49493	diagnosis	RA	-0.5609253064112	0.388275199612662	77	13	0.15295258571881	0.708226310252139
HROV-vOTU10232	Age	Age	0.175510067725009	0.121338249140776	77	11	0.152450607844778	0.708226310252139
HROV-vOTU03761	Age	Age	0.342206327775215	0.236762615118293	77	20	0.15275734737906	0.708226310252139
HROV-vOTU24290	Smoking_Status	Former_Smoker	1.79841226852898	1.24288075325007	77	14	0.152305906740881	0.708226310252139
HROV-vOTU13956	Smoking_Status	Former_Smoker	1.93763184922714	1.34140151858187	77	26	0.153001904978136	0.708268114903811
HROV-vOTU25354	Sex	M	1.29308931527672	0.895272896177719	77	41	0.153038619587199	0.708295701184322
HROV-vOTU69656	Smoking_Status	Former_Smoker	-2.28388550622498	1.58166810512373	77	47	0.153145019092361	0.70835918736192
HROV-vOTU01595	Smoking_Status	Never_Smoker	1.39707666012491	0.96752190384727	77	68	0.153144590120175	0.70835918736192
HROV-vOTU52139	Age	Age	-0.47105672496694	0.326247191732145	77	44	0.153175369216776	0.70835918736192
HROV-vOTU22361	Sex	M	0.732433146928537	0.507246614970768	77	16	0.153154473518089	0.70835918736192
HROV-vOTU38906	Age	Age	0.589397746698032	0.408740661092612	77	40	0.153703389151603	0.708438050902787
HROV-vOTU04461	Sex	M	1.12198356165373	0.777279862932027	77	41	0.153284823169993	0.708438050902787
HROV-vOTU03487	Age	Age	0.558736500459429	0.387622568913233	77	67	0.153855303658306	0.708438050902787
HROV-vOTU47141	Sex	M	1.28558886664456	0.891538190451968	77	40	0.153701966906572	0.708438050902787
HROV-vOTU21560	Sex	M	1.38008583586059	0.9573348794407	77	41	0.153813986033005	0.708438050902787
HROV-vOTU70525	Smoking_Status	Never_Smoker	-1.54740420235476	1.07211975292774	77	69	0.15333016561027	0.708438050902787
HROV-vOTU32134	Sex	M	0.485190367929966	0.33651447605486	77	75	0.153752148440673	0.708438050902787
HROV-vOTU57404	Smoking_Status	Never_Smoker	1.24214641483781	0.861426868144898	77	28	0.153709227143244	0.708438050902787
HROV-vOTU20504	Smoking_Status	Never_Smoker	-0.831336848471201	0.576330897682671	77	74	0.153568469179852	0.708438050902787
HROV-vOTU48934	Sex	M	0.745399102900495	0.516854155089011	77	69	0.153647150446582	0.708438050902787
HROV-vOTU03270	diagnosis	RA	-0.756240286670307	0.52447193627967	77	49	0.153724937229663	0.708438050902787
HROV-vOTU17004	diagnosis	RA	0.51081026498907	0.353926328864089	77	10	0.153342975132555	0.708438050902787
HROV-vOTU69117	Smoking_Status	Never_Smoker	0.70997108310762	0.492215563928372	77	15	0.153586962374959	0.708438050902787
HROV-vOTU53720	Age	Age	-0.443025256942981	0.307296663614311	77	58	0.153787434427623	0.708438050902787
HROV-vOTU07170	diagnosis	RA	0.519372861345743	0.360039417786538	77	28	0.153545995262092	0.708438050902787
HROV-vOTU37364	Smoking_Status	Former_Smoker	1.87576352026672	1.29999599742324	77	47	0.153446247857082	0.708438050902787
HROV-vOTU01040	Smoking_Status	Never_Smoker	1.07845228666474	0.748043495412446	77	26	0.15378421782089	0.708438050902787
HROV-vOTU03127	Smoking_Status	Never_Smoker	0.818732503791624	0.567843845390671	77	17	0.153747768123409	0.708438050902787
HROV-vOTU25614	Sex	M	0.770754674380869	0.534742884134956	77	11	0.153880374423161	0.708438050902787
HROV-vOTU07878	Smoking_Status	Never_Smoker	1.02581086753934	0.7117329648746	77	17	0.153899937849181	0.708438050902787
HROV-vOTU54618	diagnosis	RA	-0.760584343402549	0.526863011338738	77	15	0.153246956736433	0.708438050902787
HROV-vOTU54655	diagnosis	RA	-0.696682104678051	0.483220060319411	77	15	0.153769632473405	0.708438050902787
HROV-vOTU48417	Sex	M	0.478331272043705	0.331625296874195	77	8	0.153590879082406	0.708438050902787
HROV-vOTU40992	Age	Age	0.321297137318039	0.222949753982998	77	73	0.153946990328942	0.708513027033481
HROV-vOTU64525	Age	Age	0.539053116534945	0.374292665901044	77	50	0.154208366119956	0.709386017592023
HROV-vOTU21097	Sex	M	1.17070630324782	0.813293790677829	77	35	0.154413899530561	0.709386017592023
HROV-vOTU27225	Sex	M	-1.32139032238381	0.917438833676818	77	36	0.154176800069457	0.709386017592023
HROV-vOTU62944	Smoking_Status	Never_Smoker	2.16589277845396	1.50417034078114	77	46	0.154283471574637	0.709386017592023
HROV-vOTU05302	Smoking_Status	Former_Smoker	-1.637216772542	1.1369612074029	77	57	0.154264200080064	0.709386017592023
HROV-vOTU27937	Sex	M	1.38704837251361	0.963436773940695	77	62	0.154350390225977	0.709386017592023
HROV-vOTU69341	Age	Age	-0.305760788708375	0.212379391218802	77	25	0.154349426353298	0.709386017592023
HROV-vOTU16313	diagnosis	RA	-0.844384241418998	0.586545242233119	77	39	0.15437825270245	0.709386017592023
HROV-vOTU37184	Smoking_Status	Never_Smoker	0.919125110928389	0.638472733423996	77	27	0.154384171471616	0.709386017592023
HROV-vOTU10823	diagnosis	RA	-0.878401139489144	0.610372675805721	77	53	0.154509988927073	0.709402919655201
HROV-vOTU44375	Age	Age	-0.424217986774492	0.294736601893185	77	35	0.154456464708346	0.709402919655201
HROV-vOTU51625	Smoking_Status	Never_Smoker	1.43114549271547	0.9944081732323	77	23	0.154490061359895	0.709402919655201
HROV-vOTU44696	Smoking_Status	Never_Smoker	2.33762013611352	1.62477067182852	77	31	0.154618500293635	0.709685681032578
HROV-vOTU21530	Smoking_Status	Never_Smoker	-0.895793614825634	0.622882841439264	77	10	0.154787285098855	0.709685681032578
HROV-vOTU55814	Smoking_Status	Never_Smoker	1.38562977466347	0.963385059529057	77	21	0.154744485809096	0.709685681032578
HROV-vOTU23903	diagnosis	RA	-0.978182401549273	0.680155610894232	77	32	0.154777953145713	0.709685681032578
HROV-vOTU63604	diagnosis	RA	0.367239503945825	0.255268034346036	77	12	0.154645563455952	0.709685681032578
HROV-vOTU49935	Smoking_Status	Former_Smoker	1.53586483431816	1.06768120753266	77	11	0.154684470977448	0.709685681032578
HROV-vOTU31244	Smoking_Status	Never_Smoker	0.573803966402774	0.398914445620216	77	11	0.154710326213277	0.709685681032578
HROV-vOTU46316	Sex	M	0.43403382213761	0.301897775492441	77	75	0.154916478440729	0.710055178280717
HROV-vOTU71707	Age	Age	-0.501367981055251	0.348744105551808	77	48	0.154929538465506	0.710055178280717
HROV-vOTU31601	Age	Age	-0.301872396136923	0.21001984787794	77	19	0.155010727964551	0.710285926188541
HROV-vOTU04039	diagnosis	RA	0.920899986783756	0.640920356582051	77	24	0.155155673336753	0.71052598070102
HROV-vOTU45964	Sex	M	0.826433651648454	0.575154730161634	77	27	0.155141710777744	0.71052598070102
HROV-vOTU40801	Smoking_Status	Former_Smoker	1.36102632977231	0.947129760442151	77	10	0.155110080620093	0.71052598070102
HROV-vOTU44351	Sex	M	0.73661092322069	0.512787052496712	77	16	0.155256261587094	0.710791514453872
HROV-vOTU49736	diagnosis	RA	-0.98298580364473	0.684331510047679	77	53	0.155275384681608	0.710791514453872
HROV-vOTU05947	Age	Age	0.43361700729807	0.301941029820637	77	64	0.155365907427536	0.710917968603423
HROV-vOTU01828	Sex	M	1.19209347755582	0.830466928496107	77	47	0.155549962822086	0.710917968603423
HROV-vOTU54265	Smoking_Status	Never_Smoker	1.26437309784054	0.880754878469721	77	55	0.155519732403996	0.710917968603423
HROV-vOTU03409	diagnosis	RA	-0.95108658648038	0.662453974378263	77	51	0.155478305353777	0.710917968603423
HROV-vOTU72645	Sex	M	1.17801725090972	0.820563289680148	77	43	0.155501552658282	0.710917968603423
HROV-vOTU57499	Age	Age	0.2303043341453	0.16039133838143	77	9	0.155424974042749	0.710917968603423
HROV-vOTU15867	diagnosis	RA	0.470910289242303	0.328041009125631	77	17	0.155529254313416	0.710917968603423
HROV-vOTU74161	Sex	M	0.468233177986794	0.326192049340876	77	12	0.155549171949161	0.710917968603423
HROV-vOTU75805	Smoking_Status	Never_Smoker	1.6624138844346	1.158215926765	77	55	0.155585942865042	0.710941322258319
HROV-vOTU48092	Sex	M	0.644545375807324	0.44917889218683	77	72	0.155694309466489	0.71129536739005
HROV-vOTU15056	Smoking_Status	Former_Smoker	-2.8792065220558	2.00706487230044	77	58	0.1558095430618	0.711539515509273
HROV-vOTU05459	Sex	M	0.793073250467524	0.552833126434965	77	34	0.155802186088218	0.711539515509273
HROV-vOTU48475	diagnosis	RA	-0.990109561619558	0.690257470288356	77	49	0.155846414007154	0.711566795119895
HROV-vOTU69966	diagnosis	RA	-1.07126985636981	0.746999889114456	77	43	0.155934493345798	0.711827825917486
HROV-vOTU07496	Sex	M	1.02161076298273	0.71276107283653	77	47	0.156157015104925	0.712068941531245
HROV-vOTU29883	Sex	M	-1.31812156055546	0.919876438842697	77	74	0.156265585345155	0.712068941531245
HROV-vOTU15235	Smoking_Status	Never_Smoker	0.814194067170439	0.568060194753002	77	74	0.156164450047934	0.712068941531245
HROV-vOTU37143	Smoking_Status	Former_Smoker	-2.88872367001071	2.01581160847348	77	66	0.156237302714156	0.712068941531245
HROV-vOTU00662	diagnosis	RA	-1.18041335157874	0.823467295314222	77	54	0.15611353562186	0.712068941531245
HROV-vOTU43068	Smoking_Status	Never_Smoker	1.69628367540261	1.18324439983596	77	57	0.156079459546524	0.712068941531245
HROV-vOTU67968	Smoking_Status	Never_Smoker	1.19189183868451	0.83175232986086	77	19	0.156249745712991	0.712068941531245
HROV-vOTU16271	diagnosis	RA	-0.832757024021231	0.580874967023877	77	24	0.156068543355131	0.712068941531245
HROV-vOTU71968	Smoking_Status	Never_Smoker	-0.958428224868465	0.668762659132974	77	13	0.156207677031513	0.712068941531245
HROV-vOTU24869	Smoking_Status	Never_Smoker	-1.33117632118212	0.929201659710719	77	69	0.156359934597292	0.712357921617337
HROV-vOTU04672	Age	Age	-0.15074159338411	0.105233825642927	77	9	0.156404939348731	0.712422023971773
HROV-vOTU24527	Smoking_Status	Never_Smoker	-0.556978540358953	0.388902883042952	77	13	0.156480587547496	0.712524677799232
HROV-vOTU63713	Age	Age	-0.498292798911416	0.347960163867354	77	48	0.156520292878259	0.712524677799232
HROV-vOTU09421	Age	Age	-0.143945966195854	0.100512545973538	77	9	0.156497586891263	0.712524677799232
HROV-vOTU43532	Smoking_Status	Former_Smoker	1.50053835286538	1.04798010026706	77	65	0.156577691411419	0.712645105376478
HROV-vOTU41109	Smoking_Status	Never_Smoker	1.32172183091383	0.923405625475316	77	69	0.156715545901602	0.712659841996336
HROV-vOTU01728	diagnosis	RA	-0.727512305909728	0.508413505555189	77	75	0.156832517460275	0.712659841996336
HROV-vOTU32240	Age	Age	-0.438497064844158	0.306471606200345	77	28	0.156876591209697	0.712659841996336
HROV-vOTU01833	Smoking_Status	Former_Smoker	-0.595706250437504	0.416841771603089	77	76	0.157362205902208	0.712659841996336
HROV-vOTU66997	Smoking_Status	Never_Smoker	1.25526507529748	0.878097526255182	77	63	0.157238026464586	0.712659841996336
HROV-vOTU07149	Smoking_Status	Never_Smoker	1.42459966898738	0.996354148696314	77	59	0.157156610423328	0.712659841996336
HROV-vOTU29426	diagnosis	RA	-1.24912026576452	0.874112087125676	77	53	0.157384634745144	0.712659841996336
HROV-vOTU61467	Age	Age	0.333566304470026	0.233410654122905	77	17	0.157361665023942	0.712659841996336
HROV-vOTU37079	Age	Age	-0.340860475775823	0.238402390447376	77	29	0.157168919259501	0.712659841996336
HROV-vOTU37593	Smoking_Status	Former_Smoker	-2.53569408130254	1.77457136290582	77	23	0.1574164401318	0.712659841996336
HROV-vOTU22570	Smoking_Status	Former_Smoker	-1.64659904720229	1.15184824038766	77	11	0.157238116500474	0.712659841996336
HROV-vOTU49194	Smoking_Status	Former_Smoker	-1.18867486600542	0.831476304744951	77	16	0.157218700704467	0.712659841996336
HROV-vOTU67952	Smoking_Status	Never_Smoker	1.31659628069469	0.920791893451273	77	23	0.157145276372225	0.712659841996336
HROV-vOTU57111	Age	Age	-0.333268651985008	0.233230832072112	77	15	0.157411618288497	0.712659841996336
HROV-vOTU27737	diagnosis	RA	-0.766777112845804	0.536282886379009	77	60	0.157160286807932	0.712659841996336
HROV-vOTU44820	Smoking_Status	Never_Smoker	-0.787585194667587	0.550901825559214	77	9	0.157209156684965	0.712659841996336
HROV-vOTU74035	Smoking_Status	Never_Smoker	1.40044834740135	0.979542669553126	77	40	0.157189932083099	0.712659841996336
HROV-vOTU07783	Smoking_Status	Never_Smoker	1.82668979656387	1.27748132895717	77	44	0.157127279199368	0.712659841996336
HROV-vOTU08434	Smoking_Status	Former_Smoker	-1.10198479284461	0.770978664542307	77	8	0.157294048510336	0.712659841996336
HROV-vOTU63177	Smoking_Status	Former_Smoker	2.00057495082697	1.39957459046741	77	35	0.157269984222405	0.712659841996336
HROV-vOTU73396	Smoking_Status	Never_Smoker	1.14695417112939	0.801116180446846	77	24	0.156618616969626	0.712659841996336
HROV-vOTU12146	Sex	M	0.770503983381051	0.538547924694248	77	19	0.156900988416018	0.712659841996336
HROV-vOTU03165	diagnosis	RA	-0.406948944387456	0.284637824152209	77	20	0.157186560252859	0.712659841996336
HROV-vOTU55519	diagnosis	RA	-0.86320662856734	0.603219684230124	77	27	0.156817459986265	0.712659841996336
HROV-vOTU04346	Sex	M	-0.997445579888024	0.696890345552648	77	23	0.156736988275226	0.712659841996336
HROV-vOTU58027	Sex	M	0.781363853708974	0.546354219887514	77	15	0.157062499576543	0.712659841996336
HROV-vOTU71296	Age	Age	-0.183709777271097	0.128425708015151	77	12	0.156967113335554	0.712659841996336
HROV-vOTU67701	Smoking_Status	Never_Smoker	1.38850754713064	0.971946047977439	77	22	0.157508174841615	0.712934997366822
HROV-vOTU67273	Smoking_Status	Former_Smoker	-1.67996524172146	1.17704686946952	77	72	0.157885080057469	0.713188963554846
HROV-vOTU34622	diagnosis	RA	0.758899441774171	0.532082205508226	77	72	0.158169293089452	0.713188963554846
HROV-vOTU41452	Smoking_Status	Never_Smoker	0.861403837360382	0.604381960847247	77	74	0.15846235026097	0.713188963554846
HROV-vOTU04428	Smoking_Status	Former_Smoker	1.44882847832819	1.0163379692710801	77	73	0.158383427753526	0.713188963554846
HROV-vOTU59691	Sex	M	-1.5449536268467	1.08184570797593	77	60	0.157655259620819	0.713188963554846
HROV-vOTU03335	Smoking_Status	Never_Smoker	-1.15937890781728	0.813401606866196	77	25	0.158438666234526	0.713188963554846
HROV-vOTU60217	Age	Age	0.365106289841164	0.255718820155311	77	76	0.157743460834713	0.713188963554846
HROV-vOTU12483	Smoking_Status	Never_Smoker	-1.24110786177758	0.869066076306645	77	26	0.157649027570198	0.713188963554846
HROV-vOTU36525	Age	Age	-0.197936672812577	0.138846081501543	77	75	0.15837037397556	0.713188963554846
HROV-vOTU55034	Smoking_Status	Former_Smoker	2.0517038386057	1.4375266358598	77	60	0.157892412451746	0.713188963554846
HROV-vOTU15791	Sex	M	-1.12656530103093	0.788916545687809	77	21	0.15767866737424	0.713188963554846
HROV-vOTU08781	Sex	M	0.916005553638609	0.642276929461366	77	67	0.15819735689585	0.713188963554846
HROV-vOTU30514	diagnosis	RA	0.528260468288033	0.370303792681435	77	27	0.158089540558171	0.713188963554846
HROV-vOTU22570	Smoking_Status	Never_Smoker	-1.16408154465863	0.815952374158244	77	11	0.158062496691009	0.713188963554846
HROV-vOTU06467	Sex	M	1.02609019590588	0.719840055452661	77	64	0.158411109800946	0.713188963554846
HROV-vOTU41116	Age	Age	-0.618483902748066	0.43318637681188	77	34	0.15774630264803	0.713188963554846
HROV-vOTU49358	Smoking_Status	Never_Smoker	1.26590864928617	0.887250341696508	77	31	0.158026998581879	0.713188963554846
HROV-vOTU50165	Smoking_Status	Never_Smoker	1.33204220038143	0.933783690947798	77	27	0.15810677565824	0.713188963554846
HROV-vOTU04551	Smoking_Status	Never_Smoker	1.87214768653113	1.31296520625462	77	49	0.158281327352529	0.713188963554846
HROV-vOTU61026	Smoking_Status	Former_Smoker	1.12957738869159	0.791333655641933	77	8	0.157838070002904	0.713188963554846
HROV-vOTU07415	Age	Age	-0.223778354379796	0.156784422449901	77	14	0.157876939581167	0.713188963554846
HROV-vOTU65964	Smoking_Status	Never_Smoker	1.44828499109555	1.01606741971535	77	18	0.158428143227811	0.713188963554846
HROV-vOTU42917	Smoking_Status	Never_Smoker	0.660030929076191	0.462473558243354	77	13	0.157912601138578	0.713188963554846
HROV-vOTU33455	diagnosis	RA	-0.491896260727195	0.345077225166017	77	14	0.158403837908794	0.713188963554846
HROV-vOTU65280	Age	Age	-0.214244813932169	0.150311530993855	77	8	0.158440886514267	0.713188963554846
HROV-vOTU23394	Sex	M	0.685601414322501	0.480353214319506	77	8	0.157880867150618	0.713188963554846
HROV-vOTU65595	Smoking_Status	Former_Smoker	-1.22684098125719	0.85997085421754	77	11	0.158075764032402	0.713188963554846
HROV-vOTU10733	Smoking_Status	Never_Smoker	0.48636012119521	0.340917735395865	77	8	0.158072156222549	0.713188963554846
HROV-vOTU04103	Smoking_Status	Never_Smoker	-1.20788653343125	0.847043982367177	77	9	0.158249880125771	0.713188963554846
HROV-vOTU30479	Smoking_Status	Never_Smoker	1.96028985304397	1.37549712066612	77	54	0.158495149108696	0.713197202808376
HROV-vOTU16598	Sex	M	0.508899184993003	0.357292242300799	77	71	0.158733818145452	0.713588859176542
HROV-vOTU19533	Age	Age	-0.582961163062661	0.409344078755967	77	69	0.158787783566566	0.713588859176542
HROV-vOTU29848	Sex	M	-1.2208775629047	0.857373981112811	77	44	0.158834414780261	0.713588859176542
HROV-vOTU26597	Smoking_Status	Never_Smoker	1.17570387254123	0.82578013625719	77	40	0.158899025310387	0.713588859176542
HROV-vOTU06937	diagnosis	RA	0.557726084938688	0.391636677925572	77	12	0.158800563578129	0.713588859176542
HROV-vOTU21230	Age	Age	-0.195791154760783	0.137478198580916	77	67	0.158780098876374	0.713588859176542
HROV-vOTU11758	Smoking_Status	Never_Smoker	-0.859092067209249	0.602989026247388	77	19	0.158618330533336	0.713588859176542
HROV-vOTU02347	Smoking_Status	Never_Smoker	1.14725291474687	0.805451487892384	77	19	0.158722835514044	0.713588859176542
HROV-vOTU24292	Smoking_Status	Former_Smoker	1.60284615247764	1.12577317259991	77	12	0.158891998435974	0.713588859176542
HROV-vOTU34908	Smoking_Status	Never_Smoker	0.702099431039841	0.493142313183807	77	12	0.158905802984384	0.713588859176542
HROV-vOTU64477	Age	Age	-0.203142473726301	0.14268968706094	77	8	0.158923024694593	0.713588859176542
HROV-vOTU60443	diagnosis	RA	-0.923580350073429	0.648929477902609	77	62	0.159046962410604	0.713757148642685
HROV-vOTU53179	Smoking_Status	Never_Smoker	1.63180097972238	1.14656028916731	77	49	0.159053481842564	0.713757148642685
HROV-vOTU49981	Smoking_Status	Former_Smoker	2.22501941800787	1.56325217502578	77	33	0.159020858076004	0.713757148642685
HROV-vOTU02203	Age	Age	0.361014712753339	0.253736232284295	77	73	0.159174532762286	0.713883055407096
HROV-vOTU40808	Smoking_Status	Never_Smoker	1.49056065701792	1.04761092993698	77	59	0.159167698834731	0.713883055407096
HROV-vOTU38162	Sex	M	0.861809458766477	0.605650648672425	77	48	0.159130364752548	0.713883055407096
HROV-vOTU57557	Age	Age	-0.491358571119187	0.34542574265823	77	70	0.159267872052241	0.714162596059794
HROV-vOTU35221	Smoking_Status	Former_Smoker	2.1231529761309	1.49271903912421	77	39	0.159306340737293	0.714196034101589
HROV-vOTU63699	Age	Age	-0.295275192210829	0.207624428964445	77	19	0.159358152021637	0.714289264511154
HROV-vOTU63838	Smoking_Status	Never_Smoker	0.607179964555579	0.427051485577245	77	11	0.159463598648574	0.714622820952842
HROV-vOTU43842	diagnosis	RA	1.29311744969498	0.910712672762417	77	41	0.16001403102837	0.714759288613169
HROV-vOTU29861	Smoking_Status	Former_Smoker	-2.10728121922297	1.48420425897086	77	28	0.160040375467771	0.714759288613169
HROV-vOTU07483	Smoking_Status	Former_Smoker	-1.2936602379723	0.910777450767752	77	71	0.159870458751285	0.714759288613169
HROV-vOTU21580	Smoking_Status	Former_Smoker	-1.02187928861582	0.719078101411145	77	76	0.15966607261942	0.714759288613169
HROV-vOTU05758	Smoking_Status	Never_Smoker	0.857730157526552	0.60413618114352	77	47	0.160052698713769	0.714759288613169
HROV-vOTU50896	Smoking_Status	Former_Smoker	-2.39821976431888	1.68747433365925	77	59	0.159639279186484	0.714759288613169
HROV-vOTU00572	Smoking_Status	Never_Smoker	1.5932261755812	1.12168721812226	77	42	0.159872638227314	0.714759288613169
HROV-vOTU40737	Age	Age	0.322611850376207	0.227009997658761	77	15	0.159654889800092	0.714759288613169
HROV-vOTU01280	Smoking_Status	Never_Smoker	1.98798789453065	1.4001131395754	77	62	0.160019711785744	0.714759288613169
HROV-vOTU34645	Age	Age	-0.415730228262755	0.292685181056335	77	65	0.159867699683866	0.714759288613169
HROV-vOTU62816	Age	Age	0.506790871123006	0.356540510730133	77	40	0.159574739175221	0.714759288613169
HROV-vOTU02979	Sex	M	1.05070142233653	0.740011029059095	77	24	0.160028702001127	0.714759288613169
HROV-vOTU49194	Age	Age	0.250538258991644	0.176418399617686	77	16	0.15994422972822	0.714759288613169
HROV-vOTU51039	Smoking_Status	Former_Smoker	2.50542590992898	1.76327535976352	77	42	0.159724947279542	0.714759288613169
HROV-vOTU22787	Smoking_Status	Former_Smoker	2.37433053273782	1.67151396581922	77	17	0.159848450665007	0.714759288613169
HROV-vOTU37867	Age	Age	-0.351360778951494	0.247337599595416	77	44	0.159818133379148	0.714759288613169
HROV-vOTU14335	Smoking_Status	Never_Smoker	-0.736604964410533	0.51854469919448	77	8	0.159832069703017	0.714759288613169
HROV-vOTU69180	Smoking_Status	Never_Smoker	1.38032903629608	0.972023902927703	77	15	0.159967466867277	0.714759288613169
HROV-vOTU06820	Smoking_Status	Never_Smoker	1.16982060227273	0.824029742480156	77	19	0.160090134044407	0.714783809007438
HROV-vOTU70426	Age	Age	0.184029289265015	0.129640985461355	77	9	0.160120263598323	0.714783809007438
HROV-vOTU54276	diagnosis	RA	0.480739452798196	0.338700832993385	77	14	0.160168779289333	0.714861819192506
HROV-vOTU09485	Smoking_Status	Former_Smoker	1.40823743395265	0.992799639128344	77	48	0.160433852903281	0.71549024639089
HROV-vOTU62395	Smoking_Status	Former_Smoker	-1.10910246373576	0.781855712160377	77	72	0.160404622252322	0.71549024639089
HROV-vOTU16567	Age	Age	-0.329473591134654	0.232273620011356	77	10	0.160427730703651	0.71549024639089
HROV-vOTU60104	Smoking_Status	Never_Smoker	1.50858790232977	1.06342635611108	77	38	0.160387393624307	0.71549024639089
HROV-vOTU14202	Smoking_Status	Never_Smoker	1.80479420245131	1.27290134331451	77	50	0.160606083624519	0.715981050304429
HROV-vOTU53050	diagnosis	RA	-0.67236355475613	0.474200624660236	77	10	0.160597438214927	0.715981050304429
HROV-vOTU21813	Sex	M	0.756301964251697	0.53372232880443	77	65	0.160846586009432	0.716169837804189
HROV-vOTU28591	Age	Age	-0.597487957683279	0.421559738842436	77	60	0.160760880140057	0.716169837804189
HROV-vOTU21802	diagnosis	RA	-1.00565884575985	0.70969801772068	77	70	0.160849219227743	0.716169837804189
HROV-vOTU75872	diagnosis	RA	0.563539012220915	0.397706849823069	77	18	0.160864590406752	0.716169837804189
HROV-vOTU55731	Smoking_Status	Former_Smoker	2.21682829824593	1.56393158825251	77	18	0.160718804941937	0.716169837804189
HROV-vOTU04346	diagnosis	RA	-0.748178824980584	0.528014803237663	77	23	0.160866112503737	0.716169837804189
HROV-vOTU05499	diagnosis	RA	0.352546192932528	0.24878268967873	77	13	0.160831363848904	0.716169837804189
HROV-vOTU48486	diagnosis	RA	-0.878351406061122	0.619945012310869	77	71	0.160908115246127	0.716173746142721
HROV-vOTU20224	Age	Age	0.110976479101101	0.078331776089452	77	8	0.160929185249178	0.716173746142721
HROV-vOTU08696	Smoking_Status	Former_Smoker	2.4739676617143	1.74720768503179	77	70	0.161160734873509	0.71651191585654594
HROV-vOTU28517	Smoking_Status	Former_Smoker	-2.06503593173771	1.45834184550355	77	31	0.161142863016973	0.71651191585654594
HROV-vOTU36919	Sex	M	1.2278104736371	0.866930529660669	77	35	0.161067950598638	0.71651191585654594
HROV-vOTU74481	Smoking_Status	Former_Smoker	1.2142765233188	0.85736006504009	77	18	0.161060997194816	0.71651191585654594
HROV-vOTU37106	Age	Age	-0.612395860752639	0.432437313129158	77	37	0.161104044591305	0.71651191585654594
HROV-vOTU31267	Smoking_Status	Never_Smoker	1.13160320202557	0.799279123319684	77	63	0.161211905304138	0.716601076848928
HROV-vOTU09933	Age	Age	0.630006755405775	0.445039011325465	77	58	0.161258119693529	0.716605841870835
HROV-vOTU30930	diagnosis	RA	-0.394350094704484	0.278581829680343	77	10	0.161275209657687	0.716605841870835
HROV-vOTU61213	Sex	M	0.712958622067051	0.503697880065254	77	28	0.161308476487382	0.716615396123535
HROV-vOTU22815	Smoking_Status	Never_Smoker	1.38390359378876	0.977873136048377	77	52	0.161375931242335	0.716638583978207
HROV-vOTU15781	Smoking_Status	Former_Smoker	-1.70130849927289	1.2020915505243	77	19	0.161354797956877	0.716638583978207
HROV-vOTU57537	Sex	M	1.41118483061369	0.997343059552025	77	71	0.161455877499647	0.716664263498534
HROV-vOTU22969	Sex	M	0.972500490705166	0.687338484468355	77	71	0.161475070051841	0.716664263498534
HROV-vOTU62186	Smoking_Status	Never_Smoker	0.712495470344245	0.503530376321448	77	14	0.16143959726973	0.716664263498534
HROV-vOTU14264	Sex	M	1.01544503572141	0.717793713063988	77	56	0.16153447441011	0.716789777584748
HROV-vOTU02138	Smoking_Status	Never_Smoker	1.73465822920577	1.22648893055264	77	41	0.161635868447443	0.716963414935402
HROV-vOTU41205	Smoking_Status	Former_Smoker	2.18868187305516	1.54745094529798	77	47	0.161621143306701	0.716963414935402
HROV-vOTU58320	Age	Age	0.359974078501513	0.254651310663648	77	73	0.161850171548561	0.717089223844556
HROV-vOTU31478	Smoking_Status	Never_Smoker	1.04833639299405	0.741564728502994	77	25	0.161825128090736	0.717089223844556
HROV-vOTU24078	Sex	M	0.846397137750786	0.598615915582352	77	38	0.161754317091295	0.717089223844556
HROV-vOTU61213	Smoking_Status	Never_Smoker	0.921518907568456	0.651893746144515	77	28	0.161848148876492	0.717089223844556
HROV-vOTU60831	Sex	M	0.796722131775698	0.563439677910847	77	57	0.161722380242783	0.717089223844556
HROV-vOTU27814	Sex	M	1.18250899798985	0.83652720222232	77	24	0.16185105451776	0.717089223844556
HROV-vOTU58814	Sex	M	1.00864203013675	0.713719464035108	77	20	0.161960513141354	0.717298195701034
HROV-vOTU64423	diagnosis	RA	0.5752970105425	0.407070427349586	77	25	0.161948082134234	0.717298195701034
HROV-vOTU17802	Smoking_Status	Never_Smoker	0.42511466263398	0.3009447323657	77	76	0.162141804733144	0.717825021723242
HROV-vOTU08173	Age	Age	0.159416573535647	0.112850100488926	77	77	0.162130190254005	0.717825021723242
HROV-vOTU39158	Smoking_Status	Never_Smoker	1.28111461164121	0.907156432697811	77	19	0.162250072268012	0.717947892041568
HROV-vOTU00410	Age	Age	-0.310665317833342	0.219988821511022	77	13	0.162263081983342	0.717947892041568
HROV-vOTU19710	Sex	M	-1.13395627245734	0.802967521019939	77	26	0.162257197726332	0.717947892041568
HROV-vOTU64056	Smoking_Status	Never_Smoker	0.918075137187728	0.651562199568567	77	74	0.163189013933528	0.718291613935942
HROV-vOTU33821	Age	Age	-0.445958651248873	0.316238663582941	77	46	0.162847666603779	0.718291613935942
HROV-vOTU53073	diagnosis	RA	-0.828960246766091	0.588496545773225	77	72	0.163315729743047	0.718291613935942
HROV-vOTU46032	Smoking_Status	Never_Smoker	1.66341147458508	1.18079865859905	77	15	0.163283171720254	0.718291613935942
HROV-vOTU03523	Smoking_Status	Never_Smoker	1.33808503597156	0.949982974313485	77	63	0.163336662280386	0.718291613935942
HROV-vOTU09847	Smoking_Status	Never_Smoker	-1.527794888613	1.08459345586777	77	55	0.163307807100887	0.718291613935942
HROV-vOTU32413	Smoking_Status	Former_Smoker	2.14330061686798	1.51850918370199	77	68	0.162479148217224	0.718291613935942
HROV-vOTU43750	Smoking_Status	Never_Smoker	1.38350055712751	0.980334549367343	77	39	0.162537011609992	0.718291613935942
HROV-vOTU75676	Sex	M	1.17507498871416	0.833044143294883	77	46	0.162735046103108	0.718291613935942
HROV-vOTU21543	Smoking_Status	Never_Smoker	-1.4556580503265	1.03320685103126	77	31	0.163237050369098	0.718291613935942
HROV-vOTU05854	Smoking_Status	Never_Smoker	1.45974731445699	1.03591540598896	77	37	0.163159340366145	0.718291613935942
HROV-vOTU23061	diagnosis	RA	-0.786865015581022	0.558079284666053	77	47	0.162919578935872	0.718291613935942
HROV-vOTU27937	Smoking_Status	Never_Smoker	1.75729175708157	1.24689507856618	77	62	0.163101458608572	0.718291613935942
HROV-vOTU61322	Sex	M	-0.855028337426378	0.605937355747012	77	15	0.16258687736749	0.718291613935942
HROV-vOTU73206	Smoking_Status	Former_Smoker	1.3396980650213	0.949844312030649	77	66	0.162776163794295	0.718291613935942
HROV-vOTU37401	Smoking_Status	Never_Smoker	1.12577577782501	0.79929228396028	77	31	0.163357326454567	0.718291613935942
HROV-vOTU35490	Smoking_Status	Never_Smoker	0.719554788790771	0.510894067577498	77	15	0.163370016230849	0.718291613935942
HROV-vOTU69966	Smoking_Status	Never_Smoker	1.7987226462116	1.27598502821982	77	43	0.163001455988284	0.718291613935942
HROV-vOTU55067	diagnosis	RA	-0.911926150694273	0.646502268650559	77	46	0.162742636999708	0.718291613935942
HROV-vOTU24121	diagnosis	RA	-0.310480139224041	0.220228407329447	77	14	0.162961463894995	0.718291613935942
HROV-vOTU40120	diagnosis	RA	-1.0606401430575	0.752882171421179	77	18	0.163266723945894	0.718291613935942
HROV-vOTU74439	Smoking_Status	Never_Smoker	1.16041432482672	0.82294031531554	77	36	0.162880983497462	0.718291613935942
HROV-vOTU38942	Smoking_Status	Former_Smoker	1.69132420540496	1.19960782172876	77	51	0.162935587150835	0.718291613935942
HROV-vOTU01448	diagnosis	RA	-0.901033018014093	0.639684633745845	77	63	0.163330069624706	0.718291613935942
HROV-vOTU11158	Smoking_Status	Never_Smoker	0.830426263704661	0.588574232603291	77	15	0.162637418224648	0.718291613935942
HROV-vOTU70177	Sex	M	0.493485120315678	0.350111032099754	77	13	0.163049568284387	0.718291613935942
HROV-vOTU65289	Sex	M	0.643036783983978	0.455798864424323	77	16	0.162672979847151	0.718291613935942
HROV-vOTU52028	Smoking_Status	Never_Smoker	1.42047609628246	1.00739816042891	77	27	0.162892412664201	0.718291613935942
HROV-vOTU72028	Smoking_Status	Former_Smoker	0.627120139480664	0.444329015188628	77	11	0.162497843622008	0.718291613935942
HROV-vOTU48788	Age	Age	-0.194275864340495	0.137792847958218	77	10	0.162931195175026	0.718291613935942
HROV-vOTU46194	Sex	M	0.449153312517519	0.318583483139479	77	8	0.162951085599957	0.718291613935942
HROV-vOTU14606	Smoking_Status	Never_Smoker	0.848856119683271	0.601687091898264	77	9	0.162672205248932	0.718291613935942
HROV-vOTU22702	Smoking_Status	Never_Smoker	0.543449733436413	0.385646987229272	77	9	0.163144007073999	0.718291613935942
HROV-vOTU16271	Smoking_Status	Never_Smoker	1.39716825901746	0.992219372440339	77	24	0.163457992929009	0.718404117777688
HROV-vOTU57469	Smoking_Status	Never_Smoker	0.389154919646332	0.276360249074454	77	10	0.163452311120674	0.718404117777688
HROV-vOTU26100	Sex	M	0.994853742058083	0.706641849926692	77	55	0.163535585607768	0.718404977607027
HROV-vOTU57091	Smoking_Status	Never_Smoker	1.32673243397548	0.942781212161753	77	63	0.163714932510034	0.718404977607027
HROV-vOTU21435	Sex	M	1.04479514487776	0.74236044387949	77	71	0.163672928841596	0.718404977607027
HROV-vOTU66406	Smoking_Status	Never_Smoker	1.43703028977601	1.0207606949982	77	38	0.163552708131058	0.718404977607027
HROV-vOTU32214	Smoking_Status	Never_Smoker	1.65238767123082	1.17412201905094	77	44	0.1636897789696	0.718404977607027
HROV-vOTU51433	diagnosis	RA	0.670128098876061	0.475993447549338	77	23	0.163538483225556	0.718404977607027
HROV-vOTU03764	Smoking_Status	Former_Smoker	-1.84031948855657	1.30733569016552	77	18	0.163587027438787	0.718404977607027
HROV-vOTU21438	Smoking_Status	Never_Smoker	0.883079319699478	0.627555834807215	77	12	0.163738937362539	0.718404977607027
HROV-vOTU39080	Age	Age	0.271464780338183	0.192864903474305	77	14	0.163630863012372	0.718404977607027
HROV-vOTU59281	Age	Age	-0.411031080162244	0.292180396558954	77	63	0.163857384984598	0.718514009176559
HROV-vOTU32022	Smoking_Status	Never_Smoker	1.44206915018511	1.02504172579018	77	52	0.163837327539203	0.718514009176559
HROV-vOTU17808	Age	Age	-0.321363493716484	0.228437796644563	77	21	0.163852608879803	0.718514009176559
HROV-vOTU06228	Smoking_Status	Never_Smoker	1.25228515239922	0.890709853369672	77	76	0.164103096848607	0.718633641457201
HROV-vOTU13649	Sex	M	0.975143874914135	0.693529675659474	77	66	0.164067972895195	0.718633641457201
HROV-vOTU07684	Age	Age	0.247912276971366	0.17632670232328	77	69	0.16409067066074	0.718633641457201
HROV-vOTU41807	Smoking_Status	Never_Smoker	1.44327805402426	1.02632984169839	77	35	0.164011085738829	0.718633641457201
HROV-vOTU28484	Smoking_Status	Never_Smoker	0.909909859872077	0.647174407203098	77	19	0.164093459927036	0.718633641457201
HROV-vOTU68499	Smoking_Status	Never_Smoker	0.771134058216027	0.548273119959973	77	11	0.16394417560691	0.718633641457201
HROV-vOTU38654	Age	Age	-0.604807551832861	0.43002979840433	77	28	0.163957843904544	0.718633641457201
HROV-vOTU43365	diagnosis	RA	-0.720321538836579	0.512464201369423	77	75	0.164202819956165	0.718687903371692
HROV-vOTU19228	Smoking_Status	Never_Smoker	-0.822839093873281	0.58563474893234	77	42	0.164370300617074	0.718687903371692
HROV-vOTU28078	Age	Age	-0.19411779650646	0.13812293218099	77	73	0.164263470459291	0.718687903371692
HROV-vOTU49378	Sex	M	1.26839982414297	0.903010792981024	77	50	0.16448996694191	0.718687903371692
HROV-vOTU36685	Smoking_Status	Never_Smoker	1.08599574072836	0.772641247020361	77	18	0.164214924881657	0.718687903371692
HROV-vOTU55324	Sex	M	-0.636057304394769	0.452713824988643	77	14	0.164385243975733	0.718687903371692
HROV-vOTU16478	diagnosis	RA	-0.840257349584999	0.59818698458648	77	39	0.164478340364412	0.718687903371692
HROV-vOTU52072	Sex	M	0.971976768089195	0.691964026172553	77	16	0.164481209247849	0.718687903371692
HROV-vOTU67206	Smoking_Status	Former_Smoker	-1.49628915746492	1.06516493234762	77	22	0.164455997348733	0.718687903371692
HROV-vOTU40268	Smoking_Status	Former_Smoker	1.93316569175683	1.37541727118026	77	17	0.164229896698362	0.718687903371692
HROV-vOTU05374	Smoking_Status	Former_Smoker	-1.15039901801103	0.81880722428583	77	14	0.164390659566358	0.718687903371692
HROV-vOTU03088	Smoking_Status	Never_Smoker	1.02495564107729	0.729683807332868	77	15	0.164483132691516	0.718687903371692
HROV-vOTU50006	Smoking_Status	Never_Smoker	0.820814291134764	0.584416180325209	77	16	0.164528845153683	0.718721415760493
HROV-vOTU74610	Age	Age	-0.386256444827155	0.275052640560589	77	15	0.164589016033866	0.7188479118642
HROV-vOTU64657	Sex	M	-1.14529255854899	0.815674569853951	77	32	0.164646937960617	0.718964539482936
HROV-vOTU12887	Sex	M	-0.81750217010063	0.582281584090514	77	28	0.164688805833511	0.719011032861754
HROV-vOTU71791	Smoking_Status	Former_Smoker	0.848586668636448	0.604495210732826	77	17	0.164739177905601	0.719094629864668
HROV-vOTU70215	Sex	M	1.32085191715182	0.9418512159186	77	30	0.165153267257436	0.71964513380691
HROV-vOTU08563	Sex	M	1.06506334605271	0.759902743003364	77	73	0.165397578492905	0.71964513380691
HROV-vOTU05778	diagnosis	RA	-0.350722058614502	0.249977740701075	77	77	0.164970972586313	0.71964513380691
HROV-vOTU22940	Age	Age	0.481632139438672	0.343326743520304	77	36	0.165022718997247	0.71964513380691
HROV-vOTU29692	Sex	M	1.18133540092706	0.842524833311669	77	66	0.16523134726345	0.71964513380691
HROV-vOTU58420	Smoking_Status	Former_Smoker	-1.71791621031933	1.22447928077418	77	41	0.164981727069025	0.71964513380691
HROV-vOTU50435	diagnosis	RA	0.748974803282137	0.534898484107847	77	39	0.165802739035148	0.71964513380691
HROV-vOTU19129	diagnosis	RA	-0.944894443790515	0.67461175803463	77	44	0.165674354023792	0.71964513380691
HROV-vOTU61421	Sex	M	1.40909919371095	1.006089450778	77	21	0.165697824944174	0.71964513380691
HROV-vOTU21018	diagnosis	RA	-1.18204323857143	0.84407448783613	77	62	0.165748179857002	0.71964513380691
HROV-vOTU61440	Smoking_Status	Never_Smoker	0.884669658990985	0.631795061786328	77	18	0.16579402310999	0.71964513380691
HROV-vOTU41729	diagnosis	RA	-1.04784269033805	0.747152100321967	77	56	0.165138637524781	0.71964513380691
HROV-vOTU10396	Smoking_Status	Former_Smoker	-1.18666399759919	0.845871293820251	77	14	0.165007694498301	0.71964513380691
HROV-vOTU17525	Age	Age	0.216193366184381	0.15425251581821	77	11	0.165404609139727	0.71964513380691
HROV-vOTU73274	Age	Age	0.30655261305788	0.218719365040464	77	21	0.165397233282622	0.71964513380691
HROV-vOTU49020	diagnosis	RA	-0.678205570674474	0.483602055365456	77	15	0.165151936035659	0.71964513380691
HROV-vOTU30073	Sex	M	1.10389936441069	0.787491513531546	77	57	0.165334015805692	0.71964513380691
HROV-vOTU74700	diagnosis	RA	-0.895672911077664	0.639489699280723	77	43	0.16568733300647	0.71964513380691
HROV-vOTU30481	Sex	M	1.06534426197453	0.760533516732773	77	26	0.165633770176951	0.71964513380691
HROV-vOTU11502	Age	Age	0.258981418598602	0.184885328110888	77	16	0.165639013850544	0.71964513380691
HROV-vOTU58926	diagnosis	RA	-0.727602503942994	0.519606160081786	77	23	0.16577961290992899	0.71964513380691
HROV-vOTU06750	diagnosis	RA	-0.912975841962841	0.651937767877339	77	24	0.165747645804305	0.71964513380691
HROV-vOTU32311	Smoking_Status	Never_Smoker	0.501942844067327	0.357994649194123	77	10	0.165243615922043	0.71964513380691
HROV-vOTU28075	Smoking_Status	Former_Smoker	1.11009005779283	0.791834355966387	77	18	0.165295338540943	0.71964513380691
HROV-vOTU62984	Age	Age	-0.396513905559937	0.282993964854811	77	39	0.165528410530807	0.71964513380691
HROV-vOTU44531	Smoking_Status	Never_Smoker	1.1133659382754	0.793799156301019	77	14	0.165100015672397	0.71964513380691
HROV-vOTU02175	Smoking_Status	Former_Smoker	1.59787274478659	1.14044422626316	77	12	0.165541008343119	0.71964513380691
HROV-vOTU55887	diagnosis	RA	-0.223040766475627	0.159264512095521	77	8	0.165736024449961	0.71964513380691
HROV-vOTU64014	Sex	M	0.439066704812548	0.313368853159215	77	9	0.165534725266969	0.71964513380691
HROV-vOTU46545	Smoking_Status	Never_Smoker	0.458653355367751	0.326989031793286	77	8	0.165076888930813	0.71964513380691
HROV-vOTU38921	Sex	M	0.614910328967312	0.439266866046344	77	17	0.16591091607845	0.719978970658883
HROV-vOTU14153	Smoking_Status	Former_Smoker	1.72305762227068	1.2311503597344	77	25	0.166001939044955	0.720238254748551
HROV-vOTU44777	Sex	M	0.691153046759566	0.493933527109464	77	21	0.166081769021974	0.720448886904515
HROV-vOTU41617	Sex	M	0.418834624343526	0.299387918641005	77	11	0.166175499257817	0.720719726536258
HROV-vOTU05778	Smoking_Status	Never_Smoker	-0.596916621369019	0.42699852994746	77	77	0.166484509181517	0.720743064275791
HROV-vOTU54408	Sex	M	-1.01395055514108	0.725342572976503	77	16	0.166497685723395	0.720743064275791
HROV-vOTU47619	Smoking_Status	Never_Smoker	1.84556520647385	1.32031287533876	77	34	0.166517978942935	0.720743064275791
HROV-vOTU06297	Sex	M	0.785093413059209	0.561395376801557	77	64	0.16632545077554	0.720743064275791
HROV-vOTU04933	Age	Age	-0.360071092043635	0.257633168195945	77	66	0.166581594028874	0.720743064275791
HROV-vOTU00780	Smoking_Status	Never_Smoker	1.23145271875917	0.880521434306681	77	32	0.166301090288258	0.720743064275791
HROV-vOTU30995	Smoking_Status	Former_Smoker	-1.13775070540197	0.81402864401131	77	12	0.166561421702486	0.720743064275791
HROV-vOTU23687	Smoking_Status	Never_Smoker	1.35276366658196	0.967599348774901	77	34	0.166446888301424	0.720743064275791
HROV-vOTU15513	Sex	M	0.68244862815634	0.488285255252417	77	15	0.166572084664919	0.720743064275791
HROV-vOTU07335	Smoking_Status	Never_Smoker	0.740708298390806	0.529818710877392	77	16	0.16645309316771	0.720743064275791
HROV-vOTU42142	Smoking_Status	Former_Smoker	-1.03133715553733	0.73766402248763	77	17	0.166431772733927	0.720743064275791
HROV-vOTU41617	Smoking_Status	Never_Smoker	0.541528200487452	0.387472569485521	77	11	0.166587726059055	0.720743064275791
HROV-vOTU52833	Age	Age	-0.230391857010191	0.164704580951202	77	12	0.166220592800803	0.720743064275791
HROV-vOTU70773	Smoking_Status	Never_Smoker	-0.59161430347095	0.423434797801865	77	77	0.166711022409981	0.720833404723493
HROV-vOTU43804	Smoking_Status	Former_Smoker	2.0746099062549	1.48489168444159	77	68	0.166721088196951	0.720833404723493
HROV-vOTU12851	Age	Age	-0.448236391340723	0.32084185294983403	77	54	0.166745728879466	0.720833404723493
HROV-vOTU07299	Age	Age	-0.363385821956268	0.260165278926926	77	27	0.166839635817982	0.720833404723493
HROV-vOTU69242	Smoking_Status	Former_Smoker	-0.717801746266084	0.513902992925696	77	9	0.166835086193027	0.720833404723493
HROV-vOTU23360	Smoking_Status	Never_Smoker	1.21964970614999	0.8729991361405	77	11	0.166740714571651	0.720833404723493
HROV-vOTU24094	Smoking_Status	Never_Smoker	0.502067810635498	0.359430504403616	77	8	0.166811879122398	0.720833404723493
HROV-vOTU12936	Age	Age	-0.208997217176605	0.1496380221183	77	15	0.166859004801604	0.720833404723493
HROV-vOTU12648	Sex	M	-1.49010086060262	1.06735642716089	77	52	0.167044416023871	0.720977886327556
HROV-vOTU74002	Smoking_Status	Never_Smoker	1.33527565673303	0.956465851045637	77	66	0.167048979654531	0.720977886327556
HROV-vOTU07424	Smoking_Status	Former_Smoker	1.68038856288573	1.20351242464153	77	50	0.166993375001591	0.720977886327556
HROV-vOTU37824	diagnosis	RA	0.655213437653667	0.469230014942383	77	25	0.166956866684214	0.720977886327556
HROV-vOTU34692	Smoking_Status	Never_Smoker	1.51797352843092	1.0870417918867	77	27	0.166936676472698	0.720977886327556
HROV-vOTU14207	Sex	M	0.819308889661712	0.587249776204862	77	71	0.16731579312862	0.721664574964774
HROV-vOTU34716	Smoking_Status	Former_Smoker	1.29306975020245	0.926701480872493	77	43	0.167260530383317	0.721664574964774
HROV-vOTU38904	Smoking_Status	Former_Smoker	1.54971382753465	1.11079688590376	77	25	0.167323465091679	0.721664574964774
HROV-vOTU14335	Smoking_Status	Former_Smoker	-1.02122909646441	0.732009389574587	77	8	0.167333427282323	0.721664574964774
HROV-vOTU72226	Smoking_Status	Never_Smoker	-0.930613409085994	0.667440635707951	77	75	0.16757454876074	0.721745380934751
HROV-vOTU08563	Smoking_Status	Never_Smoker	-1.37158149794884	0.983478123389718	77	73	0.167477789685249	0.721745380934751
HROV-vOTU10518	diagnosis	RA	0.591204447337838	0.424132846190913	77	19	0.167691240249334	0.721745380934751
HROV-vOTU74285	Smoking_Status	Never_Smoker	1.41471836787225	1.01501514621391	77	59	0.167728236159913	0.721745380934751
HROV-vOTU45109	diagnosis	RA	-0.594140429534489	0.426154913703568	77	16	0.167608388252493	0.721745380934751
HROV-vOTU54379	Smoking_Status	Never_Smoker	0.793896394002404	0.569498728929279	77	21	0.167657173997447	0.721745380934751
HROV-vOTU44375	Smoking_Status	Never_Smoker	1.37182524231629	0.984032899434636	77	35	0.167639698982571	0.721745380934751
HROV-vOTU74685	Age	Age	0.330652970996796	0.237220283718459	77	34	0.16770589409451	0.721745380934751
HROV-vOTU43627	Age	Age	-0.140254233143905	0.100608379227707	77	9	0.167646790835772	0.721745380934751
HROV-vOTU43917	Smoking_Status	Former_Smoker	1.05557342685114	0.756975628698688	77	10	0.167526395001063	0.721745380934751
HROV-vOTU11722	Age	Age	0.42569298049985	0.30528685143923	77	9	0.167543924761003	0.721745380934751
HROV-vOTU24292	Age	Age	-0.332954787152857	0.238860807348591	77	12	0.167686816234118	0.721745380934751
HROV-vOTU43676	Smoking_Status	Former_Smoker	-2.42702216953799	1.74147899095438	77	63	0.16776875899136	0.721784890635348
HROV-vOTU47141	Smoking_Status	Never_Smoker	1.6076604540765	1.15384279705394	77	40	0.167872887341895	0.721800940975473
HROV-vOTU67626	Smoking_Status	Never_Smoker	-1.28750164050904	0.924166876864516	77	32	0.167921467691864	0.721800940975473
HROV-vOTU73091	Sex	M	1.42513222738529	1.02292159570218	77	44	0.167906570912629	0.721800940975473
HROV-vOTU36939	Sex	M	0.864290429480679	0.620531251149314	77	52	0.168019377814813	0.721800940975473
HROV-vOTU41596	diagnosis	RA	0.671107827094745	0.481854688457603	77	17	0.168038538563921	0.721800940975473
HROV-vOTU30174	Smoking_Status	Never_Smoker	0.975942483832237	0.700591895513429	77	32	0.167958444887822	0.721800940975473
HROV-vOTU52112	Age	Age	-0.534751407260613	0.383929030495742	77	40	0.168014606507287	0.721800940975473
HROV-vOTU54933	Smoking_Status	Former_Smoker	1.72104802966272	1.2357578053848	77	34	0.168054565588818	0.721800940975473
HROV-vOTU72960	diagnosis	RA	-0.486004731754538	0.348853975473502	77	11	0.167922019367267	0.721800940975473
HROV-vOTU14574	Smoking_Status	Never_Smoker	0.65586372821907	0.47096369367879	77	13	0.168086882340507	0.721805127783308
HROV-vOTU02547	Smoking_Status	Former_Smoker	0.892722306632877	0.641101215899934	77	9	0.168122056795479	0.721821582401173
HROV-vOTU32399	Sex	M	-0.918890419808671	0.659951163733338	77	73	0.168158648058981	0.721842687504184
HROV-vOTU47892	diagnosis	RA	-0.803822643950787	0.577795108103482	77	36	0.168512082831687	0.721842687504184
HROV-vOTU02349	Smoking_Status	Never_Smoker	-1.49887131159274	1.07778139560222	77	45	0.168659813350413	0.721842687504184
HROV-vOTU02992	Age	Age	-0.448064683363519	0.321954479259055	77	67	0.168357480748498	0.721842687504184
HROV-vOTU45175	Age	Age	-0.427750100636091	0.307442588615068	77	58	0.168473669337649	0.721842687504184
HROV-vOTU18330	Sex	M	0.78358282719992	0.563395846407999	77	73	0.168623431341793	0.721842687504184
HROV-vOTU06807	diagnosis	RA	-1.02631618262155	0.737419477280526	77	37	0.168337823833548	0.721842687504184
HROV-vOTU38393	Sex	M	0.416938550142515	0.299681950980368	77	74	0.168487816789829	0.721842687504184
HROV-vOTU47269	Smoking_Status	Never_Smoker	1.42763786879838	1.02634744279272	77	24	0.168572752475977	0.721842687504184
HROV-vOTU18579	diagnosis	RA	-0.708193585098239	0.50919715239979	77	35	0.168628507077156	0.721842687504184
HROV-vOTU71904	diagnosis	RA	-0.983810491527197	0.706684053423129	77	42	0.168222214980113	0.721842687504184
HROV-vOTU46802	Sex	M	1.25663372516622	0.903084993732992	77	18	0.168421452962649	0.721842687504184
HROV-vOTU09633	Smoking_Status	Never_Smoker	0.898245451951897	0.645887782997838	77	18	0.168655660318037	0.721842687504184
HROV-vOTU10455	Smoking_Status	Never_Smoker	-0.827821683008185	0.595086276934982	77	11	0.168540629925883	0.721842687504184
HROV-vOTU26696	Smoking_Status	Former_Smoker	0.681912794702074	0.490300774553017	77	13	0.1686282772369	0.721842687504184
HROV-vOTU43519	diagnosis	RA	0.408086050011416	0.293386910849969	77	11	0.168584979994881	0.721842687504184
HROV-vOTU72028	Smoking_Status	Never_Smoker	0.43775496927115	0.31475614767492	77	11	0.168637368087754	0.721842687504184
HROV-vOTU73450	Smoking_Status	Former_Smoker	2.18925975925661	1.5744934058563	77	26	0.168734529373797	0.722028281582784
HROV-vOTU49365	Smoking_Status	Never_Smoker	0.924379191164334	0.665581090036186	77	71	0.169225665946439	0.722091910891317
HROV-vOTU01886	Age	Age	0.17561290918564	0.126388434785235	77	77	0.169032043099879	0.722091910891317
HROV-vOTU19365	Age	Age	-0.31354273107109	0.225742427664777	77	11	0.169192381971752	0.722091910891317
HROV-vOTU41678	Smoking_Status	Former_Smoker	0.942586973885359	0.678179543247766	77	73	0.168908457265068	0.722091910891317
HROV-vOTU63750	Age	Age	0.485268435971167	0.349378847052721	77	50	0.169190550481691	0.722091910891317
HROV-vOTU26649	Smoking_Status	Never_Smoker	1.98550153886927	1.4291122405636	77	61	0.169075825723739	0.722091910891317
HROV-vOTU73089	Sex	M	1.08329193284712	0.779431076960803	77	54	0.168917128185103	0.722091910891317
HROV-vOTU50639	Smoking_Status	Never_Smoker	1.40917845592156	1.01394258816896	77	51	0.168931805779348	0.722091910891317
HROV-vOTU00884	Age	Age	-0.291269506896607	0.209573086562034	77	15	0.168925144341431	0.722091910891317
HROV-vOTU41906	Smoking_Status	Former_Smoker	2.11348670091215	1.52043183032436	77	53	0.168854425059643	0.722091910891317
HROV-vOTU36113	Sex	M	0.786663651005479	0.566439206993415	77	14	0.169238655276473	0.722091910891317
HROV-vOTU35711	Smoking_Status	Never_Smoker	1.12422322870773	0.809143734998205	77	22	0.169053562860329	0.722091910891317
HROV-vOTU12004	Smoking_Status	Never_Smoker	-1.03244103058727	0.743433784270117	77	12	0.16925106969133	0.722091910891317
HROV-vOTU17998	Smoking_Status	Never_Smoker	-0.300289887875741	0.216191718337887	77	8	0.169174841274182	0.722091910891317
HROV-vOTU73220	Age	Age	-0.590091656527178	0.424778278818677	77	37	0.169121067915693	0.722091910891317
HROV-vOTU70425	Smoking_Status	Never_Smoker	0.926439210674853	0.66673826438272	77	17	0.169019991782212	0.722091910891317
HROV-vOTU51944	Smoking_Status	Never_Smoker	-1.71091972216774	1.23222004866138	77	57	0.16933012909483	0.722161643158136
HROV-vOTU38863	diagnosis	RA	-0.473413445663367	0.340951316784443	77	13	0.169323487622688	0.722161643158136
HROV-vOTU53898	Age	Age	0.369030819559939	0.265823962020443	77	38	0.169400722585927	0.722208756550736
HROV-vOTU18134	Age	Age	-0.259214955893247	0.186721710871181	77	17	0.169403895045031	0.722208756550736
HROV-vOTU41906	diagnosis	RA	-0.874943497888139	0.630538281758803	77	53	0.169594543183515	0.72288771599414
HROV-vOTU30514	Smoking_Status	Never_Smoker	0.877393199497117	0.632533019402002	77	27	0.169747249601631	0.7233709374049
HROV-vOTU66985	diagnosis	RA	-0.676545812184502	0.487764690821854	77	16	0.169770730207272	0.7233709374049
HROV-vOTU35445	diagnosis	RA	-1.18089152478286	0.851636981310964	77	48	0.169898145306661	0.723779927194302
HROV-vOTU38312	Smoking_Status	Former_Smoker	0.880135131370651	0.635082605150568	77	10	0.170127493381365	0.7244889372361
HROV-vOTU40997	diagnosis	RA	-0.642690467233194	0.463747549544063	77	43	0.170126434006857	0.7244889372361
HROV-vOTU08559	Sex	M	0.505459841393073	0.364827007751598	77	76	0.170243457876659	0.724714756913024
HROV-vOTU57545	diagnosis	RA	-0.571641332076842	0.412570420438555	77	20	0.170218353484144	0.724714756913024
HROV-vOTU16572	diagnosis	RA	-1.19930136490287	0.865753315921303	77	49	0.170307062497109	0.72485153378459
HROV-vOTU03192	Sex	M	-1.4431495068329	1.04351680808957	77	63	0.171008897384155	0.725096830292907
HROV-vOTU18260	Smoking_Status	Never_Smoker	-0.45486561328551	0.328669280123255	77	77	0.170705491503072	0.725096830292907
HROV-vOTU59570	Age	Age	0.366100461937815	0.264721111439901	77	73	0.171009069766195	0.725096830292907
HROV-vOTU01449	Sex	M	0.481694324806209	0.348217376092286	77	77	0.170902708885441	0.725096830292907
HROV-vOTU32166	diagnosis	RA	-0.95788557051794	0.691842926486958	77	65	0.170528530907	0.725096830292907
HROV-vOTU04583	diagnosis	RA	0.497251788079223	0.359118524035488	77	9	0.17049703870272	0.725096830292907
HROV-vOTU38772	Smoking_Status	Never_Smoker	1.29683390659847	0.936807454244256	77	70	0.170598582147043	0.725096830292907
HROV-vOTU33001	Age	Age	0.348961856250557	0.252092721445633	77	64	0.170614484348656	0.725096830292907
HROV-vOTU35084	Smoking_Status	Never_Smoker	1.5807099710759	1.14301668211995	77	67	0.171020812054616	0.725096830292907
HROV-vOTU66515	Age	Age	0.235973671940617	0.170458034388245	77	10	0.170586869816372	0.725096830292907
HROV-vOTU41414	Smoking_Status	Former_Smoker	0.938591020778096	0.678578660660092	77	9	0.170946356213134	0.725096830292907
HROV-vOTU20688	Sex	M	1.31606377483613	0.951314138832272	77	33	0.170871704199968	0.725096830292907
HROV-vOTU57650	Smoking_Status	Never_Smoker	-1.03100040425283	0.744457228286	77	19	0.170418813860969	0.725096830292907
HROV-vOTU54639	Sex	M	0.526586112887874	0.38078075258282	77	8	0.171025878512856	0.725096830292907
HROV-vOTU26939	Sex	M	0.97203761976273	0.70224650695524	77	14	0.170637964564191	0.725096830292907
HROV-vOTU48561	Smoking_Status	Former_Smoker	2.13619726422551	1.5445355198266	77	58	0.170978192129781	0.725096830292907
HROV-vOTU07169	Smoking_Status	Never_Smoker	1.26632781651115	0.915090607914631	77	44	0.170746253705556	0.725096830292907
HROV-vOTU01895	Age	Age	-0.376130705936488	0.271880282319734	77	24	0.170863836724226	0.725096830292907
HROV-vOTU10710	Sex	M	0.435502042334908	0.314789873663372	77	8	0.1708557042783	0.725096830292907
HROV-vOTU32342	diagnosis	RA	-0.750612154139498	0.542665443868798	77	35	0.170939328449609	0.725096830292907
HROV-vOTU73667	diagnosis	RA	-0.444582823471458	0.321217894214952	77	14	0.170677353386861	0.725096830292907
HROV-vOTU14873	Smoking_Status	Never_Smoker	1.63197503201293	1.18031987569354	77	54	0.171104286931397	0.7252937450682
HROV-vOTU28118	Smoking_Status	Never_Smoker	0.727508176049996	0.526206230226689	77	8	0.171135310929249	0.7252937450682
HROV-vOTU13649	diagnosis	RA	0.726152296241726	0.525468515340701	77	66	0.171330736414173	0.725652336460367
HROV-vOTU43885	diagnosis	RA	0.770558492886366	0.557590635556065	77	44	0.17132185786252	0.725652336460367
HROV-vOTU32413	Age	Age	-0.445222185090236	0.322189530194294	77	68	0.171345957693073	0.725652336460367
HROV-vOTU56498	Sex	M	0.804688135215123	0.582248205729731	77	63	0.171293349610318	0.725652336460367
HROV-vOTU28078	Sex	M	0.492115904684505	0.356315441894653	77	73	0.171572368120597	0.725857503089526
HROV-vOTU29421	Sex	M	1.00231738318441	0.725939639068563	77	56	0.171697004885172	0.725857503089526
HROV-vOTU62742	Smoking_Status	Never_Smoker	-1.95117853081614	1.41331034109014	77	41	0.17174110005796	0.725857503089526
HROV-vOTU49528	diagnosis	RA	-0.708643405390686	0.513186238890217	77	48	0.171650267857975	0.725857503089526
HROV-vOTU14274	Sex	M	0.910666991665049	0.659321506069507	77	52	0.171543555572519	0.725857503089526
HROV-vOTU55559	Smoking_Status	Never_Smoker	0.648561234245571	0.469658504746247	77	15	0.171634642310784	0.725857503089526
HROV-vOTU50395	diagnosis	RA	0.476553536720413	0.345047637298871	77	23	0.171572483072436	0.725857503089526
HROV-vOTU49966	Age	Age	-0.49505042542369	0.358435124415773	77	46	0.171566410311772	0.725857503089526
HROV-vOTU56612	Sex	M	0.806892548197868	0.584458759979288	77	15	0.171738801326805	0.725857503089526
HROV-vOTU46569	Age	Age	-0.193223777555269	0.139885132516521	77	17	0.171517606322781	0.725857503089526
HROV-vOTU43612	Smoking_Status	Never_Smoker	0.901939531132347	0.653148724634855	77	10	0.171638007852391	0.725857503089526
HROV-vOTU33881	Smoking_Status	Former_Smoker	-3.81282670846016	2.76204056967751	77	49	0.171782451684813	0.725889182437504
HROV-vOTU03454	Smoking_Status	Former_Smoker	1.71588484315626	1.24318692011728	77	73	0.171846064587178	0.725889182437504
HROV-vOTU67577	Sex	M	0.830763581872319	0.601898467895162	77	70	0.171843623058457	0.725889182437504
HROV-vOTU34493	Smoking_Status	Former_Smoker	1.50484898114405	1.09037901476494	77	9	0.171881398626241	0.725889182437504
HROV-vOTU01454	Smoking_Status	Former_Smoker	1.9365362674953	1.40325193789634	77	29	0.171906191967614	0.725889182437504
HROV-vOTU68950	diagnosis	RA	0.787395237943909	0.571067478624697	77	52	0.172281055339294	0.725940317935779
HROV-vOTU70488	Smoking_Status	Former_Smoker	-1.46624596149121	1.06531274887203	77	52	0.17303789870695	0.725940317935779
HROV-vOTU13785	Age	Age	0.520113090404254	0.377406445513858	77	68	0.172492561369985	0.725940317935779
HROV-vOTU32680	Smoking_Status	Never_Smoker	-1.48205188502169	1.07641425676223	77	23	0.172887282767878	0.725940317935779
HROV-vOTU70173	Sex	M	0.898049124062475	0.651034515663438	77	64	0.172095137023745	0.725940317935779
HROV-vOTU37802	diagnosis	RA	1.16330352067784	0.84423577463195	77	41	0.172550290461045	0.725940317935779
HROV-vOTU60665	Smoking_Status	Former_Smoker	-1.59463969870216	1.157660882024	77	75	0.172694766807565	0.725940317935779
HROV-vOTU04385	Smoking_Status	Former_Smoker	2.30327864468338	1.67278401765758	77	60	0.172865178265129	0.725940317935779
HROV-vOTU64611	Age	Age	0.477239840373601	0.346594023723336	77	41	0.172856381827006	0.725940317935779
HROV-vOTU08868	Age	Age	0.460736122305424	0.334052330286468	77	29	0.172151982215228	0.725940317935779
HROV-vOTU14455	Age	Age	-0.342129618091526	0.24828518586466	77	70	0.172539975432991	0.725940317935779
HROV-vOTU41678	Smoking_Status	Never_Smoker	0.661867511404921	0.480412426755395	77	73	0.172620982710177	0.725940317935779
HROV-vOTU54408	Smoking_Status	Never_Smoker	-1.29313135152491	0.938749805884622	77	16	0.172683478843885	0.725940317935779
HROV-vOTU43167	Age	Age	-0.4004748861889	0.291000276711137	77	40	0.173084597732756	0.725940317935779
HROV-vOTU23684	Age	Age	-0.40693469161942	0.294944869715051	77	36	0.172009583770596	0.725940317935779
HROV-vOTU69519	Smoking_Status	Former_Smoker	2.21741669693115	1.60887391527375	77	37	0.17245663667701	0.725940317935779
HROV-vOTU46022	Sex	M	-1.31219634893144	0.951433011952744	77	42	0.17216869739035	0.725940317935779
HROV-vOTU60000	Smoking_Status	Never_Smoker	1.79766168467936	1.30423511844757	77	62	0.172430528343078	0.725940317935779
HROV-vOTU56918	Smoking_Status	Former_Smoker	-2.84485777832572	2.06661939806196	77	43	0.17296920220525	0.725940317935779
HROV-vOTU08820	Smoking_Status	Former_Smoker	-2.6145407776916	1.89894698386936	77	63	0.172888636912186	0.725940317935779
HROV-vOTU74953	Sex	M	-0.777022510746365	0.564186542788022	77	21	0.172763406705787	0.725940317935779
HROV-vOTU34175	Smoking_Status	Former_Smoker	1.47140718431584	1.06873214726699	77	20	0.172906775900581	0.725940317935779
HROV-vOTU58516	Age	Age	0.547636048319708	0.397928359546187	77	33	0.173079468848278	0.725940317935779
HROV-vOTU43196	Sex	M	0.782216304760921	0.567682667644325	77	44	0.17255815461617	0.725940317935779
HROV-vOTU12294	Age	Age	0.310716586273457	0.225595553705393	77	20	0.172740937398995	0.725940317935779
HROV-vOTU62203	Age	Age	-0.330606327400706	0.239784744740636	77	20	0.172296405613812	0.725940317935779
HROV-vOTU44189	diagnosis	RA	-0.819977195860334	0.595109489820998	77	55	0.172574086418945	0.725940317935779
HROV-vOTU36710	Smoking_Status	Former_Smoker	1.43996672811821	1.04624918876739	77	13	0.173049989499331	0.725940317935779
HROV-vOTU56246	Sex	M	0.793442988381445	0.576343109692103	77	19	0.172935456946275	0.725940317935779
HROV-vOTU69771	diagnosis	RA	0.297935005884433	0.216326691026385	77	8	0.172762871266143	0.725940317935779
HROV-vOTU12777	Sex	M	1.28758821588768	0.934522700086155	77	19	0.172591413597529	0.725940317935779
HROV-vOTU55195	Smoking_Status	Former_Smoker	1.6057620594718	1.16485757888082	77	19	0.172375631593751	0.725940317935779
HROV-vOTU66926	diagnosis	RA	-0.400872399315528	0.291184221384685	77	15	0.172931848153964	0.725940317935779
HROV-vOTU49166	diagnosis	RA	-0.650884644423062	0.472598558497996	77	30	0.172762669396096	0.725940317935779
HROV-vOTU74610	Smoking_Status	Never_Smoker	1.26715302023931	0.918314337783124	77	15	0.171957133552471	0.725940317935779
HROV-vOTU74372	Age	Age	-0.226928286671537	0.164658917152834	77	12	0.17247802035084	0.725940317935779
HROV-vOTU52056	Smoking_Status	Never_Smoker	0.666682699446023	0.483503557858452	77	9	0.172267253927092	0.725940317935779
HROV-vOTU19387	Smoking_Status	Former_Smoker	2.21370757373298	1.6088084015752	77	61	0.173149018379248	0.726078276269861
HROV-vOTU71080	Smoking_Status	Former_Smoker	1.87313016363754	1.36156433939739	77	32	0.173233157962082	0.726298858158884
HROV-vOTU08682	Smoking_Status	Former_Smoker	2.96930869608638	2.15891426682633	77	41	0.173340468414038	0.726484256155651
HROV-vOTU29370	Smoking_Status	Former_Smoker	1.29835987872641	0.943965876422701	77	17	0.173322062179268	0.726484256155651
HROV-vOTU67392	diagnosis	RA	0.792475276697459	0.576409219036955	77	56	0.173501866359663	0.726631748002009
HROV-vOTU08812	diagnosis	RA	0.789755700195972	0.574381092235342	77	25	0.173464890985998	0.726631748002009
HROV-vOTU52664	Smoking_Status	Never_Smoker	0.78550235985801	0.571297946882113	77	12	0.173472517674166	0.726631748002009
HROV-vOTU16733	Age	Age	-0.394226222352762	0.286726198590397	77	60	0.173479065455546	0.726631748002009
HROV-vOTU35510	diagnosis	RA	0.382591445714551	0.278299835490104	77	14	0.173533632328799	0.726632645914953
HROV-vOTU14654	Smoking_Status	Former_Smoker	0.455520900895896	0.331408757618841	77	8	0.173609862020664	0.726819691389911
HROV-vOTU15386	Age	Age	-0.417516432573256	0.304032402047241	77	30	0.173991908901921	0.727016044126569
HROV-vOTU65815	Sex	M	0.840398979393788	0.611794520988301	77	63	0.173868417992888	0.727016044126569
HROV-vOTU30919	diagnosis	RA	-0.808237637039504	0.588322474453996	77	29	0.173825675557789	0.727016044126569
HROV-vOTU15039	Age	Age	-0.62952037110517	0.458414195058948	77	30	0.173993837747693	0.727016044126569
HROV-vOTU13913	Age	Age	0.47866758735931	0.348572153719797	77	54	0.174004013687609	0.727016044126569
HROV-vOTU20183	diagnosis	RA	0.791744867562618	0.576270402434231	77	53	0.173791139432808	0.727016044126569
HROV-vOTU34520	Smoking_Status	Never_Smoker	1.24007866132564	0.902798081693922	77	47	0.173889279142314	0.727016044126569
HROV-vOTU16803	Age	Age	0.332810660405205	0.242305909910018	77	42	0.173914111492895	0.727016044126569
HROV-vOTU53400	Sex	M	0.667380286117585	0.485886443002459	77	15	0.173908858268183	0.727016044126569
HROV-vOTU11425	Age	Age	-0.224885352899231	0.163695347135407	77	9	0.173824498158355	0.727016044126569
HROV-vOTU27473	diagnosis	RA	0.408457515065101	0.297298870376898	77	8	0.173796333103054	0.727016044126569
HROV-vOTU66549	Sex	M	1.18713948308373	0.864603849003095	77	59	0.174059539380546	0.727116124058401
HROV-vOTU32660	Smoking_Status	Never_Smoker	1.90425429108486	1.3871118683086	77	39	0.174129148325074	0.727237359604401
HROV-vOTU67371	diagnosis	RA	-0.701687873946555	0.511184447844484	77	17	0.174175262800746	0.727237359604401
HROV-vOTU17522	diagnosis	RA	-0.503420420515603	0.36675217241638	77	9	0.174183294640811	0.727237359604401
HROV-vOTU15896	Smoking_Status	Never_Smoker	1.59838022322698	1.16518838093669	77	55	0.174451735392611	0.727563020817293
HROV-vOTU03230	Smoking_Status	Never_Smoker	-1.2377725932458301	0.902410673907954	77	17	0.174498072990316	0.727563020817293
HROV-vOTU53018	Smoking_Status	Never_Smoker	1.71327130913718	1.2485152762707	77	54	0.174306493219873	0.727563020817293
HROV-vOTU03985	Smoking_Status	Former_Smoker	2.23900354256303	1.63242950123715	77	42	0.174514030698859	0.727563020817293
HROV-vOTU01788	Sex	M	1.80304408016245	1.31433576805726	77	58	0.17443600236717	0.727563020817293
HROV-vOTU74251	Smoking_Status	Former_Smoker	1.80611032137942	1.31632544233404	77	13	0.174356703658529	0.727563020817293
HROV-vOTU29003	Smoking_Status	Never_Smoker	0.907882778244846	0.661894646575664	77	26	0.174493890143528	0.727563020817293
HROV-vOTU63062	diagnosis	RA	-0.410174779665661	0.298954133822746	77	9	0.174372966025511	0.727563020817293
HROV-vOTU34371	Age	Age	-0.344117519990074	0.250917216386487	77	67	0.174557150635388	0.727611073146243
HROV-vOTU27906	Sex	M	1.81496113753598	1.32582136376847	77	49	0.175335518742134	0.72780508814353
HROV-vOTU64237	Age	Age	-0.331263438715972	0.242003183883572	77	73	0.175364845181529	0.72780508814353
HROV-vOTU58162	Sex	M	0.704127921239867	0.514535918960398	77	71	0.175479216144801	0.72780508814353
HROV-vOTU17993	Age	Age	0.492737190513435	0.359770407237442	77	67	0.175131902063822	0.72780508814353
HROV-vOTU44039	Smoking_Status	Former_Smoker	0.738408116120667	0.539757782607192	77	76	0.175614975024472	0.72780508814353
HROV-vOTU10604	Sex	M	0.562258565890668	0.410978175122885	77	77	0.175595566255311	0.72780508814353
HROV-vOTU45549	Smoking_Status	Former_Smoker	1.20590097721515	0.880675953164677	77	73	0.175224482198678	0.72780508814353
HROV-vOTU43358	Sex	M	1.08643219678479	0.793154965594755	77	65	0.17507828683686	0.72780508814353
HROV-vOTU21688	diagnosis	RA	-0.404320469625124	0.295178948789808	77	72	0.175082437434811	0.72780508814353
HROV-vOTU05159	Smoking_Status	Former_Smoker	-1.27671067411165	0.932204245532571	77	10	0.175140230267369	0.72780508814353
HROV-vOTU04125	Age	Age	-0.37386224543946	0.273093989097983	77	22	0.175318692352497	0.72780508814353
HROV-vOTU49528	Smoking_Status	Never_Smoker	1.20016058189178	0.876597128131601	77	48	0.175279603079098	0.72780508814353
HROV-vOTU35203	Age	Age	-0.33247974615407	0.242825553763525	77	56	0.175248712306729	0.72780508814353
HROV-vOTU16611	Sex	M	0.951819634315785	0.695736434076597	77	61	0.175602838639035	0.72780508814353
HROV-vOTU01280	Age	Age	-0.574831260457561	0.41936056127955	77	62	0.174776155529336	0.72780508814353
HROV-vOTU67791	Age	Age	-0.342244811082662	0.249849439223653	77	55	0.17506464419818	0.72780508814353
HROV-vOTU31171	Smoking_Status	Former_Smoker	-1.946689013981	1.42064621727897	77	62	0.174915482111406	0.72780508814353
HROV-vOTU04512	diagnosis	RA	0.665857536421871	0.486367402255071	77	39	0.175301631171784	0.72780508814353
HROV-vOTU04512	Smoking_Status	Never_Smoker	1.13914974442053	0.830786634021238	77	39	0.174640425422371	0.72780508814353
HROV-vOTU59597	Smoking_Status	Never_Smoker	1.43957403298763	1.05102344934827	77	23	0.175100822206362	0.72780508814353
HROV-vOTU04808	Smoking_Status	Former_Smoker	1.64516850530219	1.2022850168197	77	49	0.175511519753879	0.72780508814353
HROV-vOTU33092	Smoking_Status	Former_Smoker	-1.48598473711534	1.08521687901428	77	15	0.175222226496471	0.72780508814353
HROV-vOTU27110	Smoking_Status	Former_Smoker	0.93145428320409	0.67998275979303	77	10	0.175059595426644	0.72780508814353
HROV-vOTU53592	Sex	M	-1.03822856926846	0.757774385998241	77	24	0.174971932420125	0.72780508814353
HROV-vOTU28243	diagnosis	RA	-0.909437810816887	0.664316492309555	77	37	0.175320160636471	0.72780508814353
HROV-vOTU11494	diagnosis	RA	-1.03831778647841	0.757379515931987	77	53	0.17471349474075001	0.72780508814353
HROV-vOTU62093	diagnosis	RA	-0.614285103483958	0.448382589666811	77	61	0.175003119713779	0.72780508814353
HROV-vOTU36677	Smoking_Status	Former_Smoker	2.521964488221	1.84094652099742	77	53	0.17502610942362	0.72780508814353
HROV-vOTU27630	Age	Age	-0.404342624303495	0.294924316556956	77	16	0.17469173748834	0.72780508814353
HROV-vOTU29269	diagnosis	RA	-0.628443237133357	0.45932185515176	77	16	0.175564524115358	0.72780508814353
HROV-vOTU64540	Smoking_Status	Former_Smoker	0.850588208872065	0.621693475066397	77	10	0.175570313142685	0.72780508814353
HROV-vOTU16981	Age	Age	0.213693396917689	0.156197769918227	77	8	0.17559659437402	0.72780508814353
HROV-vOTU46389	Sex	M	-1.32553472170518	0.969061251186557	77	26	0.175671586558457	0.727908715084789
HROV-vOTU07216	Sex	M	0.915133519244515	0.669089634628259	77	26	0.175710581514313	0.727939322229649
HROV-vOTU48567	diagnosis	RA	-0.806481685862505	0.589696607003201	77	28	0.175744239155283	0.727947810745715
HROV-vOTU02957	Smoking_Status	Former_Smoker	2.60610547428028	1.90610012461194	77	37	0.175861686383488	0.728303297502558
HROV-vOTU20308	Smoking_Status	Former_Smoker	1.93100327026268	1.41256138575609	77	33	0.175931026901722	0.728459465937912
HROV-vOTU35482	Age	Age	0.593333308019632	0.434327561647168	77	65	0.176220220614482	0.728478133324633
HROV-vOTU74699	Age	Age	0.403114385988151	0.29501310003344	77	18	0.176116392203517	0.728478133324633
HROV-vOTU37702	Smoking_Status	Never_Smoker	-0.657921134032317	0.481377787948807	77	12	0.176017361804088	0.728478133324633
HROV-vOTU53011	Sex	M	0.992860185063807	0.726683155512299	77	74	0.176159622371788	0.728478133324633
HROV-vOTU16618	Smoking_Status	Former_Smoker	-2.30022550655369	1.68334446337416	77	46	0.17610614965478	0.728478133324633
HROV-vOTU00623	diagnosis	RA	0.992052982943668	0.726182799317328	77	41	0.176212780682197	0.728478133324633
HROV-vOTU68967	Sex	M	0.919458346816564	0.672960494648029	77	18	0.176160125967727	0.728478133324633
HROV-vOTU21438	Smoking_Status	Former_Smoker	1.21036464164431	0.885896171101173	77	12	0.1761690545988	0.728478133324633
HROV-vOTU71482	Smoking_Status	Former_Smoker	0.845527539371873	0.618866197434928	77	15	0.176171421159226	0.728478133324633
HROV-vOTU59597	Age	Age	0.429762137885398	0.314801547945135	77	23	0.17650535837373	0.729002583096663
HROV-vOTU29016	Smoking_Status	Never_Smoker	1.57157663820878	1.1511244342966	77	25	0.176483725562699	0.729002583096663
HROV-vOTU01806	diagnosis	RA	-0.370339451057964	0.271237059865038	77	15	0.176446696853599	0.729002583096663
HROV-vOTU74848	diagnosis	RA	-0.991728822511705	0.72633102837133	77	28	0.176439433191173	0.729002583096663
HROV-vOTU20694	Age	Age	0.219076258654625	0.160467818082116	77	10	0.176489550424772	0.729002583096663
HROV-vOTU38878	Sex	M	0.525450487327666	0.384942987743589	77	9	0.176560336392895	0.729098896741683
HROV-vOTU22961	diagnosis	RA	-0.713063609951132	0.522433725916276	77	48	0.17659802201342	0.729123780381689
HROV-vOTU07124	Age	Age	-0.41774056441726	0.306238563409269	77	42	0.176844257141995	0.729541617316046
HROV-vOTU22654	Smoking_Status	Former_Smoker	-1.50533350421302	1.10350480709294	77	76	0.176832716789186	0.729541617316046
HROV-vOTU55299	Age	Age	0.434699718159743	0.31860951709168	77	71	0.176761760918656	0.729541617316046
HROV-vOTU02658	Sex	M	0.844854561653249	0.61936799019991	77	23	0.176857613958988	0.729541617316046
HROV-vOTU39819	Smoking_Status	Former_Smoker	1.88351274860152	1.38065829596147	77	19	0.176809240614426	0.729541617316046
HROV-vOTU26649	Sex	M	-1.50548015026816	1.10423026789954	77	61	0.177071991341024	0.729902982026808
HROV-vOTU04595	Sex	M	0.899350258196712	0.659633565013616	77	38	0.177061427375082	0.729902982026808
HROV-vOTU32409	Smoking_Status	Former_Smoker	1.32319151796552	0.970483281506116	77	24	0.177053027636464	0.729902982026808
HROV-vOTU17311	Smoking_Status	Former_Smoker	0.777643756027368	0.570269084453736	77	12	0.176987853054361	0.729902982026808
HROV-vOTU72148	Age	Age	-0.537775884754728	0.394803095746375	77	62	0.177460613307725	0.730128818545301
HROV-vOTU26908	Age	Age	-0.459641228374341	0.337259912952075	77	66	0.177230642979697	0.730128818545301
HROV-vOTU70617	Age	Age	-0.323740172607343	0.237642719458083	77	72	0.177410069152686	0.730128818545301
HROV-vOTU72186	diagnosis	RA	-1.04374138373642	0.766091756142162	77	48	0.177370633316782	0.730128818545301
HROV-vOTU13353	diagnosis	RA	-0.376549829869365	0.276311669815884	77	8	0.17726119551978	0.730128818545301
HROV-vOTU72437	Age	Age	-0.449608186278859	0.330040277057315	77	66	0.177414810731344	0.730128818545301
HROV-vOTU06709	Sex	M	1.20607052671538	0.884851081012365	77	26	0.177183115466737	0.730128818545301
HROV-vOTU02418	Sex	M	-0.73306889823519	0.538194364963838	77	8	0.177475515684611	0.730128818545301
HROV-vOTU47242	Sex	M	0.718689369226095	0.527618599197893	77	12	0.177460268210061	0.730128818545301
HROV-vOTU73633	Age	Age	0.180572222153192	0.132521962926475	77	8	0.17732043112256	0.730128818545301
HROV-vOTU60901	Smoking_Status	Never_Smoker	0.954925247036458	0.701030131411542	77	9	0.177448873270486	0.730128818545301
HROV-vOTU34646	Sex	M	1.08891658025166	0.79977050251494	77	40	0.177649357483975	0.730289351446983
HROV-vOTU10505	Smoking_Status	Former_Smoker	1.42352775100962	1.04552819378551	77	30	0.17764841029380599	0.730289351446983
HROV-vOTU67547	Age	Age	-0.476794066001869	0.350207701075394	77	65	0.177673088847479	0.730289351446983
HROV-vOTU64916	Smoking_Status	Former_Smoker	2.25961183174736	1.65920721095755	77	51	0.177546884476244	0.730289351446983
HROV-vOTU56492	Smoking_Status	Never_Smoker	1.40835002153605	1.03438295502976	77	21	0.177649336819611	0.730289351446983
HROV-vOTU39112	Smoking_Status	Former_Smoker	-2.41102196909181	1.77210627326175	77	39	0.177962685484905	0.730619357696397
HROV-vOTU39862	Sex	M	1.04096587570418	0.765597485281278	77	37	0.178234353624809	0.730619357696397
HROV-vOTU66996	Age	Age	0.516051712870205	0.379314453892089	77	69	0.177980015197122	0.730619357696397
HROV-vOTU61314	Age	Age	0.606275944727295	0.445736062021562	77	44	0.178079892881361	0.730619357696397
HROV-vOTU00255	Age	Age	-0.44291951778138	0.325419107116723	77	34	0.177794707016141	0.730619357696397
HROV-vOTU75934	Smoking_Status	Never_Smoker	1.07181006476239	0.788053457741543	77	41	0.178109892632223	0.730619357696397
HROV-vOTU67791	Smoking_Status	Never_Smoker	1.13428051164685	0.834168768053012	77	55	0.178204211419118	0.730619357696397
HROV-vOTU15370	Smoking_Status	Former_Smoker	1.3779192903354	1.0132470235054	77	23	0.17816287532611	0.730619357696397
HROV-vOTU07559	Smoking_Status	Never_Smoker	1.92385141713836	1.41444307140063	77	39	0.178086314474181	0.730619357696397
HROV-vOTU22508	Sex	M	0.868179960316302	0.638356389225526	77	55	0.178125285683881	0.730619357696397
HROV-vOTU16037	Age	Age	0.346294005229071	0.254740003355738	77	32	0.178321357282144	0.730619357696397
HROV-vOTU56372	Smoking_Status	Never_Smoker	0.8642704960498	0.635279307039245	77	25	0.177988746650161	0.730619357696397
HROV-vOTU50467	diagnosis	RA	-0.706587444301775	0.519788418092056	77	38	0.17832975101574	0.730619357696397
HROV-vOTU62918	diagnosis	RA	-0.397574953435113	0.292482837704608	77	19	0.178350167988426	0.730619357696397
HROV-vOTU19056	Smoking_Status	Never_Smoker	1.76263764789607	1.29663462545171	77	35	0.1783237219526	0.730619357696397
HROV-vOTU11263	Smoking_Status	Former_Smoker	2.53480334607058	1.86245481574973	77	30	0.177817621102335	0.730619357696397
HROV-vOTU40169	diagnosis	RA	-0.768967629702565	0.565358576733556	77	21	0.178088269220362	0.730619357696397
HROV-vOTU04346	Smoking_Status	Former_Smoker	-1.73203672172351	1.27321454850555	77	23	0.178017816137666	0.730619357696397
HROV-vOTU55741	Age	Age	-0.433909391281985	0.319217342335784	77	22	0.178356145417679	0.730619357696397
HROV-vOTU41845	Smoking_Status	Former_Smoker	-2.0291367778097	1.49334997691575	77	55	0.178516887121551	0.730757893780539
HROV-vOTU36826	diagnosis	RA	-0.763560610621092	0.561904139179315	77	70	0.178485729307951	0.730757893780539
HROV-vOTU50485	Smoking_Status	Never_Smoker	1.61749155265959	1.19031047466309	77	37	0.178485254938477	0.730757893780539
HROV-vOTU22119	diagnosis	RA	-0.424522516920059	0.312409499923222	77	12	0.178490454400957	0.730757893780539
HROV-vOTU30159	Sex	M	0.916228438773545	0.674542485798279	77	40	0.178670187808173	0.731255451434551
HROV-vOTU50707	diagnosis	RA	-0.715605555101803	0.527123734694055	77	52	0.178900649616365	0.731418775193482
HROV-vOTU42237	diagnosis	RA	-0.914860767778251	0.67387674224269	77	45	0.178887406820981	0.731418775193482
HROV-vOTU00662	Age	Age	-0.572000903912971	0.421304259802802	77	54	0.178861397282138	0.731418775193482
HROV-vOTU10994	Age	Age	0.494142010383973	0.363986630951191	77	35	0.17889549895917	0.731418775193482
HROV-vOTU74504	Age	Age	-0.129983740867484	0.0957132058793867	77	8	0.178746517714835	0.731418775193482
HROV-vOTU32362	Sex	M	0.496583616022227	0.365787799154765	77	8	0.17889863481524	0.731418775193482
HROV-vOTU27389	Sex	M	0.488211747975455	0.359652621760379	77	11	0.178936351410009	0.731434890481453
HROV-vOTU75427	diagnosis	RA	-1.00140138646416	0.737905040137532	77	56	0.179052241039978	0.731648884164424
HROV-vOTU51691	Age	Age	-0.528061988462297	0.389107515955099	77	48	0.179044754839995	0.731648884164424
HROV-vOTU32613	Age	Age	0.480552876627957	0.35415838578219	77	68	0.179115550312306	0.731668703325219
HROV-vOTU06193	Smoking_Status	Never_Smoker	1.60566671034142	1.18383529271756	77	65	0.179293019164847	0.731668703325219
HROV-vOTU42045	Smoking_Status	Never_Smoker	1.50863747324106	1.11232844616076	77	38	0.179305153457948	0.731668703325219
HROV-vOTU29060	Smoking_Status	Never_Smoker	1.7994887280801	1.32658075720738	77	65	0.179242285655481	0.731668703325219
HROV-vOTU03824	diagnosis	RA	0.708921402318948	0.52272890114769	77	24	0.179335084051655	0.731668703325219
HROV-vOTU66226	Age	Age	-0.400847828535186	0.295468612321528	77	32	0.179190144940051	0.731668703325219
HROV-vOTU22361	Age	Age	0.26669536550321	0.196630237034067	77	16	0.17929198526048	0.731668703325219
HROV-vOTU75544	Smoking_Status	Never_Smoker	1.64291251046651	1.21101469672249	77	26	0.179193268378806	0.731668703325219
HROV-vOTU05049	Smoking_Status	Never_Smoker	0.606209186102935	0.447001486411844	77	11	0.179343023459438	0.731668703325219
HROV-vOTU18116	Smoking_Status	Former_Smoker	-1.60226835166625	1.18193633569367	77	76	0.179513491232832	0.731673705904434
HROV-vOTU26724	Age	Age	-0.460393291396545	0.339565533522655	77	62	0.179449981259721	0.731673705904434
HROV-vOTU44513	Age	Age	0.336058546137669	0.24795335715186	77	10	0.17960866931954	0.731673705904434
HROV-vOTU05852	Sex	M	-0.567852161039381	0.418820540804776	77	16	0.179448077359008	0.731673705904434
HROV-vOTU13976	Age	Age	-0.348819683920678	0.257377866648577	77	41	0.179623670844479	0.731673705904434
HROV-vOTU67751	Smoking_Status	Never_Smoker	-0.971574202733507	0.716813595393329	77	18	0.17958414612045	0.731673705904434
HROV-vOTU72891	Smoking_Status	Former_Smoker	-1.08991177407754	0.80411715220713	77	15	0.179581893528462	0.731673705904434
HROV-vOTU56647	Age	Age	-0.33316658611522	0.245826158431717	77	33	0.179620152031088	0.731673705904434
HROV-vOTU51012	Smoking_Status	Never_Smoker	0.948705242872441	0.70001620944722	77	8	0.179630183811709	0.731673705904434
HROV-vOTU71928	Sex	M	0.756031355560485	0.557960096910028	77	17	0.179715803255246	0.731893006006777
HROV-vOTU60459	Age	Age	0.436764776941382	0.322417720358339	77	70	0.179822640031773	0.732198620921451
HROV-vOTU23606	diagnosis	RA	-0.878928164907409	0.649043516507353	77	71	0.179970259359159	0.732440024835992
HROV-vOTU23121	Smoking_Status	Never_Smoker	1.3557953748614	1.00107301918024	77	22	0.179921926216521	0.732440024835992
HROV-vOTU63834	Sex	M	0.51723306200219	0.381956462810458	77	16	0.179977338278197	0.732440024835992
HROV-vOTU64574	diagnosis	RA	-1.00145158923329	0.739679239445319	77	50	0.180062367363289	0.732656593706105
HROV-vOTU50392	Age	Age	-0.437114771473222	0.322982302027791	77	23	0.180230490333438	0.732693414365239
HROV-vOTU57710	Smoking_Status	Never_Smoker	1.69455335749107	1.2518391200686	77	55	0.180141386423178	0.732693414365239
HROV-vOTU17427	Sex	M	1.10838082551651	0.818973601905204	77	29	0.180228169279339	0.732693414365239
HROV-vOTU55149	Smoking_Status	Never_Smoker	1.1172066406681	0.825436247119202	77	25	0.180197593818678	0.732693414365239
HROV-vOTU12129	Age	Age	-0.299979499704718	0.221591328200358	77	9	0.180109612840038	0.732693414365239
HROV-vOTU05956	Age	Age	-0.39027161661567	0.288612484065741	77	72	0.180592026268152	0.732936728643519
HROV-vOTU73219	Age	Age	0.597849656518906	0.442104197056357	77	59	0.180576672593105	0.732936728643519
HROV-vOTU14756	Smoking_Status	Never_Smoker	-0.898280181323734	0.664238945988006	77	20	0.180556716564413	0.732936728643519
HROV-vOTU47224	Sex	M	0.980175311650219	0.7248697530303	77	61	0.180600027856688	0.732936728643519
HROV-vOTU47931	Smoking_Status	Former_Smoker	-2.52219540253658	1.86418285477859	77	60	0.180355831953147	0.732936728643519
HROV-vOTU27505	Sex	M	-1.64161827029979	1.21398678928652	77	51	0.180585721288516	0.732936728643519
HROV-vOTU47873	diagnosis	RA	0.830731652152681	0.614363803174986	77	36	0.180608594661397	0.732936728643519
HROV-vOTU04883	Smoking_Status	Never_Smoker	1.79276877374802	1.3255827734723	77	56	0.180527040274952	0.732936728643519
HROV-vOTU49325	Age	Age	0.341958355481731	0.252807610260596	77	30	0.180461986811454	0.732936728643519
HROV-vOTU49234	diagnosis	RA	-0.656254295992141	0.485224450077697	77	27	0.180515093621379	0.732936728643519
HROV-vOTU01645	Smoking_Status	Never_Smoker	1.37979997131377	1.02066938948415	77	22	0.180711778945226	0.733097105708747
HROV-vOTU60854	diagnosis	RA	0.445252326225983	0.329341113315267	77	12	0.180682826401216	0.733097105708747
HROV-vOTU21289	Smoking_Status	Former_Smoker	1.77240689859085	1.31121758161958	77	73	0.180753786878827	0.733138378270408
HROV-vOTU02469	Age	Age	-0.411367154673337	0.304422353654635	77	69	0.180888233591766	0.733176679178142
HROV-vOTU44933	diagnosis	RA	-0.581537610461006	0.430329910587178	77	66	0.180865226648391	0.733176679178142
HROV-vOTU62225	diagnosis	RA	-0.584211590179718	0.432589744776613	77	71	0.181145258555086	0.733176679178142
HROV-vOTU19767	Sex	M	0.593954513238794	0.439472651733187	77	72	0.180820548033446	0.733176679178142
HROV-vOTU01546	Sex	M	0.994684085901348	0.736489946160298	77	25	0.181121053067634	0.733176679178142
HROV-vOTU59590	Smoking_Status	Former_Smoker	2.80188009603299	2.07424537536005	77	57	0.181050551128924	0.733176679178142
HROV-vOTU50340	Smoking_Status	Never_Smoker	1.36114530670971	1.00786004732043	77	23	0.181135028444818	0.733176679178142
HROV-vOTU57988	Age	Age	0.361711171834008	0.267739883641723	77	63	0.180991595496694	0.733176679178142
HROV-vOTU33528	Smoking_Status	Never_Smoker	1.23765634212915	0.916133506248236	77	27	0.180999081839392	0.733176679178142
HROV-vOTU35858	Sex	M	0.628089935716279	0.464928347038182	77	12	0.181004533447766	0.733176679178142
HROV-vOTU23806	Smoking_Status	Former_Smoker	-1.40563104695545	1.04076233172875	77	13	0.181119635704574	0.733176679178142
HROV-vOTU42142	Smoking_Status	Never_Smoker	-0.705814874742604	0.522550358089994	77	17	0.181077095291743	0.733176679178142
HROV-vOTU37133	diagnosis	RA	0.699842763307331	0.51843617542651	77	27	0.181332577846184	0.733268016226074
HROV-vOTU67004	Smoking_Status	Former_Smoker	1.23955532496029	0.918154277973223	77	71	0.181287843328693	0.733268016226074
HROV-vOTU35828	Sex	M	1.17821013396382	0.872987880297629	77	53	0.181422542616421	0.733268016226074
HROV-vOTU61105	Age	Age	0.471302045125569	0.349142938552317	77	43	0.181341625955729	0.733268016226074
HROV-vOTU50930	Smoking_Status	Former_Smoker	2.17941850523132	1.61479682153054	77	60	0.181414394214204	0.733268016226074
HROV-vOTU04983	Sex	M	1.24055473812602	0.919082995195961	77	36	0.181376226156966	0.733268016226074
HROV-vOTU66731	Smoking_Status	Former_Smoker	1.24130924603424	0.919328983412464	77	8	0.181229508470872	0.733268016226074
HROV-vOTU32840	Sex	M	0.527636785473596	0.390932769710412	77	10	0.181404228601884	0.733268016226074
HROV-vOTU64638	diagnosis	RA	-0.679605295210852	0.503597436491527	77	23	0.181463536655964	0.733305009508135
HROV-vOTU44842	diagnosis	RA	0.918892577023586	0.681125569477339	77	29	0.181598250385418	0.733338086599143
HROV-vOTU59949	Smoking_Status	Former_Smoker	1.85961048438878	1.37863534168467	77	63	0.181662778291277	0.733338086599143
HROV-vOTU52713	Smoking_Status	Never_Smoker	1.23448186312296	0.915149560296072	77	47	0.181642857422055	0.733338086599143
HROV-vOTU34183	Smoking_Status	Former_Smoker	2.13322405230357	1.58133623359762	77	67	0.181623382722144	0.733338086599143
HROV-vOTU14274	diagnosis	RA	0.673981691526636	0.499549918461814	77	52	0.18156682611053	0.733338086599143
HROV-vOTU06552	diagnosis	RA	0.556108523074731	0.41221727595121	77	20	0.181602417901067	0.733338086599143
HROV-vOTU16151	Smoking_Status	Former_Smoker	0.972891829150357	0.721316297881368	77	11	0.181696313571858	0.733344917903943
HROV-vOTU29692	diagnosis	RA	-0.860925597731644	0.638358081616297	77	66	0.181733608802796	0.733351820371479
HROV-vOTU00962	diagnosis	RA	0.571234407740026	0.423585798977992	77	12	0.181761710407312	0.733351820371479
HROV-vOTU27969	Smoking_Status	Former_Smoker	-2.44558376782982	1.81460884649043	77	68	0.182033386917292	0.733398717975111
HROV-vOTU19481	Sex	M	1.00938600192251	0.748925924229525	77	38	0.182014610657799	0.733398717975111
HROV-vOTU03337	Smoking_Status	Former_Smoker	1.8516122761246	1.37488244778193	77	75	0.182346550548219	0.733398717975111
HROV-vOTU18330	Age	Age	-0.294305383980869	0.218396053425804	77	73	0.182079200091782	0.733398717975111
HROV-vOTU53087	Smoking_Status	Former_Smoker	-3.63278494690002	2.69655411418286	77	49	0.182201330608472	0.733398717975111
HROV-vOTU35072	diagnosis	RA	0.665799386457741	0.49430699601775	77	18	0.18228475591425	0.733398717975111
HROV-vOTU14671	diagnosis	RA	0.5742388377443	0.426006151657027	77	66	0.18195670089364	0.733398717975111
HROV-vOTU10300	Smoking_Status	Never_Smoker	1.35786833024711	1.00810418128469	77	61	0.18227917849264	0.733398717975111
HROV-vOTU29180	diagnosis	RA	-0.674493635406118	0.500777263023302	77	55	0.182298058593938	0.733398717975111
HROV-vOTU49449	Smoking_Status	Never_Smoker	0.808056725658868	0.599260391117283	77	15	0.181808089546992	0.733398717975111
HROV-vOTU14126	Sex	M	-0.397400577926933	0.295029483889194	77	8	0.182268409644546	0.733398717975111
HROV-vOTU74110	Smoking_Status	Former_Smoker	1.74175533247965	1.29245697392466	77	42	0.182061675187641	0.733398717975111
HROV-vOTU09873	Smoking_Status	Former_Smoker	1.39426798565247	1.03527884342776	77	32	0.182342143013139	0.733398717975111
HROV-vOTU72168	Sex	M	-0.585805167530119	0.434845435730246	77	13	0.182213524909896	0.733398717975111
HROV-vOTU13689	Age	Age	-0.294710667780029	0.21878787638208	77	42	0.182258936214442	0.733398717975111
HROV-vOTU46735	Smoking_Status	Never_Smoker	0.970779988672976	0.720526796060515	77	21	0.182161440217032	0.733398717975111
HROV-vOTU68499	Smoking_Status	Former_Smoker	1.04249463607154	0.773975845255977	77	11	0.182284966217628	0.733398717975111
HROV-vOTU03584	Smoking_Status	Never_Smoker	0.50268066065005	0.372894333865186	77	10	0.181927189478465	0.733398717975111
HROV-vOTU07805	diagnosis	RA	-1.04707953494724	0.777894380351441	77	46	0.182570768144882	0.733565665034589
HROV-vOTU18825	Sex	M	0.857177574263266	0.637877492748339	77	72	0.183292953605738	0.733565665034589
HROV-vOTU20963	Smoking_Status	Never_Smoker	-1.71020302865691	1.27297212628704	77	21	0.183397296199716	0.733565665034589
HROV-vOTU74002	Age	Age	-0.385035212765384	0.286479745673168	77	66	0.183220240964936	0.733565665034589
HROV-vOTU15990	Smoking_Status	Never_Smoker	1.72453208630042	1.28391906483406	77	44	0.183492093471126	0.733565665034589
HROV-vOTU29992	Smoking_Status	Former_Smoker	-2.2133750690094	1.64648437330103	77	70	0.183129743870531	0.733565665034589
HROV-vOTU16355	Smoking_Status	Never_Smoker	1.43518666077147	1.06610483372213	77	68	0.182521590338244	0.733565665034589
HROV-vOTU02169	Smoking_Status	Former_Smoker	-2.50284009166713	1.86330494186735	77	49	0.183476613394807	0.733565665034589
HROV-vOTU46902	diagnosis	RA	0.880481169574828	0.655633619746035	77	38	0.183566605627196	0.733565665034589
HROV-vOTU26706	Sex	M	0.796563004779669	0.593128148627855	77	57	0.183553909502681	0.733565665034589
HROV-vOTU64657	Smoking_Status	Former_Smoker	2.00354312447425	1.49023262527834	77	32	0.183082718697848	0.733565665034589
HROV-vOTU14470	Smoking_Status	Never_Smoker	2.48926968952817	1.84888014988069	77	57	0.182467170548882	0.733565665034589
HROV-vOTU24078	Age	Age	-0.312212849020393	0.232048841528704	77	38	0.182757485101846	0.733565665034589
HROV-vOTU09913	Smoking_Status	Never_Smoker	1.37513359828838	1.02193215777285	77	64	0.182706280089957	0.733565665034589
HROV-vOTU40737	Smoking_Status	Former_Smoker	-1.43834042836114	1.06991920572067	77	15	0.183116496772367	0.733565665034589
HROV-vOTU50212	diagnosis	RA	-0.813385763510569	0.605558085171199	77	52	0.183484990702879	0.733565665034589
HROV-vOTU23304	Smoking_Status	Former_Smoker	-1.15232863220082	0.858004657511951	77	13	0.183538851460062	0.733565665034589
HROV-vOTU18137	Sex	M	1.05543199271243	0.784858603044978	77	35	0.182988929352329	0.733565665034589
HROV-vOTU48217	diagnosis	RA	0.346263427282912	0.257617226181847	77	10	0.183195147023141	0.733565665034589
HROV-vOTU05939	diagnosis	RA	0.738746869513377	0.549928732661222	77	30	0.183436684248292	0.733565665034589
HROV-vOTU26869	Sex	M	-0.926250003827708	0.689362895483509	77	11	0.183345949971822	0.733565665034589
HROV-vOTU75708	Age	Age	-0.343818330076912	0.255628519880178	77	18	0.182908408416814	0.733565665034589
HROV-vOTU50574	Age	Age	-0.39243721067675	0.291631071835206	77	38	0.182692789469167	0.733565665034589
HROV-vOTU50165	Sex	M	0.970264342912769	0.721505411505584	77	27	0.182977334602157	0.733565665034589
HROV-vOTU13265	Smoking_Status	Never_Smoker	1.89823633483081	1.41309158882217	77	48	0.183445921726856	0.733565665034589
HROV-vOTU72547	diagnosis	RA	-0.348805945557088	0.25940250632602	77	10	0.183017919817434	0.733565665034589
HROV-vOTU39998	diagnosis	RA	-0.889523982272256	0.661244126994408	77	33	0.182832653675072	0.733565665034589
HROV-vOTU59028	Sex	M	1.18441133852317	0.881472924102115	77	24	0.183332740213755	0.733565665034589
HROV-vOTU00921	Smoking_Status	Former_Smoker	2.2204443914555	1.65149943343586	77	34	0.183065947066726	0.733565665034589
HROV-vOTU53162	Smoking_Status	Former_Smoker	1.36525519706981	1.0146149620976	77	26	0.182716480519807	0.733565665034589
HROV-vOTU37931	Age	Age	-0.297473831676286	0.22142902625562	77	26	0.18341180155855	0.733565665034589
HROV-vOTU40268	Sex	M	-1.01103813087366	0.752830713815644	77	17	0.183555295708661	0.733565665034589
HROV-vOTU57356	Sex	M	-0.416040278683035	0.309399480367743	77	9	0.183011859380396	0.733565665034589
HROV-vOTU08031	Sex	M	-0.49980039149336	0.372124760762983	77	9	0.183517610451001	0.733565665034589
HROV-vOTU56612	Smoking_Status	Former_Smoker	-1.43453364070218	1.0678027051975	77	15	0.183406318950382	0.733565665034589
HROV-vOTU70227	Smoking_Status	Never_Smoker	1.20263515909439	0.895344173896384	77	18	0.183481877315813	0.733565665034589
HROV-vOTU18501	Age	Age	0.168934222512007	0.125526488068288	77	11	0.182647149122681	0.733565665034589
HROV-vOTU23520	Sex	M	-1.02826980552982	0.765885583018896	77	39	0.183681887990736	0.733861483795215
HROV-vOTU10545	Smoking_Status	Never_Smoker	0.862171054377088	0.642203688751025	77	13	0.183704361879262	0.733861483795215
HROV-vOTU08847	Smoking_Status	Never_Smoker	1.23796292187701	0.923228553479336	77	59	0.184225172380259	0.734086122415474
HROV-vOTU45672	Smoking_Status	Former_Smoker	-2.84413379766985	2.11961991860934	77	42	0.183932290321292	0.734086122415474
HROV-vOTU75805	diagnosis	RA	0.909607782811845	0.678054326445439	77	55	0.184034369949148	0.734086122415474
HROV-vOTU28535	Age	Age	-0.246550034036194	0.183847734183457	77	8	0.184176908146059	0.734086122415474
HROV-vOTU71479	Smoking_Status	Former_Smoker	1.48210826681798	1.1044045824211	77	57	0.183872761055183	0.734086122415474
HROV-vOTU22834	Smoking_Status	Former_Smoker	2.83436801527419	2.11301020974015	77	39	0.184069313223877	0.734086122415474
HROV-vOTU25110	Smoking_Status	Former_Smoker	1.85348227807374	1.38171243710644	77	25	0.184053226239877	0.734086122415474
HROV-vOTU18853	diagnosis	RA	-0.608548531162281	0.453641460466071	77	17	0.184041548943218	0.734086122415474
HROV-vOTU74797	Age	Age	0.224177644004908	0.167158297457425	77	12	0.18415937308651	0.734086122415474
HROV-vOTU53162	diagnosis	RA	0.564196771830703	0.420770969199791	77	26	0.184238722864153	0.734086122415474
HROV-vOTU28484	Age	Age	-0.260138143353425	0.193841065396155	77	19	0.183866261462015	0.734086122415474
HROV-vOTU65659	Age	Age	-0.556081414823595	0.414704321383337	77	36	0.184223765549227	0.734086122415474
HROV-vOTU47526	diagnosis	RA	0.362969310444937	0.270686266015496	77	18	0.184219908709511	0.734086122415474
HROV-vOTU00408	diagnosis	RA	-0.358690860830409	0.267317190748342	77	10	0.183930902501248	0.734086122415474
HROV-vOTU46144	diagnosis	RA	0.526091548065115	0.392016949623704	77	12	0.18386802482281	0.734086122415474
HROV-vOTU70483	Smoking_Status	Never_Smoker	0.958593631340774	0.714977849701377	77	16	0.184281505475068	0.734129574656776
HROV-vOTU10006	diagnosis	RA	-0.817945133115606	0.610221192069023	77	23	0.184386354158343	0.734420224190012
HROV-vOTU00172	Age	Age	0.426816130718612	0.318482747340829	77	15	0.184468172103794	0.734492047640108
HROV-vOTU30231	Smoking_Status	Never_Smoker	0.581564626762366	0.433922094299801	77	10	0.184436924375916	0.734492047640108
HROV-vOTU62383	diagnosis	RA	0.568537148255588	0.42427102811922	77	16	0.184507544760127	0.734521824688976
HROV-vOTU24280	Age	Age	0.271562274418034	0.20286659935865	77	12	0.18496351327605	0.734686048766372
HROV-vOTU50560	Sex	M	0.828321794966002	0.618660284937369	77	62	0.184875639322558	0.734686048766372
HROV-vOTU07899	Age	Age	-0.483448135135891	0.361031876936136	77	49	0.184818216521962	0.734686048766372
HROV-vOTU00059	Smoking_Status	Never_Smoker	-1.2564782479855	0.938259755611121	77	14	0.184790704464363	0.734686048766372
HROV-vOTU01364	diagnosis	RA	0.30021479710732	0.224205204560974	77	11	0.184836131184991	0.734686048766372
HROV-vOTU72000	Sex	M	0.442530769975884	0.330385707658087	77	12	0.184700488354215	0.734686048766372
HROV-vOTU63635	diagnosis	RA	-0.543420511642725	0.405806067768234	77	18	0.184805082002274	0.734686048766372
HROV-vOTU39364	Smoking_Status	Former_Smoker	-0.809569985654655	0.60468240338238	77	9	0.184895401497434	0.734686048766372
HROV-vOTU04551	diagnosis	RA	-1.02904544669902	0.768649193989116	77	49	0.184916068752309	0.734686048766372
HROV-vOTU14738	Smoking_Status	Former_Smoker	2.09784300011041	1.56680225384312	77	59	0.184863708584557	0.734686048766372
HROV-vOTU53418	Age	Age	-0.29685987246992	0.221750840173206	77	27	0.184936205160303	0.734686048766372
HROV-vOTU26157	Smoking_Status	Former_Smoker	1.18444678091123	0.884473306236133	77	10	0.1847917672721	0.734686048766372
HROV-vOTU72848	Age	Age	-0.569814863167087	0.425338957613795	77	17	0.184624211816591	0.734686048766372
HROV-vOTU73023	Smoking_Status	Never_Smoker	1.34749207790422	1.00722332074262	77	31	0.185221770409085	0.73482469810874
HROV-vOTU01741	diagnosis	RA	-1.09435133993556	0.817693853662239	77	53	0.185056281317925	0.73482469810874
HROV-vOTU35097	Sex	M	0.74312609772185	0.555448519542399	77	9	0.185203527462004	0.73482469810874
HROV-vOTU06110	Smoking_Status	Never_Smoker	0.93003439767101	0.695078380307249	77	21	0.185157022152119	0.73482469810874
HROV-vOTU33355	Smoking_Status	Never_Smoker	1.4176635015857	1.05961750124931	77	56	0.185198194493028	0.73482469810874
HROV-vOTU47351	Sex	M	-0.674234139132952	0.503850537771325	77	14	0.185113268462973	0.73482469810874
HROV-vOTU09745	Sex	M	1.19895172791399	0.895865768426652	77	42	0.185063560754048	0.73482469810874
HROV-vOTU04846	Smoking_Status	Former_Smoker	-1.12916912716589	0.844114828483317	77	19	0.18526473342549	0.734868551634349
HROV-vOTU34716	Sex	M	0.678369646769368	0.507227407970958	77	43	0.185358474500949	0.735018515650434
HROV-vOTU69880	Smoking_Status	Never_Smoker	1.0393362631237	0.777141827775987	77	22	0.185366371641238	0.735018515650434
HROV-vOTU12710	Age	Age	-0.328342445231648	0.245540421865105	77	28	0.185418127941653	0.735097174470006
HROV-vOTU10330	Age	Age	0.692091709443888	0.517655537978112	77	59	0.185499371261923	0.735166153874045
HROV-vOTU20031	Age	Age	-0.394843745615147	0.295320669361339	77	50	0.185490734538833	0.735166153874045
HROV-vOTU40109	Smoking_Status	Former_Smoker	-1.29398573296906	0.967921894391708	77	13	0.185532980738579	0.735172840056689
HROV-vOTU58937	Age	Age	-0.166268167644717	0.124381968632768	77	11	0.185570474521312	0.735194912820543
HROV-vOTU47235	Smoking_Status	Former_Smoker	1.07675711383391	0.805591228455081	77	13	0.185619146894013	0.735261257820628
HROV-vOTU48671	Smoking_Status	Never_Smoker	0.467882227090575	0.350086824252066	77	8	0.185661396479239	0.735302142891983
HROV-vOTU29431	diagnosis	RA	-0.722802994622464	0.540949027408454	77	9	0.185758617298517	0.735560687136323
HROV-vOTU42454	diagnosis	RA	0.383869525276247	0.287350743527569	77	10	0.185850956744984	0.735799816716002
HROV-vOTU15600	Age	Age	0.344734085757896	0.258106203822194	77	11	0.185936544472103	0.735961478406502
HROV-vOTU05029	Smoking_Status	Never_Smoker	1.57583842375506	1.17989957782367	77	26	0.185955703119732	0.735961478406502
HROV-vOTU60277	diagnosis	RA	-0.413834526038895	0.309883161898484	77	12	0.185993633143031	0.735985115340893
HROV-vOTU74110	diagnosis	RA	-0.715682843555107	0.53599482945038	77	42	0.186062434156137	0.736130881054086
HROV-vOTU43115	Smoking_Status	Former_Smoker	1.46562683382253	1.09776054172267	77	19	0.18610669498474	0.736179523445305
HROV-vOTU47842	Smoking_Status	Never_Smoker	0.634568382263855	0.475344251011549	77	11	0.186152354151327	0.736233679564669
HROV-vOTU19551	diagnosis	RA	0.812011632818028	0.608732766741792	77	42	0.186487453992766	0.736351600548688
HROV-vOTU37537	diagnosis	RA	0.71727414775073	0.537848269246725	77	68	0.186597826348335	0.736351600548688
HROV-vOTU08047	Sex	M	0.644722878909354	0.483401125862517	77	68	0.186557728136994	0.736351600548688
HROV-vOTU73110	diagnosis	RA	-0.589331702842391	0.441722754972806	77	66	0.186412867652118	0.736351600548688
HROV-vOTU13413	Sex	M	0.54446953251253	0.408206252203175	77	19	0.186529169636537	0.736351600548688
HROV-vOTU67952	Sex	M	0.949055569891538	0.711467056488467	77	23	0.186486176349213	0.736351600548688
HROV-vOTU73260	Age	Age	-0.379853121495305	0.284794748361389	77	31	0.186539395595438	0.736351600548688
HROV-vOTU03367	diagnosis	RA	-0.469915482201593	0.35205948863662	77	10	0.186218918935416	0.736351600548688
HROV-vOTU32998	Smoking_Status	Former_Smoker	0.892245849077464	0.668518188078834	77	9	0.186251352585587	0.736351600548688
HROV-vOTU06659	Smoking_Status	Never_Smoker	1.1505943579635	0.862246780986993	77	18	0.186332116550735	0.736351600548688
HROV-vOTU35278	Smoking_Status	Never_Smoker	0.556599832570028	0.417353607655866	77	8	0.186584303537962	0.736351600548688
HROV-vOTU04926	Age	Age	-0.132364678055275	0.0991947931202148	77	11	0.186339554312352	0.736351600548688
HROV-vOTU42808	Smoking_Status	Never_Smoker	0.878970509900351	0.658835262947342	77	13	0.186425451923982	0.736351600548688
HROV-vOTU48368	Smoking_Status	Former_Smoker	-1.83867886046482	1.38075910415693	77	67	0.187236856296086	0.736579510565026
HROV-vOTU08081	Age	Age	-0.346812820157722	0.260517786187069	77	70	0.187367472666648	0.736579510565026
HROV-vOTU43876	Sex	M	0.675850737692624	0.507888259384907	77	11	0.18754322017266	0.736579510565026
HROV-vOTU18560	Sex	M	0.732988397402654	0.550289053977916	77	17	0.187118248314543	0.736579510565026
HROV-vOTU00572	Age	Age	-0.447169655128799	0.335966693030607	77	42	0.187449410658574	0.736579510565026
HROV-vOTU03452	Age	Age	-0.44490590145661	0.334120386061301	77	55	0.187259701950039	0.736579510565026
HROV-vOTU39924	Smoking_Status	Never_Smoker	-1.2391038181959	0.930300423882659	77	18	0.187140060379621	0.736579510565026
HROV-vOTU41294	Smoking_Status	Never_Smoker	0.84461211488701	0.634356986925334	77	54	0.18730144540965	0.736579510565026
HROV-vOTU50639	Age	Age	-0.404677967701635	0.303695123530319	77	51	0.186952284323868	0.736579510565026
HROV-vOTU54255	Smoking_Status	Former_Smoker	-2.02331632131892	1.51951883487543	77	29	0.187267219988314	0.736579510565026
HROV-vOTU07511	Smoking_Status	Never_Smoker	1.37956796264718	1.03544644961459	77	62	0.187008716211017	0.736579510565026
HROV-vOTU52532	Age	Age	0.320785896505982	0.240880689693787	77	28	0.187211466841328	0.736579510565026
HROV-vOTU16111	Smoking_Status	Former_Smoker	-1.42660105823289	1.07077151472734	77	20	0.187018466641074	0.736579510565026
HROV-vOTU62131	Smoking_Status	Never_Smoker	0.580502944718847	0.436244212282997	77	12	0.18755111810479	0.736579510565026
HROV-vOTU71058	Smoking_Status	Former_Smoker	-1.37913554649829	1.03498401794359	77	23	0.186950713361177	0.736579510565026
HROV-vOTU04775	diagnosis	RA	0.714188058938866	0.535672386445906	77	23	0.186710132705897	0.736579510565026
HROV-vOTU31662	Smoking_Status	Never_Smoker	0.924061714078965	0.694003084617004	77	8	0.1872853977428	0.736579510565026
HROV-vOTU70292	Smoking_Status	Former_Smoker	-1.52665512284129	1.14712521050249	77	17	0.187495555277586	0.736579510565026
HROV-vOTU60677	Smoking_Status	Former_Smoker	1.93979857455544	1.45766248623385	77	17	0.187526119114544	0.736579510565026
HROV-vOTU63177	Smoking_Status	Never_Smoker	1.31966252112518	0.991438081738176	77	35	0.187428152241749	0.736579510565026
HROV-vOTU74280	Smoking_Status	Former_Smoker	1.00394646361643	0.753749396420753	77	15	0.187140962474547	0.736579510565026
HROV-vOTU21132	Smoking_Status	Never_Smoker	0.612965656693069	0.460593808685064	77	9	0.187507666060582	0.736579510565026
HROV-vOTU67200	Smoking_Status	Never_Smoker	0.72214900927284	0.542052515839937	77	10	0.187038798522345	0.736579510565026
HROV-vOTU38231	Age	Age	-0.13600510534086	0.102056676359751	77	10	0.186910129495437	0.736579510565026
HROV-vOTU01630	Smoking_Status	Former_Smoker	0.721980339665935	0.542168164596676	77	9	0.187233454816223	0.736579510565026
HROV-vOTU12332	Age	Age	0.257806789107753	0.19342381049936	77	9	0.186839333290648	0.736579510565026
HROV-vOTU57469	diagnosis	RA	-0.215479089819379	0.161789574993898	77	10	0.187170025622685	0.736579510565026
HROV-vOTU18264	diagnosis	RA	-0.831506238673289	0.624719934174947	77	10	0.187445348995717	0.736579510565026
HROV-vOTU62011	diagnosis	RA	0.794327697106286	0.597181264765166	77	53	0.187733016745132	0.736621914286403
HROV-vOTU40972	diagnosis	RA	-0.745359089476163	0.560434170921203	77	33	0.187785812365413	0.736621914286403
HROV-vOTU18875	diagnosis	RA	-0.825646333362657	0.620568590851507	77	62	0.187621859430472	0.736621914286403
HROV-vOTU04024	diagnosis	RA	-1.04051175785842	0.782122535826035	77	26	0.187654053302153	0.736621914286403
HROV-vOTU17050	Sex	M	1.3210392005301	0.993184320631948	77	33	0.187740728388842	0.736621914286403
HROV-vOTU28137	Smoking_Status	Former_Smoker	-1.36759666181786	1.02827492182821	77	11	0.187777937654595	0.736621914286403
HROV-vOTU72662	Smoking_Status	Former_Smoker	1.30653578586783	0.982155926286715	77	20	0.187685497049623	0.736621914286403
HROV-vOTU35718	Sex	M	1.01214212401395	0.761670337400278	77	29	0.188153885315289	0.737061401396683
HROV-vOTU02921	Smoking_Status	Never_Smoker	-1.27001348677859	0.955539424845825	77	24	0.188068230461127	0.737061401396683
HROV-vOTU04949	Smoking_Status	Former_Smoker	2.03452060533068	1.53086392148636	77	63	0.18810260311037	0.737061401396683
HROV-vOTU09873	Age	Age	-0.291975961379434	0.219660182344702	77	32	0.188032034746994	0.737061401396683
HROV-vOTU14106	Age	Age	-0.423099789181212	0.318376317743564	77	21	0.188126161690518	0.737061401396683
HROV-vOTU58951	Age	Age	0.166432550887493	0.125220822863905	77	11	0.188066227736775	0.737061401396683
HROV-vOTU43519	Smoking_Status	Never_Smoker	0.666084058651969	0.501147739344394	77	11	0.188064672822269	0.737061401396683
HROV-vOTU41782	Smoking_Status	Former_Smoker	-1.08989535519601	0.820065367984019	77	22	0.188091728535246	0.737061401396683
HROV-vOTU66152	diagnosis	RA	-0.740760062393104	0.557524692115034	77	20	0.18821517605693	0.737176106222978
HROV-vOTU64280	Smoking_Status	Never_Smoker	-1.94810962720188	1.46636425779458	77	31	0.188257303465898	0.737215728416874
HROV-vOTU32676	Smoking_Status	Former_Smoker	-1.19693351127895	0.901110093157181	77	73	0.188337045589975	0.737277266689974
HROV-vOTU41906	Age	Age	-0.428513841492166	0.322597467544058	77	53	0.188325258811965	0.737277266689974
HROV-vOTU37691	Age	Age	-0.132710395739973	0.0999253436770352	77	10	0.188400239363035	0.737399305324727
HROV-vOTU25655	Age	Age	0.182351673805485	0.137320702878338	77	9	0.188456080791571	0.737492530268458
HROV-vOTU63713	diagnosis	RA	-0.902971449781351	0.680111364530376	77	48	0.188536247261433	0.737680899495547
HROV-vOTU35300	Smoking_Status	Former_Smoker	-1.71050618452454	1.28853971463896	77	68	0.188603754035913	0.737819679878899
HROV-vOTU53179	Smoking_Status	Former_Smoker	2.14817194189745	1.61855457916666	77	49	0.188689370526838	0.737832942882988
HROV-vOTU54639	Age	Age	0.195899809439248	0.147606721126538	77	8	0.188703258079931	0.737832942882988
HROV-vOTU67371	Sex	M	0.895510729757702	0.674677119495711	77	17	0.188656066487132	0.737832942882988
HROV-vOTU09281	Age	Age	-0.771733718788129	0.581628512585757	77	55	0.188809953220039	0.738086656822193
HROV-vOTU10396	Smoking_Status	Never_Smoker	-0.794953262101412	0.599202799661049	77	14	0.188864293037481	0.738086656822193
HROV-vOTU27152	Age	Age	-0.29446386582289	0.221952949956751	77	27	0.188860947727653	0.738086656822193
HROV-vOTU02203	Smoking_Status	Never_Smoker	-1.12372883552345	0.847145548746006	77	73	0.1889289432278	0.73821404182834
HROV-vOTU08657	diagnosis	RA	-0.533650404524777	0.402350149419731	77	75	0.188980064912662	0.738288531796201
HROV-vOTU15022	diagnosis	RA	0.56838181085293	0.428629278041072	77	13	0.189074981549933	0.738359465599743
HROV-vOTU45964	Smoking_Status	Never_Smoker	0.987087511871113	0.744374329328588	77	27	0.189069013361495	0.738359465599743
HROV-vOTU03023	Age	Age	-0.420499227246769	0.31712184947188	77	33	0.189094404173134	0.738359465599743
HROV-vOTU05758	Smoking_Status	Former_Smoker	-1.13015634100841	0.852835556637193	77	47	0.189361936123071	0.738512905067652
HROV-vOTU52452	diagnosis	RA	-1.28391599510891	0.968728971140487	77	58	0.189300435469728	0.738512905067652
HROV-vOTU42535	Smoking_Status	Former_Smoker	2.54338981201089	1.91926124917088	77	22	0.189356293312547	0.738512905067652
HROV-vOTU66623	diagnosis	RA	0.3756085853283	0.283376752451949	77	10	0.189263222206724	0.738512905067652
HROV-vOTU70587	Smoking_Status	Never_Smoker	0.503607183438841	0.380055308569067	77	9	0.189390239571409	0.738512905067652
HROV-vOTU05258	diagnosis	RA	-0.704266043475485	0.531393291174221	77	18	0.189314164952432	0.738512905067652
HROV-vOTU34727	Smoking_Status	Never_Smoker	-0.852871130460696	0.643310276695515	77	11	0.189170996842358	0.738512905067652
HROV-vOTU01313	Sex	M	0.511580584852843	0.386049508971116	77	9	0.18936412836421	0.738512905067652
HROV-vOTU57265	Age	Age	0.714602806275859	0.539334347904975	77	52	0.189428976149512	0.738538906504699
HROV-vOTU44417	Age	Age	0.294620799047514	0.222553872555314	77	77	0.189810070554708	0.739499824275855
HROV-vOTU03138	diagnosis	RA	-0.391381283835171	0.295663380159639	77	19	0.189835994837988	0.739499824275855
HROV-vOTU73958	Age	Age	-0.280743336950922	0.212025047698155	77	18	0.189715335027887	0.739499824275855
HROV-vOTU64565	Age	Age	-0.164427839133996	0.124206726020502	77	9	0.18980806797805	0.739499824275855
HROV-vOTU14061	Smoking_Status	Former_Smoker	-0.856458588692711	0.646926291180018	77	8	0.189786576645572	0.739499824275855
HROV-vOTU70013	Smoking_Status	Former_Smoker	-1.40264283324586	1.0599250182121	77	22	0.189967552267925	0.739585374682893
HROV-vOTU25063	Smoking_Status	Former_Smoker	-1.21508278189404	0.918500738554003	77	19	0.19011429326617801	0.739585374682893
HROV-vOTU72225	diagnosis	RA	0.434799011318542	0.328571142552636	77	10	0.189980475457896	0.739585374682893
HROV-vOTU75616	Smoking_Status	Never_Smoker	0.784240574545717	0.59280088384112	77	17	0.190100072471872	0.739585374682893
HROV-vOTU35516	diagnosis	RA	-0.87060983911198	0.658067659671016	77	35	0.19008741518793	0.739585374682893
HROV-vOTU06709	Smoking_Status	Former_Smoker	2.13861750212596	1.6166177029076	77	26	0.190114868350965	0.739585374682893
HROV-vOTU42401	Smoking_Status	Never_Smoker	0.484185089285621	0.365944538978648	77	10	0.190043956866987	0.739585374682893
HROV-vOTU42674	Sex	M	0.370577851213577	0.280037702370346	77	10	0.189976622734982	0.739585374682893
HROV-vOTU58889	Age	Age	0.296218790799972	0.224144639877234	77	74	0.19056009807652	0.739645956988554
HROV-vOTU64197	Age	Age	-0.413094140249492	0.312571764049158	77	63	0.190544923150744	0.739645956988554
HROV-vOTU01838	Age	Age	0.460133390505619	0.348182353232458	77	57	0.190567414802813	0.739645956988554
HROV-vOTU00253	diagnosis	RA	0.696789885448988	0.52702401667402	77	67	0.190371309042072	0.739645956988554
HROV-vOTU08500	Smoking_Status	Never_Smoker	1.30411614672168	0.986147968401901	77	36	0.1902676968044	0.739645956988554
HROV-vOTU38862	Age	Age	-0.439900140843143	0.332860870462784	77	49	0.190552926601173	0.739645956988554
HROV-vOTU61105	Sex	M	1.19009650294678	0.900683315002697	77	43	0.190634936084937	0.739645956988554
HROV-vOTU70759	diagnosis	RA	-0.787446613687478	0.595598243632967	77	41	0.190375060271203	0.739645956988554
HROV-vOTU12593	Smoking_Status	Never_Smoker	1.34798020610307	1.02005916346941	77	41	0.190586420090252	0.739645956988554
HROV-vOTU75944	diagnosis	RA	0.315823684463056	0.238803318900782	77	8	0.190237299415774	0.739645956988554
HROV-vOTU07891	Age	Age	0.310112035484604	0.23461214518707	77	16	0.190475487518352	0.739645956988554
HROV-vOTU07961	Age	Age	0.236273423330988	0.178755299150735	77	14	0.190487774785577	0.739645956988554
HROV-vOTU33099	Smoking_Status	Former_Smoker	2.18358519710114	1.65243595193132	77	48	0.190599178480443	0.739645956988554
HROV-vOTU56302	diagnosis	RA	0.537295753523799	0.406642377375687	77	14	0.190644307454801	0.739645956988554
HROV-vOTU54685	Smoking_Status	Never_Smoker	1.11505096191834	0.843669798845593	77	12	0.190521800890467	0.739645956988554
HROV-vOTU38840	diagnosis	RA	0.301894976572313	0.228356510440424	77	9	0.19040049581351	0.739645956988554
HROV-vOTU58254	Age	Age	-0.322539444213615	0.244140909579857	77	15	0.190703326835989	0.739750314474116
HROV-vOTU20840	Age	Age	-0.252966247748916	0.191593509153748	77	9	0.190966209189942	0.739832146537462
HROV-vOTU07700	Sex	M	1.02324478169288	0.77482787520099	77	31	0.190872830695566	0.739832146537462
HROV-vOTU57974	Sex	M	0.587013818162595	0.444474878413574	77	29	0.190845780496734	0.739832146537462
HROV-vOTU10491	Smoking_Status	Former_Smoker	-2.20786552865739	1.67157294911178	77	38	0.190799177192066	0.739832146537462
HROV-vOTU35657	Age	Age	0.418986934577847	0.317262556456572	77	35	0.190865403628631	0.739832146537462
HROV-vOTU06580	Smoking_Status	Never_Smoker	0.875640035847358	0.66317652823797	77	15	0.190951395058764	0.739832146537462
HROV-vOTU26102	Age	Age	0.220810108226624	0.167234677175792	77	11	0.190955279980483	0.739832146537462
HROV-vOTU10496	Smoking_Status	Never_Smoker	0.931935086136129	0.705860606228395	77	12	0.190981420371915	0.739832146537462
HROV-vOTU02128	Age	Age	0.31759127154744	0.240574892359143	77	64	0.191030339618913	0.739897194992189
HROV-vOTU45435	Smoking_Status	Never_Smoker	-0.902450651276204	0.683664599400251	77	12	0.191068589139749	0.739920902621222
HROV-vOTU13522	diagnosis	RA	-0.58225290778472	0.441160704413311	77	74	0.191134746342804	0.740016312944653
HROV-vOTU27624	Smoking_Status	Never_Smoker	1.41384238448603	1.07175032826491	77	55	0.191344266487865	0.740016312944653
HROV-vOTU16495	Smoking_Status	Never_Smoker	-0.587187402438567	0.445150773241541	77	11	0.191382421185339	0.740016312944653
HROV-vOTU22948	diagnosis	RA	0.522193585582936	0.395765105643283	77	30	0.191256741516928	0.740016312944653
HROV-vOTU01448	Smoking_Status	Former_Smoker	2.03544808048596	1.5424866445914	77	63	0.191211718122741	0.740016312944653
HROV-vOTU03100	Age	Age	-0.329627412875257	0.249827407652315	77	36	0.191267640809502	0.740016312944653
HROV-vOTU41784	Age	Age	-0.509940727569423	0.386586755168445	77	41	0.191379258417738	0.740016312944653
HROV-vOTU45071	Age	Age	-0.252190399109434	0.191184813734535	77	18	0.191376805866044	0.740016312944653
HROV-vOTU67775	Age	Age	0.187480825161241	0.142110313270063	77	9	0.191320139279022	0.740016312944653
HROV-vOTU04065	Smoking_Status	Never_Smoker	-0.650276586038214	0.493064242713818	77	77	0.191458172619643	0.740083668689908
HROV-vOTU39819	Smoking_Status	Never_Smoker	1.28986566818772	0.978038056568885	77	19	0.191464111943312	0.740083668689908
HROV-vOTU66207	diagnosis	RA	0.910699255227687	0.690745769265545	77	31	0.191597459872291	0.740350587392426
HROV-vOTU59916	Sex	M	0.387511815606539	0.293918965491946	77	11	0.191596862780341	0.740350587392426
HROV-vOTU66995	Sex	M	0.711998238806871	0.540547745140677	77	72	0.192013799875097	0.74065908724566
HROV-vOTU29160	Age	Age	0.253534636246457	0.192391580390157	77	14	0.191805157215468	0.74065908724566
HROV-vOTU74110	Smoking_Status	Never_Smoker	1.20632405746987	0.915557535614479	77	42	0.191878837966349	0.74065908724566
HROV-vOTU60030	Sex	M	0.642931176745568	0.488020905220931	77	11	0.191931699413947	0.74065908724566
HROV-vOTU31176	Smoking_Status	Former_Smoker	0.855196191256754	0.649288891078856	77	8	0.192031064261565	0.74065908724566
HROV-vOTU46391	diagnosis	RA	-0.690778930287234	0.524406019904562	77	30	0.191986949644039	0.74065908724566
HROV-vOTU29773	Smoking_Status	Former_Smoker	-1.28343714827301	0.974134903870294	77	26	0.191901934700274	0.74065908724566
HROV-vOTU35902	Smoking_Status	Never_Smoker	1.24636179166852	0.945776111992113	77	23	0.191800557863644	0.74065908724566
HROV-vOTU17233	diagnosis	RA	-0.315064500595228	0.23917991086795	77	15	0.191983553577868	0.74065908724566
HROV-vOTU01844	Smoking_Status	Never_Smoker	0.837625654035781	0.635692972678323	77	18	0.19185436176172	0.74065908724566
HROV-vOTU55684	Age	Age	0.200105367136191	0.151855825677865	77	13	0.191829372911815	0.74065908724566
HROV-vOTU62466	diagnosis	RA	-0.800046115533926	0.607565793077133	77	69	0.192138338732894	0.740701102696488
HROV-vOTU21655	diagnosis	RA	-0.916430054718221	0.695870381875435	77	50	0.192088516258839	0.740701102696488
HROV-vOTU63801	Smoking_Status	Never_Smoker	0.947629482536919	0.719738146734705	77	45	0.19219666023796	0.740701102696488
HROV-vOTU50809	Sex	M	1.00954233865458	0.766828652839195	77	28	0.192234932297738	0.740701102696488
HROV-vOTU42914	Smoking_Status	Former_Smoker	1.1118993653733	0.844403521830564	77	18	0.192144670018932	0.740701102696488
HROV-vOTU06659	Sex	M	0.877143413594885	0.666231081744352	77	18	0.192215196496766	0.740701102696488
HROV-vOTU29117	Smoking_Status	Never_Smoker	-1.35922810386354	1.03267376077532	77	16	0.192333059104139	0.740955227696271
HROV-vOTU25214	diagnosis	RA	-0.360063488115692	0.273966023082416	77	76	0.192987785286952	0.740998448675977
HROV-vOTU59503	Sex	M	-1.00500019525473	0.763867541031244	77	76	0.192516314785325	0.740998448675977
HROV-vOTU19159	Sex	M	0.756128892281918	0.575268747746584	77	45	0.19294456940373	0.740998448675977
HROV-vOTU21530	diagnosis	RA	0.479682864770189	0.364654289193015	77	10	0.192592432048023	0.740998448675977
HROV-vOTU43798	Age	Age	0.568403056822675	0.432104384262786	77	56	0.19259764094877	0.740998448675977
HROV-vOTU34854	diagnosis	RA	-0.897256074599264	0.682654868077813	77	46	0.192954530607038	0.740998448675977
HROV-vOTU62981	Smoking_Status	Former_Smoker	1.22937542287301	0.935231871580822	77	60	0.192903885306772	0.740998448675977
HROV-vOTU09776	Smoking_Status	Former_Smoker	-3.16463783553707	2.40661247450531	77	31	0.192749354627025	0.740998448675977
HROV-vOTU53179	diagnosis	RA	-0.883177222162501	0.67123076676372	77	49	0.192488066189646	0.740998448675977
HROV-vOTU56181	Smoking_Status	Former_Smoker	-2.16873251675388	1.65001266476555	77	58	0.19295098850365	0.740998448675977
HROV-vOTU17609	Smoking_Status	Never_Smoker	-0.881829466823107	0.670591277208347	77	18	0.192740390878512	0.740998448675977
HROV-vOTU49591	Smoking_Status	Never_Smoker	0.911683772761502	0.693200211030897	77	16	0.192680835728416	0.740998448675977
HROV-vOTU67577	diagnosis	RA	-0.600138572943656	0.456042048972116	77	70	0.192416579273112	0.740998448675977
HROV-vOTU25786	Age	Age	0.28107286430698	0.213855269739215	77	17	0.192970989931365	0.740998448675977
HROV-vOTU24693	Smoking_Status	Never_Smoker	0.812193446007292	0.617768282926592	77	12	0.192834377863027	0.740998448675977
HROV-vOTU52112	Sex	M	1.30273350662377	0.99042092429677	77	40	0.192629984452376	0.740998448675977
HROV-vOTU10710	diagnosis	RA	-0.313627611953536	0.238507699617741	77	8	0.192755393447116	0.740998448675977
HROV-vOTU20106	Smoking_Status	Never_Smoker	0.992856832021509	0.755009173706456	77	14	0.192732602792567	0.740998448675977
HROV-vOTU50805	diagnosis	RA	0.439705939890691	0.334432295497322	77	12	0.192813875767491	0.740998448675977
HROV-vOTU54655	Sex	M	0.838223381573876	0.637768851837267	77	15	0.192973518524753	0.740998448675977
HROV-vOTU55642	diagnosis	RA	-0.932770800541971	0.70980752425016	77	40	0.193036434921091	0.741061692987618
HROV-vOTU56198	Sex	M	0.6931245941478	0.527649808620256	77	69	0.193207444304804	0.741347457903971
HROV-vOTU16355	Smoking_Status	Former_Smoker	1.97723102030973	1.50497874101835	77	68	0.193145114831938	0.741347457903971
HROV-vOTU22903	Age	Age	0.266952533107023	0.203217641026101	77	28	0.193200234775627	0.741347457903971
HROV-vOTU12978	Age	Age	0.507745861801925	0.386620901789388	77	44	0.193313284131196	0.741630007253282
HROV-vOTU32053	Age	Age	0.401171364888255	0.305587810376615	77	38	0.193482691386797	0.741772454977164
HROV-vOTU25911	diagnosis	RA	0.710220098470315	0.5411167670296	77	23	0.193575877308413	0.741772454977164
HROV-vOTU65868	diagnosis	RA	0.433144538235621	0.330009509319708	77	14	0.193571395612697	0.741772454977164
HROV-vOTU19720	diagnosis	RA	0.836680893176603	0.637431100798542	77	17	0.193550904959909	0.741772454977164
HROV-vOTU61977	diagnosis	RA	-0.724147528111551	0.551662398192351	77	18	0.193523468160258	0.741772454977164
HROV-vOTU74161	diagnosis	RA	-0.324452507295108	0.247146817070378	77	12	0.193480447848251	0.741772454977164
HROV-vOTU22441	Sex	M	1.13515773617012	0.864725610011819	77	33	0.193498916222072	0.741772454977164
HROV-vOTU09011	Sex	M	1.34732794836625	1.02667789758776	77	27	0.193639603390087	0.741893206799816
HROV-vOTU07532	Sex	M	0.646334945576892	0.492831770108743	77	73	0.193923703291596	0.741948279640514
HROV-vOTU05778	Sex	M	0.432608620480445	0.329928390320585	77	77	0.194008360399269	0.741948279640514
HROV-vOTU02440	Age	Age	-0.482545065030415	0.367857702713229	77	68	0.193823213883953	0.741948279640514
HROV-vOTU17050	Smoking_Status	Never_Smoker	1.68610262555898	1.28539482299365	77	33	0.193833928986662	0.741948279640514
HROV-vOTU07603	Sex	M	1.35864312354469	1.03613711093569	77	45	0.193995492703784	0.741948279640514
HROV-vOTU17656	Sex	M	0.576503703390942	0.439348451209835	77	10	0.19368634641354401	0.741948279640514
HROV-vOTU31814	Age	Age	0.226054867420887	0.17236341423989	77	11	0.193913729540692	0.741948279640514
HROV-vOTU51920	diagnosis	RA	-0.671005940580795	0.511680897421992	77	30	0.193955937526132	0.741948279640514
HROV-vOTU00709	Age	Age	0.284534197123533	0.216976842723867	77	18	0.193962101221857	0.741948279640514
HROV-vOTU35469	diagnosis	RA	-0.557376937054958	0.424923577515607	77	8	0.193843353162476	0.741948279640514
HROV-vOTU30498	Smoking_Status	Never_Smoker	1.2954629831795	0.987926561204372	77	18	0.193983137711847	0.741948279640514
HROV-vOTU10574	Sex	M	-1.02593821014923	0.782773862574122	77	36	0.194201728859807	0.742194791842244
HROV-vOTU07149	Smoking_Status	Former_Smoker	1.8436017373208	1.40651441104358	77	59	0.194163136817503	0.742194791842244
HROV-vOTU21132	diagnosis	RA	-0.353449653069914	0.269645424049031	77	9	0.194151384423809	0.742194791842244
HROV-vOTU08478	Smoking_Status	Former_Smoker	1.62418487116844	1.23921638556089	77	17	0.194198254090309	0.742194791842244
HROV-vOTU01231	Age	Age	0.517272013000209	0.39480480353176	77	57	0.194352266733102	0.742646872882586
HROV-vOTU71904	Smoking_Status	Never_Smoker	1.58134158500802	1.2071196863477	77	42	0.194414380045863	0.74265429379225
HROV-vOTU47851	diagnosis	RA	-0.291039992292358	0.222168033090639	77	10	0.194418703311918	0.74265429379225
HROV-vOTU45183	diagnosis	RA	-0.588262969048055	0.449149603016829	77	75	0.194510685578064	0.742757096364265
HROV-vOTU69936	Age	Age	-0.267752684652776	0.204448794068279	77	25	0.194542371049468	0.742757096364265
HROV-vOTU45378	Smoking_Status	Former_Smoker	1.76901678773655	1.35074646743348	77	19	0.194533403089414	0.742757096364265
HROV-vOTU44039	diagnosis	RA	0.293108026793608	0.223842949103792	77	76	0.194608355023124	0.742762747130021
HROV-vOTU47122	Age	Age	-0.226588361818591	0.173034502455273	77	70	0.194587440359676	0.742762747130021
HROV-vOTU08930	diagnosis	RA	0.576883275396568	0.441025444041968	77	73	0.195075592005231	0.742822566779177
HROV-vOTU48965	Age	Age	0.540550294723831	0.413135234608164	77	52	0.194954104940636	0.742822566779177
HROV-vOTU41845	Sex	M	1.06934330752308	0.817380843366415	77	55	0.195006094508632	0.742822566779177
HROV-vOTU36749	Smoking_Status	Never_Smoker	-1.38002085133887	1.05494705778447	77	71	0.195044417262514	0.742822566779177
HROV-vOTU10969	Age	Age	0.250004752848008	0.191073491884271	77	20	0.194950090018675	0.742822566779177
HROV-vOTU48334	Smoking_Status	Former_Smoker	-2.33175416594421	1.78255009930428	77	61	0.195058608504767	0.742822566779177
HROV-vOTU69003	Age	Age	0.19567999613758	0.149505237935005	77	9	0.194805643710214	0.742822566779177
HROV-vOTU73023	Sex	M	1.01862049963842	0.778249913288595	77	31	0.194802283324502	0.742822566779177
HROV-vOTU59733	Smoking_Status	Former_Smoker	1.6848447808148	1.28782455725768	77	38	0.194995432532362	0.742822566779177
HROV-vOTU59249	Smoking_Status	Never_Smoker	0.80062333870538	0.611799357005526	77	15	0.194877551854441	0.742822566779177
HROV-vOTU62036	Smoking_Status	Never_Smoker	1.07055910262047	0.818299127482657	77	13	0.195000140936496	0.742822566779177
HROV-vOTU02205	Smoking_Status	Never_Smoker	0.601396729121671	0.459350259243236	77	16	0.194676589060955	0.742822566779177
HROV-vOTU63272	Sex	M	-0.800101008603954	0.611458340025216	77	9	0.194919490796376	0.742822566779177
HROV-vOTU52850	Smoking_Status	Never_Smoker	0.574977575620593	0.439531997744808	77	9	0.195038902860573	0.742822566779177
HROV-vOTU16562	Smoking_Status	Never_Smoker	0.961839921119447	0.73539300322467	77	13	0.195117252092845	0.742858375880018
HROV-vOTU05670	Smoking_Status	Former_Smoker	1.14314780314855	0.87431761895372	77	29	0.195269851097989	0.743316474510197
HROV-vOTU37008	Smoking_Status	Never_Smoker	-1.75550444808427	1.34401243209186	77	29	0.195711654054233	0.743561098612424
HROV-vOTU11831	Age	Age	0.522697626891295	0.400244242766151	77	48	0.195786126877366	0.743561098612424
HROV-vOTU43787	Smoking_Status	Former_Smoker	1.74278598209115	1.33385661583176	77	49	0.195573070715846	0.743561098612424
HROV-vOTU30351	Smoking_Status	Former_Smoker	2.02237950438655	1.5485890284146	77	66	0.19578506632567	0.743561098612424
HROV-vOTU07994	Smoking_Status	Never_Smoker	-1.49010057722879	1.14075934542766	77	18	0.195688362589055	0.743561098612424
HROV-vOTU67718	Age	Age	-0.430367491310304	0.329473314838708	77	57	0.195690736944985	0.743561098612424
HROV-vOTU50392	Smoking_Status	Former_Smoker	1.98869423986766	1.52224559099312	77	23	0.195625566230114	0.743561098612424
HROV-vOTU24682	diagnosis	RA	-0.727678356339923	0.557183052262554	77	44	0.195769723915904	0.743561098612424
HROV-vOTU47608	Age	Age	0.345556887255346	0.264554086648296	77	30	0.195705113458892	0.743561098612424
HROV-vOTU21204	Age	Age	-0.318364035064584	0.243585960178417	77	33	0.195433933626849	0.743561098612424
HROV-vOTU31026	Smoking_Status	Former_Smoker	-1.20809667813146	0.924396514855502	77	12	0.195462764792684	0.743561098612424
HROV-vOTU30995	Smoking_Status	Never_Smoker	-0.753209066588864	0.576645934268477	77	12	0.195703866334603	0.743561098612424
HROV-vOTU08794	Smoking_Status	Never_Smoker	1.0046415721193	0.768705343304375	77	27	0.19545477858848	0.743561098612424
HROV-vOTU10733	Sex	M	0.344142374046094	0.263416456456505	77	8	0.195613406907119	0.743561098612424
HROV-vOTU17055	Smoking_Status	Never_Smoker	0.943977471138703	0.722889949104446	77	14	0.195822740720096	0.74357752989016
HROV-vOTU16111	Sex	M	-0.765193606764391	0.586083729393561	77	20	0.19590186764887	0.743755359702189
HROV-vOTU38906	diagnosis	RA	1.04285449167243	0.798910903090379	77	40	0.195989679126736	0.743872419721731
HROV-vOTU49540	diagnosis	RA	0.384427822371714	0.294562103048406	77	9	0.196078650586192	0.743872419721731
HROV-vOTU23520	Age	Age	-0.387399894764753	0.296889637673894	77	39	0.196153438187511	0.743872419721731
HROV-vOTU73925	Smoking_Status	Former_Smoker	1.80644605073683	1.38392406389772	77	41	0.196002534210319	0.743872419721731
HROV-vOTU09774	Smoking_Status	Never_Smoker	0.78292754647085006	0.599913350834518	77	12	0.196083630581986	0.743872419721731
HROV-vOTU70414	Smoking_Status	Former_Smoker	1.31791897641758	1.01001895018694	77	18	0.196158801778987	0.743872419721731
HROV-vOTU12682	Smoking_Status	Former_Smoker	1.3792349505764	1.05696572862321	77	18	0.196140319029872	0.743872419721731
HROV-vOTU54421	Age	Age	0.331953263541723	0.254450337519676	77	23	0.196245607534882	0.744079081581877
HROV-vOTU01231	Smoking_Status	Former_Smoker	-2.42721393172534	1.86075171210903	77	57	0.196300868718728	0.744166091620133
HROV-vOTU57537	diagnosis	RA	-0.985527031185769	0.75565962810433	77	71	0.196379579253513	0.744341953622186
HROV-vOTU28978	Smoking_Status	Never_Smoker	0.926540302968588	0.710756100643682	77	75	0.196581826385711	0.74484812490392
HROV-vOTU28719	Smoking_Status	Never_Smoker	-1.64694239884485	1.26346291480886	77	27	0.196610149860657	0.74484812490392
HROV-vOTU18154	diagnosis	RA	-1.37424137732119	1.05422610951204	77	48	0.196596560819251	0.74484812490392
HROV-vOTU48567	Smoking_Status	Never_Smoker	1.31277862852458	1.00728802332234	77	28	0.19668968740868	0.745026891615446
HROV-vOTU23789	Smoking_Status	Never_Smoker	1.19670366005271	0.918425841098398	77	27	0.196786778622565	0.745261611477063
HROV-vOTU34253	diagnosis	RA	-0.321119165365181	0.246463578793814	77	9	0.196816375206405	0.745261611477063
HROV-vOTU60379	Smoking_Status	Never_Smoker	1.41661853052275	1.08744042069655	77	49	0.196883655071775	0.745393814943772
HROV-vOTU48056	Smoking_Status	Never_Smoker	0.850952214726016	0.653282569322523	77	73	0.196927823908959	0.745438491884178
HROV-vOTU06705	Age	Age	0.318743444723744	0.245003193331122	77	50	0.19747282595868	0.745663089330775
HROV-vOTU66152	Sex	M	0.957396826154215	0.735838413922834	77	20	0.197432020196608	0.745663089330775
HROV-vOTU00489	diagnosis	RA	-0.273762859954647	0.210262462018971	77	74	0.197122817989682	0.745663089330775
HROV-vOTU17285	Age	Age	-0.50674569571861094	0.389492232677248	77	38	0.197450643000566	0.745663089330775
HROV-vOTU10186	Sex	M	1.18989117799505	0.914314143932821	77	41	0.197327719348498	0.745663089330775
HROV-vOTU29117	Smoking_Status	Former_Smoker	-1.89729755619583	1.45778539522071	77	16	0.197297082754458	0.745663089330775
HROV-vOTU53334	Smoking_Status	Never_Smoker	1.34861970241705	1.03623435611011	77	72	0.197307625237623	0.745663089330775
HROV-vOTU17122	diagnosis	RA	-0.877888676579833	0.674563222373823	77	60	0.197322639972906	0.745663089330775
HROV-vOTU27588	diagnosis	RA	-0.433644216126682	0.333229282851792	77	20	0.197349547853189	0.745663089330775
HROV-vOTU70483	Age	Age	0.278753424320631	0.214149488265029	77	16	0.197234563832627	0.745663089330775
HROV-vOTU16998	Sex	M	-0.687187480432471	0.527955997126054	77	25	0.197260724696639	0.745663089330775
HROV-vOTU49689	Smoking_Status	Former_Smoker	1.64037760882288	1.26022231707568	77	33	0.197241194818033	0.745663089330775
HROV-vOTU23278	Sex	M	0.619852358333077	0.476424562458947	77	18	0.197447739506474	0.745663089330775
HROV-vOTU39131	Smoking_Status	Never_Smoker	0.723089813158366	0.555754370822917	77	15	0.197432194596963	0.745663089330775
HROV-vOTU22923	Age	Age	-0.258272213524148	0.19848408449652	77	9	0.197388709833401	0.745663089330775
HROV-vOTU24417	diagnosis	RA	-0.873940987401389	0.671820009222546	77	67	0.197513973965998	0.74569620007163
HROV-vOTU71437	diagnosis	RA	-1.12763489975861	0.867105965108843	77	45	0.197649480154196	0.745840984425877
HROV-vOTU16611	Smoking_Status	Never_Smoker	1.17108860071006	0.900433073652527	77	61	0.197606653885662	0.745840984425877
HROV-vOTU47996	diagnosis	RA	-0.470335735343901	0.361645114631621	77	18	0.197619855078775	0.745840984425877
HROV-vOTU63277	Age	Age	0.283014622850432	0.21766303069369	77	72	0.19772307161661	0.74599645139753
HROV-vOTU60854	Smoking_Status	Never_Smoker	-0.731338339357237	0.562562773959313	77	12	0.19780148907289	0.746170072620584
HROV-vOTU04461	diagnosis	RA	-0.764792342351876	0.588923747481657	77	41	0.198273998335908	0.746506404598097
HROV-vOTU16714	diagnosis	RA	-0.407712056703485	0.314235131217532	77	75	0.198667919686838	0.746506404598097
HROV-vOTU44039	Smoking_Status	Never_Smoker	0.496346492476142	0.382356484774855	77	76	0.198445540493096	0.746506404598097
HROV-vOTU15017	Age	Age	0.278050864764514	0.214150325645261	77	22	0.198354626246022	0.746506404598097
HROV-vOTU41713	Smoking_Status	Never_Smoker	-1.55116738470678	1.19450130583525	77	62	0.198286689512104	0.746506404598097
HROV-vOTU18442	diagnosis	RA	-0.851545628892427	0.655838636421901	77	66	0.198349096050445	0.746506404598097
HROV-vOTU29848	Age	Age	-0.431312309801421	0.332354409388754	77	44	0.198574342267311	0.746506404598097
HROV-vOTU10338	Sex	M	-1.43067837457391	1.10188513218615	77	61	0.198354443937339	0.746506404598097
HROV-vOTU73249	Smoking_Status	Never_Smoker	1.45666901024183	1.12172423637397	77	69	0.198283889700257	0.746506404598097
HROV-vOTU27505	Age	Age	-0.611176702600784	0.470592613313724	77	51	0.198235990864828	0.746506404598097
HROV-vOTU72225	Smoking_Status	Never_Smoker	-0.728403731662373	0.561247551320593	77	10	0.198546458270366	0.746506404598097
HROV-vOTU33822	Sex	M	1.2408107650471	0.956316123392748	77	30	0.198662547887005	0.746506404598097
HROV-vOTU20277	diagnosis	RA	-0.7320379006232	0.564182608657576	77	19	0.198652537251412	0.746506404598097
HROV-vOTU60666	Smoking_Status	Never_Smoker	1.03139847475014	0.79482469393306	77	56	0.198610380653423	0.746506404598097
HROV-vOTU44936	Smoking_Status	Former_Smoker	1.55342468208981	1.19716170372648	77	35	0.198628513213051	0.746506404598097
HROV-vOTU27610	Smoking_Status	Former_Smoker	1.47874069832813	1.1383692101608	77	48	0.198146957417952	0.746506404598097
HROV-vOTU30174	Sex	M	0.702354829831444	0.54132541483652	77	32	0.198668595474674	0.746506404598097
HROV-vOTU72437	diagnosis	RA	-0.837991992626105	0.645085749715308	77	66	0.198133138411252	0.746506404598097
HROV-vOTU28075	Age	Age	-0.218251447333768	0.168007373204389	77	18	0.198126634921252	0.746506404598097
HROV-vOTU20478	Smoking_Status	Never_Smoker	1.37179635279131	1.05669060235882	77	37	0.198419697256954	0.746506404598097
HROV-vOTU49719	Smoking_Status	Never_Smoker	0.788897039274919	0.607798350892071	77	12	0.198502423861746	0.746506404598097
HROV-vOTU46194	diagnosis	RA	-0.313219965580159	0.24138201402584	77	8	0.198621212963406	0.746506404598097
HROV-vOTU53190	Age	Age	-0.272471327220775	0.209680446034345	77	15	0.197989758619794	0.746506404598097
HROV-vOTU17706	Sex	M	-0.662750717318469	0.510628858929426	77	14	0.198518725499261	0.746506404598097
HROV-vOTU07014	Age	Age	0.514282637996509	0.396432097532022	77	68	0.198735118786445	0.746567615759352
HROV-vOTU17878	Smoking_Status	Former_Smoker	1.69377316912322	1.30567919811605	77	43	0.198749720026947	0.746567615759352
HROV-vOTU05314	Smoking_Status	Never_Smoker	1.01324333030357	0.78131068165911	77	43	0.198881323346321	0.746755216412147
HROV-vOTU61421	Smoking_Status	Never_Smoker	1.68854661199535	1.30209684610779	77	21	0.198901995493799	0.746755216412147
HROV-vOTU67489	Smoking_Status	Former_Smoker	-1.06452991029188	0.820880982616733	77	13	0.198893913487365	0.746755216412147
HROV-vOTU43248	Smoking_Status	Never_Smoker	1.3062827256411	1.00763407609621	77	16	0.199040434512956	0.746755216412147
HROV-vOTU73950	diagnosis	RA	-0.649169015824139	0.5007738808324	77	45	0.199059065286764	0.746755216412147
HROV-vOTU29204	diagnosis	RA	-0.560018683372853	0.43195273535937	77	36	0.199007771893855	0.746755216412147
HROV-vOTU11046	Age	Age	-0.164068947215335	0.126553287055103	77	8	0.199021395137261	0.746755216412147
HROV-vOTU18348	Age	Age	-0.146325428808215	0.112870056068436	77	10	0.19903355735142	0.746755216412147
HROV-vOTU02740	diagnosis	RA	0.704390172047765	0.543522051427867	77	19	0.199181754647109	0.747038920727815
HROV-vOTU15902	Sex	M	1.20960527026497	0.933462102216981	77	22	0.199232003956154	0.747038920727815
HROV-vOTU44958	diagnosis	RA	-0.53441198122567	0.412388495150105	77	14	0.19920882586910801	0.747038920727815
HROV-vOTU57852	Age	Age	-0.41591116437111	0.321005122569017	77	66	0.199291691348324	0.747141079562411
HROV-vOTU27690	Sex	M	1.00645773474367	0.77720680465015	77	44	0.19952661751582	0.747291917610885
HROV-vOTU46243	Age	Age	0.274641626216222	0.212056427961023	77	15	0.19946935551867	0.747291917610885
HROV-vOTU47446	Smoking_Status	Never_Smoker	0.887486329124903	0.685213130882929	77	14	0.199447796826131	0.747291917610885
HROV-vOTU74773	Sex	M	-0.582765592039592	0.449906217110502	77	10	0.199411061124493	0.747291917610885
HROV-vOTU73439	Smoking_Status	Never_Smoker	1.50092215385747	1.15875532980231	77	29	0.19941667097348	0.747291917610885
HROV-vOTU11859	Sex	M	-0.702216662634479	0.54224309561082	77	13	0.199508046823207	0.747291917610885
HROV-vOTU69371	diagnosis	RA	-0.981338202693346	0.757925515013819	77	21	0.199594930735232	0.747426220297951
HROV-vOTU00893	diagnosis	RA	-0.690379897498666	0.53332291057408	77	71	0.199691404769354	0.74752235831204
HROV-vOTU65540	Smoking_Status	Former_Smoker	1.93483734213961	1.49470182289597	77	53	0.199699591474367	0.74752235831204
HROV-vOTU10690	Age	Age	-0.317661621022195	0.245446165633865	77	54	0.199782896891472	0.74752235831204
HROV-vOTU67099	Sex	M	1.3912943433736	1.07499778371034	77	47	0.199779872879131	0.74752235831204
HROV-vOTU69601	Smoking_Status	Former_Smoker	0.809190712716996	0.625181058197508	77	15	0.199745457036589	0.74752235831204
HROV-vOTU27389	diagnosis	RA	-0.352612800259503	0.272498979968105	77	11	0.199859971304916	0.74768926886813
HROV-vOTU00850	Sex	M	0.808154539867128	0.624605707599717	77	19	0.199905751693112	0.74773907121851
HROV-vOTU68369	Smoking_Status	Former_Smoker	1.36167893899588	1.05267899956552	77	58	0.200018062845786	0.748037672513551
HROV-vOTU08876	Sex	M	-0.558320122002086	0.43168215184161	77	11	0.200079058550323	0.748144295894454
HROV-vOTU46469	Smoking_Status	Never_Smoker	1.12563259384502	0.870383400037601	77	17	0.200112978418182	0.748149657949794
HROV-vOTU57371	Smoking_Status	Never_Smoker	-1.4219824870969	1.09982639088936	77	32	0.200231716765769	0.748472072247309
HROV-vOTU07934	Smoking_Status	Former_Smoker	-2.18966127224554	1.69388447053956	77	63	0.200310539787307	0.748523727292177
HROV-vOTU31714	Smoking_Status	Never_Smoker	0.88039264250935	0.681033608211689	77	58	0.200295473746684	0.748523727292177
HROV-vOTU00758	Smoking_Status	Never_Smoker	1.65968938435264	1.28756652706356	77	62	0.201577717113275	0.748548882068324
HROV-vOTU32042	Smoking_Status	Former_Smoker	-2.10613372708103	1.63279443146529	77	66	0.20127271301219	0.748548882068324
HROV-vOTU66084	Smoking_Status	Former_Smoker	-1.96360782176728	1.5249570017177	77	58	0.202049895831115	0.748548882068324
HROV-vOTU33597	Age	Age	0.311423071033946	0.241368281592658	77	52	0.201153585108934	0.748548882068324
HROV-vOTU66841	Smoking_Status	Never_Smoker	1.02911477377048	0.79928346145501	77	63	0.202084983533976	0.748548882068324
HROV-vOTU04065	Age	Age	0.190406191258472	0.147682134912361	77	77	0.201479248030031	0.748548882068324
HROV-vOTU70023	Sex	M	0.335798476374178	0.260742609171872	77	77	0.201978471809233	0.748548882068324
HROV-vOTU07548	Smoking_Status	Never_Smoker	-1.68244453678822	1.305900366175	77	71	0.201810105777007	0.748548882068324
HROV-vOTU28970	diagnosis	RA	0.833451993966315	0.647064573608526	77	24	0.201910449804958	0.748548882068324
HROV-vOTU52476	diagnosis	RA	-0.921934389799649	0.713412145898246	77	50	0.200447430390261	0.748548882068324
HROV-vOTU13389	Sex	M	-0.917376587215274	0.711977609697264	77	20	0.201758162987955	0.748548882068324
HROV-vOTU16763	Sex	M	0.502711608568189	0.390241208933216	77	75	0.201856225149932	0.748548882068324
HROV-vOTU07112	diagnosis	RA	-0.658328952908395	0.510630415541029	77	72	0.201496514247017	0.748548882068324
HROV-vOTU31292	diagnosis	RA	-0.521556290391087	0.404690731215051	77	69	0.201659002526387	0.748548882068324
HROV-vOTU16599	diagnosis	RA	-0.345864144789064	0.268350359105468	77	8	0.201632903739303	0.748548882068324
HROV-vOTU19384	Age	Age	-0.352200751338581	0.273556307379508	77	54	0.202104947837639	0.748548882068324
HROV-vOTU29342	diagnosis	RA	0.67036073724493	0.51938075567707	77	54	0.200997587672497	0.748548882068324
HROV-vOTU18091	diagnosis	RA	0.723282625924999	0.560075029991652	77	63	0.200752477104305	0.748548882068324
HROV-vOTU15737	Sex	M	0.784748513081104	0.609152539921894	77	64	0.201837073156056	0.748548882068324
HROV-vOTU72148	Smoking_Status	Never_Smoker	1.70254970940966	1.31812347878622	77	62	0.200668558256404	0.748548882068324
HROV-vOTU57796	Smoking_Status	Never_Smoker	1.08133822908238	0.839688482411864	77	25	0.202002450437201	0.748548882068324
HROV-vOTU30674	Smoking_Status	Never_Smoker	2.26586499899218	1.75880493102413	77	44	0.201824842734781	0.748548882068324
HROV-vOTU60097	Age	Age	-0.226661094401644	0.175577766719146	77	26	0.200910704813553	0.748548882068324
HROV-vOTU60343	Smoking_Status	Never_Smoker	-1.96934768221792	1.52906422254788	77	60	0.201947715621909	0.748548882068324
HROV-vOTU18867	Smoking_Status	Former_Smoker	1.66223963632995	1.29031669746066	77	26	0.201844387888433	0.748548882068324
HROV-vOTU28292	diagnosis	RA	0.745758739379093	0.578144937612084	77	36	0.201265336189729	0.748548882068324
HROV-vOTU01295	Smoking_Status	Never_Smoker	1.52856193216055	1.18684199049297	77	42	0.201954423429245	0.748548882068324
HROV-vOTU31729	Sex	M	0.767004742455222	0.5947179125966	77	64	0.20134185168925	0.748548882068324
HROV-vOTU06271	Smoking_Status	Never_Smoker	1.0278424802977	0.796238671027462	77	56	0.200935477326813	0.748548882068324
HROV-vOTU43815	Smoking_Status	Never_Smoker	-0.758378696090805	0.588906644925132	77	18	0.20200624034128	0.748548882068324
HROV-vOTU27588	Smoking_Status	Never_Smoker	0.735379657278056	0.569204336010504	77	20	0.200566385885439	0.748548882068324
HROV-vOTU46317	Smoking_Status	Never_Smoker	1.08865347651304	0.843293863664765	77	48	0.200907359758001	0.748548882068324
HROV-vOTU43190	Smoking_Status	Never_Smoker	0.796706472431743	0.618083474519984	77	26	0.201583797339769	0.748548882068324
HROV-vOTU31463	diagnosis	RA	-0.710486659268718	0.551550052667807	77	39	0.201871406738823	0.748548882068324
HROV-vOTU17618	Sex	M	-0.841690795404545	0.652397413918216	77	15	0.20118459534703	0.748548882068324
HROV-vOTU39364	Age	Age	0.165513541260012	0.128298426873894	77	9	0.201213463385025	0.748548882068324
HROV-vOTU10378	Smoking_Status	Former_Smoker	2.74563832307429	2.12431975810917	77	52	0.200381946141128	0.748548882068324
HROV-vOTU22134	diagnosis	RA	-0.739533213623001	0.573187633096417	77	59	0.20116354571908	0.748548882068324
HROV-vOTU37012	Smoking_Status	Former_Smoker	1.80458630216089	1.39819869064222	77	45	0.201011891296983	0.748548882068324
HROV-vOTU16315	Age	Age	-0.556846130556745	0.430932982346474	77	67	0.200482309434749	0.748548882068324
HROV-vOTU51865	Smoking_Status	Never_Smoker	1.85182766117771	1.43603369076297	77	30	0.201394264236754	0.748548882068324
HROV-vOTU06106	diagnosis	RA	0.560902864139465	0.435204884594821	77	24	0.201642616533898	0.748548882068324
HROV-vOTU70337	diagnosis	RA	-0.545585055216129	0.423538750986532	77	10	0.20187313478329	0.748548882068324
HROV-vOTU48854	Smoking_Status	Never_Smoker	1.01080090228004	0.784416220258123	77	13	0.201719427150767	0.748548882068324
HROV-vOTU46177	Smoking_Status	Former_Smoker	1.24234748340131	0.961315845395144	77	17	0.200429535768208	0.748548882068324
HROV-vOTU30602	Smoking_Status	Never_Smoker	0.860051045675411	0.667966710524241	77	18	0.202078387668925	0.748548882068324
HROV-vOTU51304	diagnosis	RA	-0.619420917353365	0.479282219323439	77	10	0.200411540934805	0.748548882068324
HROV-vOTU47650	Sex	M	-0.761362737697035	0.589309466943565	77	12	0.200561479939294	0.748548882068324
HROV-vOTU12145	Smoking_Status	Never_Smoker	1.08296484584813	0.839777315234834	77	16	0.201379612336149	0.748548882068324
HROV-vOTU25356	Smoking_Status	Never_Smoker	1.33844252623699	1.03919258998958	77	26	0.201940512147585	0.748548882068324
HROV-vOTU25315	Age	Age	-0.272473127372346	0.21098031103084	77	13	0.20073205461101	0.748548882068324
HROV-vOTU20955	Smoking_Status	Never_Smoker	0.737283460511579	0.572649148149929	77	10	0.202102558031374	0.748548882068324
HROV-vOTU67717	Smoking_Status	Never_Smoker	0.737612300369001	0.571098680068307	77	9	0.200695932344673	0.748548882068324
HROV-vOTU30746	Smoking_Status	Never_Smoker	0.838907590723474	0.649927029751023	77	11	0.200970101184202	0.748548882068324
HROV-vOTU49568	diagnosis	RA	-0.508178588687321	0.393523599194468	77	11	0.200769123206684	0.748548882068324
HROV-vOTU23568	Smoking_Status	Never_Smoker	0.644461849687038	0.500725096387046	77	8	0.202254580229937	0.748893941492577
HROV-vOTU06266	diagnosis	RA	-0.427228886189816	0.331948794779048	77	15	0.202263148766124	0.748893941492577
HROV-vOTU41109	diagnosis	RA	-0.695576403785771	0.540589336537963	77	69	0.202378352823956	0.74907963123364
HROV-vOTU50340	Age	Age	-0.388430248028271	0.301873286657181	77	23	0.20236705949663	0.74907963123364
HROV-vOTU07483	Sex	M	0.641045445188773	0.498511435588056	77	71	0.202649289141505	0.749119282332079
HROV-vOTU51319	Smoking_Status	Never_Smoker	-1.1871493776652	0.923153862912417	77	28	0.202631217101918	0.749119282332079
HROV-vOTU73443	Age	Age	-0.392299135241488	0.30504040238295	77	66	0.202601714124811	0.749119282332079
HROV-vOTU41678	Sex	M	-0.477476529203529	0.371199635438829	77	73	0.202514879109833	0.749119282332079
HROV-vOTU63613	diagnosis	RA	-0.709114371385997	0.551404777902	77	63	0.20261633136087	0.749119282332079
HROV-vOTU54797	Age	Age	0.437601965373879	0.340164882080969	77	23	0.202468332010061	0.749119282332079
HROV-vOTU56568	Sex	M	0.957348493700004	0.744258047116599	77	32	0.202512791166979	0.749119282332079
HROV-vOTU00742	Sex	M	1.23218755587963	0.958056538696395	77	46	0.202575309961881	0.749119282332079
HROV-vOTU50804	Age	Age	0.31845226940538	0.247727372048014	77	74	0.202796622899073	0.749471932174065
HROV-vOTU48679	Sex	M	-1.01035496312127	0.786275399435722	77	68	0.202972489838022	0.749471932174065
HROV-vOTU24198	Age	Age	0.383446931457603	0.298388669293259	77	46	0.202948175131623	0.749471932174065
HROV-vOTU61992	Smoking_Status	Never_Smoker	0.928797501765657	0.722781501648694	77	53	0.20295735631039	0.749471932174065
HROV-vOTU46243	Smoking_Status	Former_Smoker	1.28445451410317	0.999441642711563	77	15	0.2029087457381	0.749471932174065
HROV-vOTU50930	Sex	M	1.13590734187062	0.88385442679289	77	60	0.202907844505763	0.749471932174065
HROV-vOTU56248	diagnosis	RA	-0.533230285601517	0.414882101692372	77	8	0.202879115915627	0.749471932174065
HROV-vOTU61773	Smoking_Status	Never_Smoker	0.459043749759824	0.357280094629997	77	12	0.203028050474499	0.749556909654972
HROV-vOTU58536	Smoking_Status	Former_Smoker	1.45425008686469	1.1322937877906	77	59	0.203198033054227	0.749592559516217
HROV-vOTU25809	Smoking_Status	Former_Smoker	1.80774309924309	1.40747328801971	77	42	0.203180982652715	0.749592559516217
HROV-vOTU38490	Age	Age	0.240482337760912	0.187190066407761	77	11	0.203074193001624	0.749592559516217
HROV-vOTU15898	diagnosis	RA	-0.922555054743367	0.718220813637381	77	56	0.203142151639672	0.749592559516217
HROV-vOTU25215	diagnosis	RA	-0.576569188199642	0.448990438245569	77	26	0.203265546425479	0.749592559516217
HROV-vOTU50048	Age	Age	-0.256680860519889	0.199860613557218	77	14	0.203212127998058	0.749592559516217
HROV-vOTU14061	Smoking_Status	Never_Smoker	-0.588521251097389	0.458273082065107	77	8	0.20324141127638	0.749592559516217
HROV-vOTU11718	Smoking_Status	Never_Smoker	-1.17546143918392	0.915805275940523	77	76	0.203480661981144	0.749678832420252
HROV-vOTU46158	Smoking_Status	Never_Smoker	-1.84032043540508	1.43376810682182	77	59	0.203471105521969	0.749678832420252
HROV-vOTU47777	Smoking_Status	Never_Smoker	1.28669055710412	1.00261830240748	77	71	0.203549359058786	0.749678832420252
HROV-vOTU35149	Age	Age	0.312043428349013	0.243105373495857	77	14	0.203464984063588	0.749678832420252
HROV-vOTU43815	Age	Age	0.226386997116986	0.176388760434	77	18	0.203506052090658	0.749678832420252
HROV-vOTU32394	Smoking_Status	Former_Smoker	1.79093092846788	1.39548272145612	77	52	0.203533009942117	0.749678832420252
HROV-vOTU10108	Sex	M	0.742679675255187	0.578572794957965	77	13	0.203441269782883	0.749678832420252
HROV-vOTU08785	Smoking_Status	Never_Smoker	1.00321761896776	0.781439435992506	77	20	0.203383348432786	0.749678832420252
HROV-vOTU05391	Sex	M	1.03545248679728	0.806967168631243	77	29	0.203615403266845	0.749802164572345
HROV-vOTU20726	Sex	M	-1.5615537814912	1.21717398994279	77	42	0.203687475443911	0.749947651394607
HROV-vOTU00478	Smoking_Status	Former_Smoker	-2.02762088279565	1.58090318893475	77	65	0.203813883765519	0.750178309457523
HROV-vOTU70683	diagnosis	RA	0.399475314985197	0.311465404467722	77	74	0.203815270615533	0.750178309457523
HROV-vOTU52407	Smoking_Status	Former_Smoker	2.31414945885082	1.80545295155914	77	43	0.204098327239476	0.750380663525724
HROV-vOTU63216	Sex	M	1.05194319547676	0.820669446597778	77	47	0.204078971292181	0.750380663525724
HROV-vOTU53565	diagnosis	RA	0.454717437279972	0.354676398685495	77	12	0.203991137253023	0.750380663525724
HROV-vOTU13757	diagnosis	RA	-0.585184061131698	0.456478166161113	77	24	0.204029072199497	0.750380663525724
HROV-vOTU38116	Smoking_Status	Former_Smoker	1.82294254895064	1.422121124728	77	33	0.204066231876616	0.750380663525724
HROV-vOTU54723	Sex	M	-0.526733297353879	0.410778549302963	77	10	0.203915254355591	0.750380663525724
HROV-vOTU59437	Smoking_Status	Never_Smoker	0.553457197405075	0.431677620030505	77	12	0.203975498851479	0.750380663525724
HROV-vOTU68660	Sex	M	0.973384611614263	0.759532624564949	77	42	0.204167522507968	0.750389558734465
HROV-vOTU13816	Smoking_Status	Never_Smoker	0.931823741125892	0.727145871279151	77	70	0.204194110794381	0.750389558734465
HROV-vOTU74718	Smoking_Status	Former_Smoker	-0.958163386884556	0.747707265122173	77	9	0.204198496074203	0.750389558734465
HROV-vOTU32051	Smoking_Status	Never_Smoker	1.57526755940185	1.23003040983735	77	62	0.204476126781465	0.750647969415171
HROV-vOTU34553	diagnosis	RA	0.990320720239479	0.77321587956838	77	35	0.204438393867817	0.750647969415171
HROV-vOTU02230	Smoking_Status	Former_Smoker	-1.29218408043843	1.00910828105969	77	12	0.204529570476778	0.750647969415171
HROV-vOTU36599	Sex	M	0.978160982384536	0.76354488608878	77	59	0.204334684708506	0.750647969415171
HROV-vOTU69010	Age	Age	0.400469501124586	0.312701533391943	77	50	0.204475142671152	0.750647969415171
HROV-vOTU09782	Age	Age	-0.414365431862033	0.323576097869934	77	28	0.204508478815065	0.750647969415171
HROV-vOTU70426	Sex	M	0.428357017335095	0.334434581520407	77	9	0.204418192788367	0.750647969415171
HROV-vOTU52078	diagnosis	RA	0.490626710856255	0.382979113645149	77	9	0.204334338334994	0.750647969415171
HROV-vOTU50677	Smoking_Status	Former_Smoker	0.827660585794606	0.646551916066831	77	76	0.204671528670416	0.750752101105016
HROV-vOTU42209	diagnosis	RA	-1.11255034626438	0.869198040362782	77	50	0.204720937687343	0.750752101105016
HROV-vOTU02957	diagnosis	RA	-1.01190430416097	0.790478779424562	77	37	0.204671161202331	0.750752101105016
HROV-vOTU49746	Age	Age	-0.493904569800961	0.385784687855703	77	63	0.204620833647559	0.750752101105016
HROV-vOTU11334	Age	Age	0.214032863499215	0.167214074454396	77	12	0.204714033891561	0.750752101105016
HROV-vOTU50116	Age	Age	-0.248807833013626	0.194403276528452	77	70	0.204762649916244	0.750785516250772
HROV-vOTU05048	Smoking_Status	Never_Smoker	1.30518703867744	1.01996266885767	77	19	0.204836865208549	0.7509380779613
HROV-vOTU41690	diagnosis	RA	0.553319455968794	0.432437836752934	77	75	0.204874206855187	0.750955432735153
HROV-vOTU15513	Age	Age	-0.242165801960804	0.189280012220596	77	15	0.204919774744145	0.751002930037821
HROV-vOTU12146	Age	Age	-0.267063557055552	0.20876394826792	77	19	0.204970226137906	0.751050998015219
HROV-vOTU32840	diagnosis	RA	-0.378892324895569	0.296199094728604	77	10	0.204998114351874	0.751050998015219
HROV-vOTU12009	diagnosis	RA	-0.445806314340674	0.348582419343636	77	26	0.205092311975602	0.751276593732801
HROV-vOTU24955	Smoking_Status	Former_Smoker	-1.40183928623466	1.09627114651507	77	24	0.205154700183923	0.751385614700341
HROV-vOTU20977	diagnosis	RA	-1.19431763338435	0.934669068003019	77	46	0.205483031159898	0.751479031114588
HROV-vOTU46010	Sex	M	0.861938450822568	0.674488655105023	77	48	0.205442138526057	0.751479031114588
HROV-vOTU50705	Smoking_Status	Former_Smoker	1.76953008363606	1.38424079354794	77	51	0.2052928527359	0.751479031114588
HROV-vOTU71826	Smoking_Status	Never_Smoker	-1.00169521755554	0.783660821718361	77	17	0.205332921996763	0.751479031114588
HROV-vOTU62383	Smoking_Status	Former_Smoker	-1.30769715068158	1.02305473672043	77	16	0.20533205346884	0.751479031114588
HROV-vOTU15438	Age	Age	0.316724498459634	0.247880542137385	77	11	0.205506510549704	0.751479031114588
HROV-vOTU74209	Smoking_Status	Former_Smoker	0.872323394631935	0.682685230214467	77	17	0.2054881504701	0.751479031114588
HROV-vOTU03404	diagnosis	RA	-0.780058311314794	0.610224778926385	77	54	0.205302216343589	0.751479031114588
HROV-vOTU30080	Sex	M	0.950359368412438	0.74370272260144	77	14	0.205455672444119	0.751479031114588
HROV-vOTU12332	Smoking_Status	Former_Smoker	1.16510731184975	0.911624385847632	77	9	0.205392213838292	0.751479031114588
HROV-vOTU55745	Smoking_Status	Never_Smoker	-1.26802676994628	0.992722893965432	77	67	0.205649786231897	0.751525638990891
HROV-vOTU42975	Smoking_Status	Never_Smoker	-1.16072448340943	0.90867521260765	77	43	0.205629062969431	0.751525638990891
HROV-vOTU50288	Sex	M	0.63232231707353	0.49499977622005	77	17	0.205615601500511	0.751525638990891
HROV-vOTU52289	Sex	M	-0.655928205695065	0.513442263219631	77	21	0.205583418134476	0.751525638990891
HROV-vOTU28293	Smoking_Status	Former_Smoker	-1.75721841866218	1.37592235018992	77	74	0.205720552790455	0.751664973943232
HROV-vOTU30807	Smoking_Status	Never_Smoker	1.48447627645792	1.16260223516276	77	57	0.205813159833091	0.751692344191086
HROV-vOTU43070	Sex	M	1.05936691351739	0.829752014513558	77	39	0.205858602466921	0.751692344191086
HROV-vOTU37690	Sex	M	0.421720766804386	0.330296807325016	77	16	0.205835351079673	0.751692344191086
HROV-vOTU08185	Sex	M	0.388593372750454	0.304342031151437	77	15	0.205822092515732	0.751692344191086
HROV-vOTU43933	diagnosis	RA	0.546151431256445	0.427809615830899	77	13	0.205895309891323	0.751707195116864
HROV-vOTU07160	Smoking_Status	Never_Smoker	1.3624825181481801	1.06756496429502	77	42	0.206025313385812	0.751969318561865
HROV-vOTU29269	Age	Age	-0.299913737356899	0.234999319702333	77	16	0.206032409905574	0.751969318561865
HROV-vOTU10686	Smoking_Status	Former_Smoker	1.80885567440598	1.41745065117402	77	70	0.206067298038145	0.751977479609962
HROV-vOTU03930	Smoking_Status	Never_Smoker	-0.691878183707523	0.542360265396995	77	13	0.206226551039069	0.752144303080766
HROV-vOTU00850	diagnosis	RA	0.603770194288834	0.473246705029107	77	19	0.206182861679756	0.752144303080766
HROV-vOTU59597	Sex	M	1.03580703614384	0.812092900824109	77	23	0.206297441848283	0.752144303080766
HROV-vOTU17167	Age	Age	0.363708754542228	0.285162078106261	77	50	0.206308969281858	0.752144303080766
HROV-vOTU12830	Smoking_Status	Never_Smoker	1.00205321345918	0.78563402822551	77	15	0.206300172649046	0.752144303080766
HROV-vOTU08586	Sex	M	-0.850471832764331	0.666585758389706	77	9	0.206162377747699	0.752144303080766
HROV-vOTU59503	Age	Age	0.377591495158441	0.296107359265984	77	76	0.206400894453535	0.752241272236891
HROV-vOTU03509	Sex	M	0.441808652199774	0.346465602475775	77	8	0.206399767968375	0.752241272236891
HROV-vOTU07805	Smoking_Status	Never_Smoker	1.69399713317485	1.32875733628481	77	46	0.206510423536209	0.752409745239467
HROV-vOTU39338	Age	Age	-0.439867717310544	0.345045580872344	77	50	0.206532511550815	0.752409745239467
HROV-vOTU39312	Smoking_Status	Former_Smoker	-0.569079812255425	0.44641602256527	77	10	0.206545132844286	0.752409745239467
HROV-vOTU34447	Sex	M	-1.4560119833772	1.14235794987857	77	29	0.206618158190611	0.75243772661761
HROV-vOTU24697	Smoking_Status	Former_Smoker	1.28490214912347	1.00807205376285	77	15	0.206601892468875	0.75243772661761
HROV-vOTU68726	Sex	M	0.968638170224485	0.76031418640564	77	10	0.206818940441909	0.753049833735519
HROV-vOTU60379	diagnosis	RA	-0.810992804997103	0.636620223367509	77	49	0.206851932275703	0.753050901092229
HROV-vOTU13727	Sex	M	0.886828253817717	0.696651372259416	77	29	0.20717510836758599	0.753869923480093
HROV-vOTU37217	diagnosis	RA	-0.396100959153684	0.311147112566375	77	18	0.207158462702303	0.753869923480093
HROV-vOTU52357	Sex	M	-0.705326520982622	0.554060262831308	77	29	0.207165607682298	0.753869923480093
HROV-vOTU22265	diagnosis	RA	0.918469402501817	0.721661067422922	77	34	0.207270892532854	0.753980201394982
HROV-vOTU65332	Smoking_Status	Never_Smoker	0.969996735348705	0.762123823162617	77	9	0.207257116343291	0.753980201394982
HROV-vOTU09958	diagnosis	RA	-0.77189922443301	0.606547637082485	77	56	0.207307848613834	0.753995539099274
HROV-vOTU53530	diagnosis	RA	-0.610200675364809	0.479769651335835	77	76	0.207572477728374	0.754517194501988
HROV-vOTU17342	Sex	M	0.973671216658437	0.765501658812972	77	60	0.20754527975575	0.754517194501988
HROV-vOTU27192	Smoking_Status	Former_Smoker	-1.83213016469396	1.44113881585632	77	61	0.207768494824047	0.754517194501988
HROV-vOTU60486	Smoking_Status	Never_Smoker	-1.44799945744035	1.13885093279788	77	54	0.207715700412997	0.754517194501988
HROV-vOTU41053	diagnosis	RA	0.387775991467941	0.304985701783122	77	12	0.207715782967694	0.754517194501988
HROV-vOTU69384	Smoking_Status	Former_Smoker	2.13598800935151	1.6796274639255	77	48	0.207628429240654	0.754517194501988
HROV-vOTU66937	Age	Age	0.213005523241541	0.167508187631233	77	19	0.207660529490761	0.754517194501988
HROV-vOTU03324	Age	Age	-0.139527160825676	0.109685953029254	77	11	0.20750228871216	0.754517194501988
HROV-vOTU54102	Sex	M	0.847046225084792	0.666295152618147	77	18	0.207778899154651	0.754517194501988
HROV-vOTU73633	diagnosis	RA	0.329361920294511	0.2590230215851	77	8	0.207681025432304	0.754517194501988
HROV-vOTU23521	Sex	M	0.830358694206488	0.653264246654958	77	23	0.207844743364084	0.754637307216593
HROV-vOTU69467	diagnosis	RA	-0.426617555333773	0.335965844173259	77	74	0.208293366240263	0.754956912891605
HROV-vOTU63059	Age	Age	-0.408197988742298	0.321292011469703	77	50	0.208057929687632	0.754956912891605
HROV-vOTU01467	Smoking_Status	Never_Smoker	1.01855935004255	0.802068084082522	77	53	0.208260730177084	0.754956912891605
HROV-vOTU53087	Smoking_Status	Never_Smoker	-2.42630907673155	1.91019932519337	77	49	0.208165105108304	0.754956912891605
HROV-vOTU21852	Sex	M	0.901326303090138	0.709463532482691	77	41	0.208077567394782	0.754956912891605
HROV-vOTU22119	Smoking_Status	Never_Smoker	0.677993381928797	0.533641102742645	77	12	0.208052494955297	0.754956912891605
HROV-vOTU60746	Age	Age	-0.282541495109536	0.222485599790604	77	39	0.208255315822554	0.754956912891605
HROV-vOTU60406	Smoking_Status	Never_Smoker	1.20993661525187	0.952161198579848	77	33	0.207973847670376	0.754956912891605
HROV-vOTU14975	Smoking_Status	Former_Smoker	1.60760936370404	1.26585181388168	77	41	0.208237370107986	0.754956912891605
HROV-vOTU34273	Sex	M	0.389276712321417	0.306475891283509	77	11	0.208170623472463	0.754956912891605
HROV-vOTU12458	Smoking_Status	Never_Smoker	0.489349120908503	0.385343490998716	77	12	0.208265204236542	0.754956912891605
HROV-vOTU24869	diagnosis	RA	-0.690516773453148	0.543982508742491	77	69	0.208453203694382	0.754971364240634
HROV-vOTU62233	Smoking_Status	Never_Smoker	-1.36889911790505	1.07830736244049	77	26	0.208412203577735	0.754971364240634
HROV-vOTU45767	Age	Age	-0.351908864531924	0.27722718280122	77	64	0.208447921990023	0.754971364240634
HROV-vOTU19997	Age	Age	0.201343559214913	0.158628230342838	77	14	0.208486392667296	0.754971364240634
HROV-vOTU28607	diagnosis	RA	0.878370963944587	0.691838243690572	77	27	0.208366071581378	0.754971364240634
HROV-vOTU52765	Smoking_Status	Never_Smoker	-0.925322918231954	0.729026715367156	77	12	0.208494045878004	0.754971364240634
HROV-vOTU33222	Age	Age	0.453064008933302	0.35698807638987	77	45	0.208539657424745	0.75501781331424
HROV-vOTU34489	Smoking_Status	Never_Smoker	0.563676347253746	0.444362036258779	77	77	0.208760373906027	0.755223281661295
HROV-vOTU61919	Smoking_Status	Never_Smoker	-0.913372059460251	0.719955027560489	77	76	0.208709082654284	0.755223281661295
HROV-vOTU38878	Age	Age	0.189320729959574	0.149220179476182	77	9	0.208679796819491	0.755223281661295
HROV-vOTU48596	Smoking_Status	Former_Smoker	-1.86727752537748	1.47167616887519	77	30	0.208652852541187	0.755223281661295
HROV-vOTU53343	Sex	M	0.866016463469925	0.682659320583206	77	32	0.20873004773431	0.755223281661295
HROV-vOTU19646	Sex	M	0.51821707177058	0.408571955816373	77	12	0.208811887138998	0.75529099431618
HROV-vOTU27295	diagnosis	RA	0.426480529039545	0.336270417806027	77	17	0.208845696105501	0.755294657868984
HROV-vOTU69864	Sex	M	1.07363816423643	0.846748333762862	77	43	0.208956567747167	0.755576975226451
HROV-vOTU34520	Smoking_Status	Former_Smoker	-1.61563467630709	1.27444494894359	77	47	0.209041068207049	0.755645236353531
HROV-vOTU09380	Smoking_Status	Former_Smoker	1.9941210916359	1.57299956841674	77	38	0.209040199272759	0.755645236353531
HROV-vOTU00059	Smoking_Status	Former_Smoker	-1.67889825183725	1.32450481517642	77	14	0.209094206858907	0.755718704325271
HROV-vOTU61440	Smoking_Status	Former_Smoker	1.13006617198099	0.891880522996139	77	18	0.209274273795253	0.755848962204416
HROV-vOTU08849	Smoking_Status	Never_Smoker	0.894718736000009	0.706169070725579	77	24	0.209294347893077	0.755848962204416
HROV-vOTU60122	Age	Age	-0.375811532452676	0.296599829299189	77	24	0.209272187636307	0.755848962204416
HROV-vOTU34620	Smoking_Status	Never_Smoker	1.85011277155573	1.46006743084285	77	37	0.209245138342225	0.755848962204416
HROV-vOTU70747	Smoking_Status	Former_Smoker	0.481720175788728	0.380119300150228	77	9	0.209193671808608	0.755848962204416
HROV-vOTU63834	Smoking_Status	Former_Smoker	0.883957789516065	0.697832203372451	77	16	0.209395290785746	0.75609494305358
HROV-vOTU38772	diagnosis	RA	0.694261745518422	0.548435168881542	77	70	0.209688467214613	0.756441948614119
HROV-vOTU37640	Smoking_Status	Never_Smoker	1.53628016826266	1.21319477858406	77	43	0.209541177930937	0.756441948614119
HROV-vOTU20267	Age	Age	-0.229090900108986	0.180920471423658	77	21	0.209561683200896	0.756441948614119
HROV-vOTU57831	diagnosis	RA	-0.691309426283615	0.546027346292167	77	42	0.209626056877293	0.756441948614119
HROV-vOTU70430	Age	Age	-0.48627538571617	0.384115011373216	77	40	0.209664530281272	0.756441948614119
HROV-vOTU38231	Sex	M	-0.333332600794651	0.263275396498056	77	10	0.209616271880708	0.756441948614119
HROV-vOTU26508	diagnosis	RA	-0.683075512041787	0.539685946308914	77	72	0.209761453897399	0.756468256069072
HROV-vOTU56533	Smoking_Status	Former_Smoker	1.10463464223426	0.872719648396411	77	18	0.209744540340692	0.756468256069072
HROV-vOTU22969	Age	Age	-0.336976994267841	0.26644146088868	77	71	0.210103132013312	0.756940664303222
HROV-vOTU45672	diagnosis	RA	1.1117072164201	0.8790275728288	77	42	0.210114053689114	0.756940664303222
HROV-vOTU05936	Age	Age	-0.175065972269026	0.138376979505732	77	77	0.209958363291095	0.756940664303222
HROV-vOTU16592	Smoking_Status	Former_Smoker	1.79332849904546	1.41784886031029	77	52	0.210070463125987	0.756940664303222
HROV-vOTU12418	diagnosis	RA	-0.84495774652576	0.668165178418533	77	48	0.210152235479952	0.756940664303222
HROV-vOTU64966	Smoking_Status	Never_Smoker	1.31271058278473	1.03797135786461	77	37	0.210118528634955	0.756940664303222
HROV-vOTU61489	Age	Age	0.495792370869996	0.391888475640232	77	31	0.20995893016084	0.756940664303222
HROV-vOTU00181	Smoking_Status	Never_Smoker	0.799414133294098	0.632155187076636	77	18	0.210155388951576	0.756940664303222
HROV-vOTU50916	Sex	M	1.01992291942896	0.806588435233237	77	40	0.210189401059376	0.756944785988653
HROV-vOTU49365	Sex	M	0.650198621374092	0.514273661997101	77	71	0.210255443412105	0.757006368505542
HROV-vOTU00728	diagnosis	RA	-0.402584336829642	0.318435361464559	77	39	0.210272242263567	0.757006368505542
HROV-vOTU50713	Smoking_Status	Former_Smoker	2.90726211521246	2.30034511340863	77	51	0.210422206432427	0.757401725777554
HROV-vOTU12907	Sex	M	0.990729749423633	0.784007733279598	77	48	0.210480722751904	0.757401725777554
HROV-vOTU33392	Sex	M	-0.749655708225073	0.593204752559866	77	14	0.210457482935093	0.757401725777554
HROV-vOTU09844	Smoking_Status	Never_Smoker	0.770837549485754	0.610145154276564	77	74	0.210589969136177	0.757605163895939
HROV-vOTU13976	diagnosis	RA	0.635503227471806	0.503062218791833	77	41	0.210624915901348	0.757605163895939
HROV-vOTU49836	Age	Age	-0.274741191009438	0.217518167349762	77	63	0.210695378724327	0.757605163895939
HROV-vOTU20326	diagnosis	RA	0.449467590469968	0.355857614368437	77	14	0.210701740110877	0.757605163895939
HROV-vOTU31817	Age	Age	-0.459413362996118	0.363709467566269	77	23	0.210673791413278	0.757605163895939
HROV-vOTU22046	Age	Age	-0.328473948047805	0.260167491384539	77	33	0.210882784294217	0.758137764954076
HROV-vOTU41002	Smoking_Status	Former_Smoker	-1.52126421171622	1.20514355428339	77	66	0.210968048256958	0.75813846642422
HROV-vOTU51250	diagnosis	RA	-0.777904175566824	0.616273377768601	77	22	0.210981738224612	0.75813846642422
HROV-vOTU72566	Smoking_Status	Former_Smoker	2.44887510909026	1.93978006758521	77	61	0.21091786837383	0.75813846642422
HROV-vOTU23838	Smoking_Status	Former_Smoker	1.09221577476391	0.865386337901144	77	16	0.211038166502287	0.758222928946595
HROV-vOTU13781	diagnosis	RA	-0.76204327894371	0.603952265003155	77	55	0.211164360468024	0.758267578536996
HROV-vOTU15402	Smoking_Status	Never_Smoker	1.01590655465161	0.805051854568344	77	61	0.211109378997737	0.758267578536996
HROV-vOTU42695	Sex	M	-0.63568137454459706	0.503853692217368	77	13	0.211208008861777	0.758267578536996
HROV-vOTU61881	Age	Age	-0.187766858265176	0.148808192329444	77	11	0.211148686496415	0.758267578536996
HROV-vOTU04210	Smoking_Status	Never_Smoker	0.642937269065558	0.509612996651953	77	8	0.211215219987617	0.758267578536996
HROV-vOTU34273	Age	Age	-0.14986040059922	0.118803014884143	77	11	0.21128663180642	0.758405724828843
HROV-vOTU62186	Smoking_Status	Former_Smoker	0.896462328417403	0.710814253768094	77	14	0.211373475150259	0.758599210333563
HROV-vOTU13869	Smoking_Status	Never_Smoker	-1.61641077707859	1.28181714672626	77	30	0.211425740660654	0.758668558338246
HROV-vOTU56546	Smoking_Status	Never_Smoker	-1.47210490956126	1.16782179336992	77	40	0.211595777895051	0.759042175221653
HROV-vOTU01454	Sex	M	0.968196423089116	0.768065939119092	77	29	0.211592883744391	0.759042175221653
HROV-vOTU33454	Smoking_Status	Former_Smoker	1.60878862381123	1.27714337833334	77	63	0.211910887365833	0.759091150167237
HROV-vOTU53905	Smoking_Status	Former_Smoker	-1.4112289009339	1.12014625281521	77	73	0.21184491054009	0.759091150167237
HROV-vOTU57904	Age	Age	0.350673320324015	0.278400779512369	77	53	0.211939040189984	0.759091150167237
HROV-vOTU27668	Age	Age	-0.357702387750479	0.283963475923077	77	69	0.211910861359973	0.759091150167237
HROV-vOTU73093	Age	Age	-0.247071832208912	0.196100446466188	77	30	0.211822099302167	0.759091150167237
HROV-vOTU25472	Age	Age	0.345540399686293	0.274170240192628	77	33	0.211682817459677	0.759091150167237
HROV-vOTU74481	Age	Age	-0.229264084698137	0.181910283801634	77	18	0.211682551517817	0.759091150167237
HROV-vOTU02730	Smoking_Status	Never_Smoker	-0.569802444201206	0.452242633366829	77	8	0.211813615579025	0.759091150167237
HROV-vOTU43917	diagnosis	RA	-0.395558732951904	0.313925361685658	77	10	0.211780561044408	0.759091150167237
HROV-vOTU66429	diagnosis	RA	0.300132397920627	0.238217106357106	77	8	0.211827011015295	0.759091150167237
HROV-vOTU39112	Age	Age	0.471323971020557	0.375996466642783	77	39	0.214123899952264	0.759166627134014
HROV-vOTU37008	Smoking_Status	Former_Smoker	-2.37742605478441	1.89729009191401	77	29	0.214293480372515	0.759166627134014
HROV-vOTU00371	diagnosis	RA	-0.650649903045661	0.519639288682693	77	74	0.214635795562319	0.759166627134014
HROV-vOTU53890	Age	Age	0.299107082428901	0.23765696414528	77	73	0.212309751853449	0.759166627134014
HROV-vOTU47141	Age	Age	-0.432298366440877	0.34559790157219	77	40	0.215087953105254	0.759166627134014
HROV-vOTU20479	Sex	M	-0.84384190898914	0.671275713504122	77	35	0.212847187496374	0.759166627134014
HROV-vOTU16598	Smoking_Status	Never_Smoker	0.578020750090563	0.462413259058519	77	71	0.21540076767335	0.759166627134014
HROV-vOTU34489	Sex	M	0.430569910217314	0.343344627815172	77	77	0.213938527158871	0.759166627134014
HROV-vOTU24280	Smoking_Status	Former_Smoker	1.20026990510073	0.956129126873649	77	12	0.213470266210223	0.759166627134014
HROV-vOTU74488	Smoking_Status	Former_Smoker	-2.49385396188077	1.99115520857015	77	56	0.214509962745792	0.759166627134014
HROV-vOTU14817	diagnosis	RA	-0.751082118613306	0.596809356662761	77	73	0.212335107707701	0.759166627134014
HROV-vOTU19713	Smoking_Status	Never_Smoker	0.826297881314469	0.659700674250162	77	76	0.214485106840698	0.759166627134014
HROV-vOTU24198	Smoking_Status	Former_Smoker	-1.75875326114388	1.4063335154348	77	46	0.21518816393026	0.759166627134014
HROV-vOTU57517	diagnosis	RA	0.681358258761814	0.54514698629115	77	50	0.215454327001332	0.759166627134014
HROV-vOTU43692	Age	Age	0.438366388118169	0.35075126928414	77	71	0.215479322680403	0.759166627134014
HROV-vOTU67350	Sex	M	0.834765407368523	0.667784294120633	77	70	0.215384993533946	0.759166627134014
HROV-vOTU64611	Sex	M	1.12030326942354	0.894107884700867	77	41	0.214322289668842	0.759166627134014
HROV-vOTU34447	Smoking_Status	Former_Smoker	-2.60928424749935	2.08708123260474	77	29	0.215328769086672	0.759166627134014
HROV-vOTU05189	diagnosis	RA	-0.471047542739504	0.374797895318366	77	10	0.212943628247644	0.759166627134014
HROV-vOTU21688	Smoking_Status	Never_Smoker	0.631408030806978	0.504208802156528	77	72	0.214579108665501	0.759166627134014
HROV-vOTU07214	Smoking_Status	Never_Smoker	-0.999153045807145	0.798234470364438	77	47	0.21478602107148	0.759166627134014
HROV-vOTU71080	Smoking_Status	Never_Smoker	1.20592795922437	0.964512178207259	77	32	0.21529573501977	0.759166627134014
HROV-vOTU37824	Age	Age	-0.300713306876461	0.240068555542481	77	25	0.214456234001809	0.759166627134014
HROV-vOTU48450	diagnosis	RA	-0.859405614791326	0.686497069324663	77	67	0.214725488762839	0.759166627134014
HROV-vOTU56860	diagnosis	RA	-0.464036288384791	0.369593729623583	77	23	0.213402512135783	0.759166627134014
HROV-vOTU42209	Age	Age	-0.556213772467947	0.444701130331294	77	50	0.215128693333179	0.759166627134014
HROV-vOTU02641	Smoking_Status	Former_Smoker	2.70355877398362	2.1544609496744	77	53	0.213642520040943	0.759166627134014
HROV-vOTU50928	Age	Age	-0.250174063340168	0.199023811225169	77	44	0.212871059752563	0.759166627134014
HROV-vOTU18867	Sex	M	0.886938528199195	0.706251157922419	77	26	0.213290960878357	0.759166627134014
HROV-vOTU47801	Age	Age	-0.287285420410789	0.228193468119901	77	23	0.212170008466766	0.759166627134014
HROV-vOTU37850	Sex	M	1.26600127045283	1.01041190027712	77	45	0.214332717124915	0.759166627134014
HROV-vOTU09951	Smoking_Status	Never_Smoker	-1.18252553541872	0.94103975316221	77	46	0.213011406325858	0.759166627134014
HROV-vOTU32964	Sex	M	0.826399675541112	0.656326253780064	77	69	0.21210756708682801	0.759166627134014
HROV-vOTU19005	Age	Age	0.203863331706581	0.163076095893451	77	11	0.215363496055127	0.759166627134014
HROV-vOTU63664	Age	Age	-0.391562558802484	0.312495337998947	77	34	0.214309830204145	0.759166627134014
HROV-vOTU74913	Smoking_Status	Never_Smoker	1.17197497394853	0.931318798562356	77	26	0.21236825140543	0.759166627134014
HROV-vOTU45611	Sex	M	0.599044593105989	0.477097186082021	77	26	0.213376501465798	0.759166627134014
HROV-vOTU00724	Sex	M	0.929914310507641	0.743568733458473	77	46	0.215182706742012	0.759166627134014
HROV-vOTU03041	Sex	M	0.89128738681521	0.711182286040336	77	44	0.214227150472705	0.759166627134014
HROV-vOTU13413	Smoking_Status	Never_Smoker	0.663658712720147	0.528306974239927	77	19	0.213161590648122	0.759166627134014
HROV-vOTU06760	Smoking_Status	Never_Smoker	1.82499997504376	1.45064695227614	77	31	0.212492001784854	0.759166627134014
HROV-vOTU66207	Sex	M	1.14689892161861	0.911667731436356	77	31	0.212505094553483	0.759166627134014
HROV-vOTU14344	Sex	M	0.506419551536036	0.404022330841531	77	12	0.21415590631577	0.759166627134014
HROV-vOTU20022	Sex	M	0.575955336352679	0.460450639153741	77	24	0.215095027724489	0.759166627134014
HROV-vOTU42695	Age	Age	0.244784165543545	0.195314996704119	77	13	0.214215773722894	0.759166627134014
HROV-vOTU16998	diagnosis	RA	-0.503687661305722	0.400017856065417	77	25	0.212095520276816	0.759166627134014
HROV-vOTU06637	Smoking_Status	Never_Smoker	1.20927844823875	0.966917746075204	77	30	0.215167064041823	0.759166627134014
HROV-vOTU65784	Smoking_Status	Former_Smoker	1.33056805089592	1.05659984909506	77	21	0.212049083828843	0.759166627134014
HROV-vOTU14865	Sex	M	0.89210044434683	0.711374860584604	77	26	0.213936625976645	0.759166627134014
HROV-vOTU43200	Age	Age	0.228809010363403	0.182846055529065	77	42	0.214905104360731	0.759166627134014
HROV-vOTU14574	Age	Age	0.177446431556198	0.141062599400591	77	13	0.212539644038213	0.759166627134014
HROV-vOTU06122	diagnosis	RA	0.500389325217443	0.39899953979731	77	12	0.21391534324012	0.759166627134014
HROV-vOTU28243	Smoking_Status	Former_Smoker	2.00823318137682	1.60188202609916	77	37	0.214073971634307	0.759166627134014
HROV-vOTU42785	Age	Age	0.32615688685434	0.259058030588215	77	39	0.212150108594114	0.759166627134014
HROV-vOTU72513	diagnosis	RA	-0.368904928873279	0.293477695617523	77	13	0.212868857573422	0.759166627134014
HROV-vOTU20887	Smoking_Status	Former_Smoker	1.27671448655647	1.0215199823063	77	36	0.215469994547649	0.759166627134014
HROV-vOTU48553	Sex	M	0.609594472710322	0.48774987674704	77	29	0.215473201037669	0.759166627134014
HROV-vOTU16108	Smoking_Status	Never_Smoker	1.14402189958963	0.912231500405492	77	13	0.213921987287694	0.759166627134014
HROV-vOTU73871	Sex	M	0.591366318222744	0.472497184142394	77	15	0.214832162083236	0.759166627134014
HROV-vOTU18869	Smoking_Status	Former_Smoker	1.47581945286195	1.17363342391417	77	24	0.21270070376939	0.759166627134014
HROV-vOTU62007	Age	Age	-0.294199538108214	0.23405649140516	77	26	0.21288767653338	0.759166627134014
HROV-vOTU09248	Smoking_Status	Former_Smoker	1.34195336405419	1.07043357757388	77	28	0.214080139119811	0.759166627134014
HROV-vOTU55586	Sex	M	-1.40689714769349	1.12557195543259	77	33	0.215425920992196	0.759166627134014
HROV-vOTU34583	diagnosis	RA	-0.879871438849742	0.700589994380202	77	37	0.213269129622904	0.759166627134014
HROV-vOTU16149	Age	Age	-0.445253986979025	0.353876177705013	77	49	0.212434353717476	0.759166627134014
HROV-vOTU74481	Smoking_Status	Never_Smoker	0.763024667758579	0.607341276436282	77	18	0.213112265604867	0.759166627134014
HROV-vOTU59862	Sex	M	-0.298374915105746	0.237081124671144	77	11	0.212321019636657	0.759166627134014
HROV-vOTU19975	Smoking_Status	Former_Smoker	1.37803163403359	1.10255121363434	77	13	0.215455887727755	0.759166627134014
HROV-vOTU31244	Smoking_Status	Former_Smoker	0.707574025788829	0.563132012118826	77	11	0.213054021348162	0.759166627134014
HROV-vOTU55238	diagnosis	RA	0.320765510067211	0.255682150545668	77	9	0.213757182402274	0.759166627134014
HROV-vOTU02730	Age	Age	-0.170250984457583	0.135455285149863	77	8	0.21291645487173	0.759166627134014
HROV-vOTU02851	Smoking_Status	Former_Smoker	1.88951835144786	1.50544979600177	77	32	0.213551113379432	0.759166627134014
HROV-vOTU48854	Age	Age	-0.295348832079879	0.234947603237256	77	13	0.212842933350455	0.759166627134014
HROV-vOTU59988	Smoking_Status	Never_Smoker	0.947594772446256	0.75282835584210706	77	21	0.212257135709389	0.759166627134014
HROV-vOTU33986	Age	Age	-0.168999069159149	0.13448856464211	77	9	0.213015161629127	0.759166627134014
HROV-vOTU59600	Smoking_Status	Former_Smoker	2.10858420788004	1.6848620977419	77	24	0.214864302664468	0.759166627134014
HROV-vOTU26696	Smoking_Status	Never_Smoker	0.435196002164862	0.347321866736122	77	13	0.214314887030469	0.759166627134014
HROV-vOTU41784	Smoking_Status	Former_Smoker	2.28611025673242	1.82201928680559	77	41	0.213697783302206	0.759166627134014
HROV-vOTU58551	Age	Age	0.138120050199356	0.110270796204266	77	8	0.214478314572869	0.759166627134014
HROV-vOTU64337	Smoking_Status	Never_Smoker	1.36063943678968	1.08424921854115	77	19	0.213625053118244	0.759166627134014
HROV-vOTU43519	Age	Age	0.188904944432287	0.150103296165892	77	11	0.212333757356322	0.759166627134014
HROV-vOTU15774	diagnosis	RA	0.599922419511003	0.479096798967263	77	20	0.214608194136409	0.759166627134014
HROV-vOTU02175	Age	Age	-0.302681120818787	0.241973636653773	77	12	0.215082954550808	0.759166627134014
HROV-vOTU69170	Age	Age	-0.211671430370548	0.169362206946756	77	13	0.215471227508916	0.759166627134014
HROV-vOTU50048	Sex	M	-0.647829549238131	0.515580010592752	77	14	0.213050877682265	0.759166627134014
HROV-vOTU60061	Smoking_Status	Former_Smoker	-1.06080976344176	0.843902796935131	77	10	0.212862893058347	0.759166627134014
HROV-vOTU00388	Age	Age	-0.182292499852759	0.145690753900021	77	10	0.214958082781841	0.759166627134014
HROV-vOTU73174	Smoking_Status	Former_Smoker	1.17768329526784	0.942319415181636	77	10	0.215487287953758	0.759166627134014
HROV-vOTU24816	Smoking_Status	Never_Smoker	0.658042928163719	0.523270324512544	77	11	0.212672204018994	0.759166627134014
HROV-vOTU29143	Smoking_Status	Never_Smoker	1.35162912068471	1.07619373907727	77	11	0.213256840274908	0.759166627134014
HROV-vOTU47650	Age	Age	0.287534084965941	0.228441268510408	77	12	0.212269542078628	0.759166627134014
HROV-vOTU24201	Sex	M	0.940460587624445	0.751418354353104	77	31	0.21483065764302	0.759166627134014
HROV-vOTU30008	Smoking_Status	Former_Smoker	-0.747581483046174	0.596520846883881	77	8	0.214231241555658	0.759166627134014
HROV-vOTU29218	Sex	M	0.363062048233328	0.289769799278168	77	10	0.214341021324609	0.759166627134014
HROV-vOTU05942	Smoking_Status	Never_Smoker	0.598541552180525	0.477017529791373	77	9	0.21368134133328	0.759166627134014
HROV-vOTU18026	Smoking_Status	Former_Smoker	1.69245393027399	1.34810357109401	77	22	0.213437704930653	0.759166627134014
HROV-vOTU62071	Age	Age	-0.227952277847008	0.182393868017531	77	21	0.215483810072788	0.759166627134014
HROV-vOTU02547	Age	Age	-0.17011784014415	0.13602558468183	77	9	0.215174924884803	0.759166627134014
HROV-vOTU69166	Sex	M	-1.01098847988618	0.80535051765132	77	16	0.213471417178919	0.759166627134014
HROV-vOTU21900	Age	Age	-0.204653038399835	0.163241170413776	77	13	0.214068872309938	0.759166627134014
HROV-vOTU38189	Smoking_Status	Never_Smoker	0.441722527625922	0.353301630092791	77	9	0.215305915366762	0.759166627134014
HROV-vOTU21098	Smoking_Status	Never_Smoker	0.895223488377613	0.714052877446985	77	11	0.214055726587204	0.759166627134014
HROV-vOTU53606	Sex	M	-0.553514084374259	0.441617035598961	77	14	0.214179112692037	0.759166627134014
HROV-vOTU70426	diagnosis	RA	-0.317228264935519	0.253391958841576	77	9	0.21470507462288	0.759166627134014
HROV-vOTU37360	Sex	M	0.933631600193459	0.745344500330973	77	18	0.214455060310985	0.759166627134014
HROV-vOTU03509	Smoking_Status	Never_Smoker	0.562828955591374	0.448401250922258	77	8	0.213525273058949	0.759166627134014
HROV-vOTU67015	Smoking_Status	Never_Smoker	-0.518502938784991	0.412945264532208	77	9	0.213369792922863	0.759166627134014
HROV-vOTU43686	Age	Age	0.40568574995664197	0.32741459667247	77	62	0.219404421434183	0.759275663143445
HROV-vOTU63233	Age	Age	0.267168368449136	0.214088587302046	77	11	0.216155350392798	0.759275663143445
HROV-vOTU01582	diagnosis	RA	-1.043930264264	0.841811670473948	77	61	0.219021383007352	0.759275663143445
HROV-vOTU13781	Age	Age	0.384638164841102	0.308995467593266	77	55	0.217297738292737	0.759275663143445
HROV-vOTU70059	Smoking_Status	Former_Smoker	-2.42320318774982	1.95392673671993	77	68	0.218995130924296	0.759275663143445
HROV-vOTU08286	Smoking_Status	Never_Smoker	0.437212521032605	0.351244657488015	77	74	0.217315967270036	0.759275663143445
HROV-vOTU75152	Smoking_Status	Former_Smoker	1.31761130439187	1.05665990543	77	71	0.216510526336072	0.759275663143445
HROV-vOTU08563	diagnosis	RA	-0.716279531471287	0.575757577769988	77	73	0.217567410487142	0.759275663143445
HROV-vOTU07124	Smoking_Status	Former_Smoker	1.79569530798367	1.44333079557317	77	42	0.217542374895351	0.759275663143445
HROV-vOTU21466	Smoking_Status	Never_Smoker	-0.487926437880065	0.392960308076394	77	76	0.218445177291305	0.759275663143445
HROV-vOTU08930	Sex	M	0.726823794496511	0.582079086062247	77	73	0.215887979528751	0.759275663143445
HROV-vOTU40319	diagnosis	RA	0.516841608401937	0.41721881916582	77	75	0.219507484377293	0.759275663143445
HROV-vOTU20479	Age	Age	-0.322754907205658	0.260214851643978	77	35	0.218932975277617	0.759275663143445
HROV-vOTU21695	Smoking_Status	Never_Smoker	-0.886440258431048	0.713679943502439	77	76	0.218298003087757	0.759275663143445
HROV-vOTU49285	diagnosis	RA	-1.12009947161568	0.899260376409638	77	43	0.217014031979538	0.759275663143445
HROV-vOTU04065	Sex	M	0.474927950443391	0.380975297369816	77	77	0.216637351721503	0.759275663143445
HROV-vOTU44478	Smoking_Status	Never_Smoker	0.885078422462597	0.712481680107362	77	72	0.218232905163893	0.759275663143445
HROV-vOTU66152	Age	Age	-0.356242598182777	0.285242084378931	77	20	0.215798978926927	0.759275663143445
HROV-vOTU29337	Age	Age	0.140358294602954	0.112814723980769	77	76	0.217536582557463	0.759275663143445
HROV-vOTU55790	Smoking_Status	Former_Smoker	2.36506954182122	1.9016952938474	77	37	0.217714018851293	0.759275663143445
HROV-vOTU66742	Sex	M	0.526215223467732	0.423354852906149	77	58	0.217969912156624	0.759275663143445
HROV-vOTU35881	Sex	M	1.27093593894567	1.02565051318543	77	63	0.21937024734549	0.759275663143445
HROV-vOTU04981	Smoking_Status	Never_Smoker	-1.042255426392	0.84005816481137	77	74	0.218802802965917	0.759275663143445
HROV-vOTU02401	Smoking_Status	Never_Smoker	0.469278409127582	0.377823354491098	77	77	0.218302414242191	0.759275663143445
HROV-vOTU40972	Sex	M	0.917323663517622	0.739678434464259	77	33	0.218997142139722	0.759275663143445
HROV-vOTU32570	Smoking_Status	Former_Smoker	-2.71738623653282	2.18540285063298	77	49	0.217801136818599	0.759275663143445
HROV-vOTU29020	Smoking_Status	Former_Smoker	-2.1230235509892	1.71115470357406	77	56	0.218802038147181	0.759275663143445
HROV-vOTU57265	Sex	M	1.72419581871516	1.39131969954787	77	52	0.219333080630836	0.759275663143445
HROV-vOTU16529	diagnosis	RA	-0.938097076248159	0.753124469612277	77	61	0.217003675718208	0.759275663143445
HROV-vOTU05768	Age	Age	0.385384248216199	0.310948628839994	77	35	0.219285135990917	0.759275663143445
HROV-vOTU56332	Smoking_Status	Former_Smoker	-1.19033859669844	0.959404469213294	77	19	0.218798635848982	0.759275663143445
HROV-vOTU26732	diagnosis	RA	0.942292366563058	0.759128820601084	77	26	0.218587295954855	0.759275663143445
HROV-vOTU32551	diagnosis	RA	-0.634310746642898	0.50868818314795	77	54	0.216512267107063	0.759275663143445
HROV-vOTU37296	Smoking_Status	Never_Smoker	1.29109127042025	1.03510286228829	77	42	0.216383531075724	0.759275663143445
HROV-vOTU41804	Age	Age	-0.204275346344131	0.16431117382125	77	8	0.217875570641982	0.759275663143445
HROV-vOTU09505	diagnosis	RA	-0.707493248184622	0.568172568058097	77	66	0.217149234659804	0.759275663143445
HROV-vOTU09476	Smoking_Status	Former_Smoker	1.77652230322082	1.42905293203836	77	66	0.217903359337518	0.759275663143445
HROV-vOTU03695	Smoking_Status	Former_Smoker	2.10639428465897	1.69033711862396	77	39	0.216809635689473	0.759275663143445
HROV-vOTU54096	diagnosis	RA	-0.634972178226086	0.508235791456195	77	60	0.215634609767397	0.759275663143445
HROV-vOTU20977	Age	Age	0.595514145173442	0.478197570317989	77	46	0.217104535043872	0.759275663143445
HROV-vOTU28659	Age	Age	0.233075948019141	0.18814605912648	77	73	0.219498290918297	0.759275663143445
HROV-vOTU21886	Smoking_Status	Former_Smoker	1.47453914906713	1.18597963604888	77	65	0.217843894058114	0.759275663143445
HROV-vOTU33222	Smoking_Status	Never_Smoker	1.48595285862481	1.19187101166629	77	45	0.216590394014225	0.759275663143445
HROV-vOTU53905	Sex	M	0.760964832002452	0.613108851222409	77	73	0.218632612734673	0.759275663143445
HROV-vOTU61483	Sex	M	0.792961501556372	0.63927485621949	77	43	0.218908094982845	0.759275663143445
HROV-vOTU73429	Sex	M	0.911049297319018	0.732566088158092	77	28	0.217722315907719	0.759275663143445
HROV-vOTU04143	Age	Age	-0.138823040122545	0.11178899141614	77	8	0.218385547132839	0.759275663143445
HROV-vOTU48991	Age	Age	0.311600829693677	0.250971126176285	77	16	0.218477506420265	0.759275663143445
HROV-vOTU49842	Smoking_Status	Former_Smoker	1.33572560428548	1.07232717594924	77	64	0.216994340470799	0.759275663143445
HROV-vOTU35216	Smoking_Status	Never_Smoker	1.34380072661912	1.08217733152429	77	45	0.218412896605426	0.759275663143445
HROV-vOTU36129	Age	Age	-0.376166531985481	0.301749063796664	77	29	0.216633887878604	0.759275663143445
HROV-vOTU17609	Age	Age	-0.248816305128066	0.200854864118014	77	18	0.219504435123709	0.759275663143445
HROV-vOTU33866	Smoking_Status	Former_Smoker	-1.43946283577751	1.15813728675997	77	70	0.217989258542972	0.759275663143445
HROV-vOTU08028	Sex	M	1.09071723008968	0.878647514971787	77	67	0.218558659241837	0.759275663143445
HROV-vOTU52139	Smoking_Status	Former_Smoker	1.90716858920376	1.53763331944241	77	44	0.218937666762892	0.759275663143445
HROV-vOTU08533	diagnosis	RA	0.200149509321589	0.161444310648652	77	8	0.219152351897451	0.759275663143445
HROV-vOTU62066	diagnosis	RA	-1.00742126340628	0.807149062039192	77	49	0.216086470230935	0.759275663143445
HROV-vOTU03210	Age	Age	0.247508703865633	0.198331398488814	77	72	0.216147525523894	0.759275663143445
HROV-vOTU09277	diagnosis	RA	0.619173838312785	0.498279610446548	77	24	0.218095082792074	0.759275663143445
HROV-vOTU07931	Smoking_Status	Never_Smoker	1.9014684992984	1.53357998728884	77	37	0.219098898245581	0.759275663143445
HROV-vOTU20675	diagnosis	RA	0.515153355842195	0.41338218206809	77	10	0.21679032939912601	0.759275663143445
HROV-vOTU04933	diagnosis	RA	-0.624881117798315	0.503561222706009	77	66	0.218718523956286	0.759275663143445
HROV-vOTU07154	Smoking_Status	Never_Smoker	0.967729499852608	0.776226088311955	77	24	0.216600891811473	0.759275663143445
HROV-vOTU47608	Smoking_Status	Former_Smoker	-1.55124698141474	1.24686798456508	77	30	0.217548970489824	0.759275663143445
HROV-vOTU17977	diagnosis	RA	0.412851233734076	0.332793883449122	77	8	0.218851661368128	0.759275663143445
HROV-vOTU03164	diagnosis	RA	0.381367756166018	0.306147251028717	77	10	0.21696955501079	0.759275663143445
HROV-vOTU13787	diagnosis	RA	0.643950939193303	0.518050662220606	77	26	0.217947181088255	0.759275663143445
HROV-vOTU20688	Smoking_Status	Former_Smoker	2.1652735836221	1.73804531730131	77	33	0.216929686273133	0.759275663143445
HROV-vOTU38514	Smoking_Status	Never_Smoker	1.29555957169787	1.04337827729582	77	26	0.218434759340515	0.759275663143445
HROV-vOTU02230	Smoking_Status	Never_Smoker	-0.890561539436006	0.714837483656946	77	12	0.216924517314658	0.759275663143445
HROV-vOTU59281	Smoking_Status	Never_Smoker	1.20979234041624	0.975498533053139	77	63	0.218992345300362	0.759275663143445
HROV-vOTU18924	Sex	M	1.13653904535583	0.916825668323858	77	56	0.21918824463294	0.759275663143445
HROV-vOTU18924	Smoking_Status	Former_Smoker	2.0758036273095	1.67503508522213	77	56	0.219330240169112	0.759275663143445
HROV-vOTU31835	Age	Age	0.166970672324999	0.13383179371421	77	10	0.216271087508564	0.759275663143445
HROV-vOTU64505	Age	Age	-0.196821030866999	0.157586220930049	77	26	0.215777006011378	0.759275663143445
HROV-vOTU63635	Sex	M	0.667369835103952	0.535595458802079	77	18	0.216848010364742	0.759275663143445
HROV-vOTU56171	Smoking_Status	Former_Smoker	1.97287519359912	1.58384986669831	77	22	0.21699888399555	0.759275663143445
HROV-vOTU73093	Smoking_Status	Never_Smoker	0.816839005640642	0.654717770636724	77	30	0.216269578848622	0.759275663143445
HROV-vOTU62525	diagnosis	RA	-0.89054836826443	0.715659522016901	77	44	0.217454056414331	0.759275663143445
HROV-vOTU43440	Smoking_Status	Never_Smoker	0.802825537256631	0.647676860476778	77	21	0.219224780505112	0.759275663143445
HROV-vOTU28224	diagnosis	RA	-0.815624229067288	0.656175509623662	77	42	0.217958132872043	0.759275663143445
HROV-vOTU53048	Sex	M	0.753602411825021	0.608067364759574	77	22	0.21930060181414	0.759275663143445
HROV-vOTU53401	Smoking_Status	Never_Smoker	1.25294161455336	1.00376763293282	77	25	0.216044336568485	0.759275663143445
HROV-vOTU42631	Smoking_Status	Former_Smoker	-1.56436055657099	1.25468849651639	77	37	0.216564053192621	0.759275663143445
HROV-vOTU04957	Age	Age	-0.549923128321044	0.44097470681904	77	56	0.216472618177891	0.759275663143445
HROV-vOTU20618	diagnosis	RA	-0.450945738911437	0.361092175355818	77	24	0.215826207455749	0.759275663143445
HROV-vOTU37012	Sex	M	-0.95586417485741	0.765300058671671	77	45	0.215765318761283	0.759275663143445
HROV-vOTU72107	Smoking_Status	Never_Smoker	0.921188883506069	0.74355578022661	77	25	0.219463842096425	0.759275663143445
HROV-vOTU20111	Age	Age	-0.465657253045087	0.37397031393781	77	44	0.217162635950177	0.759275663143445
HROV-vOTU56596	Sex	M	-1.22179629080605	0.98218442703253	77	35	0.217606309229517	0.759275663143445
HROV-vOTU60600	Smoking_Status	Never_Smoker	1.21006685801699	0.974150920501502	77	47	0.218259050126304	0.759275663143445
HROV-vOTU11909	Smoking_Status	Former_Smoker	1.07759685609241	0.868645231707437	77	11	0.218856253316892	0.759275663143445
HROV-vOTU08046	Smoking_Status	Former_Smoker	2.15016338722971	1.73264256858328	77	51	0.218700308145541	0.759275663143445
HROV-vOTU11046	Smoking_Status	Never_Smoker	0.524941418836865	0.422521658979254	77	8	0.218176472183945	0.759275663143445
HROV-vOTU39819	Age	Age	-0.364570674662077	0.292941032236774	77	19	0.217401181641278	0.759275663143445
HROV-vOTU56260	Age	Age	-0.493427737091246	0.395871843351845	77	41	0.216702218063932	0.759275663143445
HROV-vOTU49629	Sex	M	0.937079788252741	0.755278517325334	77	36	0.218797943161302	0.759275663143445
HROV-vOTU69480	Age	Age	0.424092389092236	0.339542806249309	77	39	0.215763743363184	0.759275663143445
HROV-vOTU05258	Age	Age	-0.336919722670049	0.271872676032509	77	18	0.219331800291546	0.759275663143445
HROV-vOTU40670	Smoking_Status	Former_Smoker	-1.52614492553182	1.22260961769699	77	24	0.216033539068233	0.759275663143445
HROV-vOTU18266	diagnosis	RA	-0.832560172552575	0.671678917106355	77	31	0.21923410645719	0.759275663143445
HROV-vOTU18316	Smoking_Status	Never_Smoker	1.50394679694224	1.21083977109541	77	27	0.218298195976964	0.759275663143445
HROV-vOTU03135	diagnosis	RA	-0.661811252470971	0.532838573318113	77	14	0.218305858095398	0.759275663143445
HROV-vOTU33026	Smoking_Status	Former_Smoker	1.42189189619329	1.14728263882272	77	19	0.219294750197608	0.759275663143445
HROV-vOTU45592	Smoking_Status	Former_Smoker	1.20094441293813	0.962537499208414	77	15	0.216245609945238	0.759275663143445
HROV-vOTU70747	Age	Age	-0.100724870768174	0.0806517734944572	77	9	0.215808861961071	0.759275663143445
HROV-vOTU23458	Smoking_Status	Never_Smoker	0.696694247833985	0.559751291033143	77	9	0.217353411784593	0.759275663143445
HROV-vOTU51625	diagnosis	RA	-0.721387214147095	0.58215635662699	77	23	0.219365482319255	0.759275663143445
HROV-vOTU16913	Age	Age	-0.295792537470171	0.238605618509622	77	22	0.219178847744961	0.759275663143445
HROV-vOTU57629	Age	Age	-0.195480643876355	0.157538852554843	77	9	0.218748995787231	0.759275663143445
HROV-vOTU53756	diagnosis	RA	-1.29248892679632	1.03628897128412	77	28	0.216412287764689	0.759275663143445
HROV-vOTU63599	diagnosis	RA	-0.337713648004419	0.270530152404701	77	9	0.216007425541976	0.759275663143445
HROV-vOTU02809	Age	Age	-0.158274070289705	0.127360047808158	77	14	0.218056207746128	0.759275663143445
HROV-vOTU37085	Age	Age	-0.231010534936918	0.185745420891907	77	15	0.217702818813799	0.759275663143445
HROV-vOTU66044	Sex	M	0.415033448737171	0.333575250163109	77	12	0.217518788837526	0.759275663143445
HROV-vOTU48896	Smoking_Status	Never_Smoker	0.598880503411398	0.481276844108817	77	19	0.217460185963197	0.759275663143445
HROV-vOTU75446	Age	Age	0.173231890907094	0.139339430938921	77	8	0.217870375288457	0.759275663143445
HROV-vOTU05380	diagnosis	RA	0.449870914908293	0.360786997181881	77	13	0.216526272037926	0.759275663143445
HROV-vOTU59165	Sex	M	0.63553797903044	0.509182614206644	77	12	0.216075407854231	0.759275663143445
HROV-vOTU28139	Smoking_Status	Never_Smoker	0.632607863489182	0.510345905555781	77	9	0.219217269497862	0.759275663143445
HROV-vOTU10158	Smoking_Status	Never_Smoker	0.399492437465291	0.321562663102382	77	8	0.21819631154386	0.759275663143445
HROV-vOTU08400	Smoking_Status	Former_Smoker	-1.16939092083526	0.944310063635468	77	15	0.219663441824526	0.759358911020541
HROV-vOTU70337	Sex	M	-0.692258403109413	0.55899960516275	77	10	0.219651219387848	0.759358911020541
HROV-vOTU26189	Age	Age	-0.188004775331735	0.151813007633554	77	12	0.219647898880065	0.759358911020541
HROV-vOTU24158	Smoking_Status	Former_Smoker	1.64089288853877	1.3249327516361	77	37	0.219620061859915	0.759358911020541
HROV-vOTU66335	diagnosis	RA	0.894909538773675	0.723195441405692	77	32	0.220001377153634	0.759440816162245
HROV-vOTU56622	Age	Age	-0.502653839365901	0.406199622152246	77	52	0.219995038648139	0.759440816162245
HROV-vOTU02539	Smoking_Status	Never_Smoker	1.11456324301843	0.901199141916642	77	68	0.220253104673542	0.759440816162245
HROV-vOTU37103	Age	Age	-0.325009380959507	0.263467405090529	77	70	0.221425865247925	0.759440816162245
HROV-vOTU42804	Smoking_Status	Former_Smoker	1.50461703078164	1.21974849783986	77	65	0.22143988642618	0.759440816162245
HROV-vOTU07321	diagnosis	RA	-0.569749574958995	0.461254497462032	77	76	0.22082149256754	0.759440816162245
HROV-vOTU55031	Smoking_Status	Never_Smoker	0.765091408499488	0.61936422055869	77	74	0.220796442799	0.759440816162245
HROV-vOTU65577	Sex	M	-1.1452360533899	0.928236461376551	77	53	0.221354941397842	0.759440816162245
HROV-vOTU69633	Smoking_Status	Never_Smoker	1.07963404049007	0.874881801419178	77	70	0.221259384311396	0.759440816162245
HROV-vOTU71430	Sex	M	0.992889512475786	0.801985168212217	77	69	0.219779537969185	0.759440816162245
HROV-vOTU66501	Sex	M	0.794101012844786	0.642773786025589	77	73	0.220743452917325	0.759440816162245
HROV-vOTU45963	Smoking_Status	Never_Smoker	-0.875808497106766	0.708968061922583	77	9	0.220780380338086	0.759440816162245
HROV-vOTU00489	Smoking_Status	Never_Smoker	0.443827364379577	0.359159027253534	77	74	0.22062808892305	0.759440816162245
HROV-vOTU46902	Smoking_Status	Former_Smoker	1.95047885899163	1.58094481069742	77	38	0.221367413225689	0.759440816162245
HROV-vOTU69787	diagnosis	RA	0.428802829329376	0.347398513835563	77	32	0.221151525114557	0.759440816162245
HROV-vOTU57623	Smoking_Status	Former_Smoker	-2.27204727153153	1.83800473249032	77	40	0.220477250028726	0.759440816162245
HROV-vOTU09258	diagnosis	RA	-0.605303181600591	0.489456286215971	77	59	0.220279279849612	0.759440816162245
HROV-vOTU67265	Smoking_Status	Former_Smoker	1.4779743272073	1.19472150942887	77	60	0.220130904608886	0.759440816162245
HROV-vOTU21945	Sex	M	0.840409463447331	0.680134779191821	77	44	0.220661044694543	0.759440816162245
HROV-vOTU05381	Age	Age	-0.36187433572648	0.293375490972675	77	67	0.221462755710733	0.759440816162245
HROV-vOTU20020	Sex	M	0.671857449466458	0.54426464768388	77	69	0.221112251733237	0.759440816162245
HROV-vOTU39467	Sex	M	0.731173028844525	0.59263654846226	77	75	0.221359842107985	0.759440816162245
HROV-vOTU61421	Smoking_Status	Former_Smoker	2.27234642752881	1.83811948896017	77	21	0.220445640032936	0.759440816162245
HROV-vOTU12828	Age	Age	0.559918523602187	0.45350938138728	77	52	0.221036972557914	0.759440816162245
HROV-vOTU62835	Smoking_Status	Never_Smoker	-1.03868198420766	0.841140163449734	77	36	0.220957366100224	0.759440816162245
HROV-vOTU66910	Smoking_Status	Former_Smoker	1.81004308566866	1.46694244173583	77	51	0.221313421620007	0.759440816162245
HROV-vOTU50793	Smoking_Status	Former_Smoker	1.94372236326229	1.57291724625419	77	45	0.220626965353076	0.759440816162245
HROV-vOTU27668	Sex	M	0.906724001028374	0.732539990339118	77	69	0.219874951189891	0.759440816162245
HROV-vOTU22235	Age	Age	0.358362880532609	0.28998925732048	77	62	0.220613555441792	0.759440816162245
HROV-vOTU61599	diagnosis	RA	0.68439319299823	0.553339933254216	77	15	0.220221863605501	0.759440816162245
HROV-vOTU75519	Smoking_Status	Never_Smoker	1.42779932212612	1.15637364319417	77	13	0.221004961101837	0.759440816162245
HROV-vOTU63670	Sex	M	-0.761598532108417	0.615551385651577	77	41	0.220066188317152	0.759440816162245
HROV-vOTU12202	Smoking_Status	Never_Smoker	1.47297022323979	1.19371910703979	77	33	0.221296600886183	0.759440816162245
HROV-vOTU52184	Smoking_Status	Never_Smoker	1.64076623340839	1.33028581558635	77	46	0.221496655125848	0.759440816162245
HROV-vOTU46619	Smoking_Status	Never_Smoker	0.837238591660093	0.677100172457234	77	27	0.220345225541066	0.759440816162245
HROV-vOTU25602	Smoking_Status	Former_Smoker	-1.02878256808333	0.831511795291631	77	12	0.220073127053088	0.759440816162245
HROV-vOTU47236	Age	Age	0.232004555241468	0.18759735241716	77	14	0.220267967883026	0.759440816162245
HROV-vOTU42883	Sex	M	-0.64697282188353	0.523970257780965	77	21	0.220994004707253	0.759440816162245
HROV-vOTU27610	Age	Age	0.298454247420786	0.241533370325233	77	48	0.220656131807708	0.759440816162245
HROV-vOTU55586	Age	Age	-0.538148579901026	0.436319285064846	77	33	0.221500823367859	0.759440816162245
HROV-vOTU36109	diagnosis	RA	0.505162723330418	0.409053474040022	77	17	0.220918461975211	0.759440816162245
HROV-vOTU01986	diagnosis	RA	1.0020870984198	0.81060303058984	77	26	0.22044937716343	0.759440816162245
HROV-vOTU46527	diagnosis	RA	0.453950945206248	0.367635847911381	77	11	0.220981726671051	0.759440816162245
HROV-vOTU41249	Smoking_Status	Former_Smoker	1.34308133397736	1.08578099954858	77	23	0.220173084672995	0.759440816162245
HROV-vOTU01921	diagnosis	RA	-0.531547505385108	0.430920000952644	77	53	0.221450674440668	0.759440816162245
HROV-vOTU15824	Sex	M	0.580620142314014	0.470012496416057	77	23	0.220780159622793	0.759440816162245
HROV-vOTU56306	Smoking_Status	Former_Smoker	0.752331507462267	0.609357649400286	77	9	0.221038631611183	0.759440816162245
HROV-vOTU75469	diagnosis	RA	-0.451293983299347	0.365171459078122	77	13	0.220590833397924	0.759440816162245
HROV-vOTU66926	Age	Age	-0.184292958577544	0.148976351040047	77	15	0.22014015166115	0.759440816162245
HROV-vOTU40169	Smoking_Status	Former_Smoker	1.68300619633187	1.36326247030532	77	21	0.221070981060075	0.759440816162245
HROV-vOTU74379	Sex	M	-0.689986555644137	0.558854753579235	77	13	0.221033690791193	0.759440816162245
HROV-vOTU65027	Smoking_Status	Never_Smoker	1.55016898373158	1.25370356831168	77	14	0.220357980576024	0.759440816162245
HROV-vOTU23225	Sex	M	1.05167501412117	0.851332416095209	77	29	0.220780482859761	0.759440816162245
HROV-vOTU05499	Smoking_Status	Former_Smoker	0.740358787425003	0.599895567270158	77	13	0.221217926667349	0.759440816162245
HROV-vOTU68761	Smoking_Status	Never_Smoker	0.762871204489229	0.618517825091464	77	11	0.221499547004884	0.759440816162245
HROV-vOTU50930	diagnosis	RA	-0.825602564155231	0.669672387100862	77	60	0.221699949984884	0.75967115729086
HROV-vOTU14058	Smoking_Status	Never_Smoker	0.590336308109831	0.478763963514872	77	8	0.221626883757918	0.75967115729086
HROV-vOTU34202	Age	Age	-0.161812902590905	0.131247092898837	77	11	0.221684352470493	0.75967115729086
HROV-vOTU26712	Smoking_Status	Former_Smoker	1.88679116366586	1.53032930378338	77	30	0.221668050782705	0.75967115729086
HROV-vOTU43318	Sex	M	0.454938454966027	0.369120686472823	77	53	0.221830913222526	0.759947027284703
HROV-vOTU25472	Sex	M	0.871683191182959	0.707276400421253	77	33	0.221846455251197	0.759947027284703
HROV-vOTU13481	Smoking_Status	Never_Smoker	1.33554029150423	1.08425009762262	77	57	0.222101305869903	0.760254618636127
HROV-vOTU07138	Smoking_Status	Former_Smoker	-1.26083147091089	1.02351854444621	77	8	0.222065703712705	0.760254618636127
HROV-vOTU19800	Smoking_Status	Never_Smoker	1.25963758599019	1.02238524593655	77	41	0.221992278425217	0.760254618636127
HROV-vOTU33631	Smoking_Status	Never_Smoker	1.05257441748911	0.854467284842807	77	32	0.222069868199634	0.760254618636127
HROV-vOTU53512	Sex	M	0.992782694617727	0.805816016714144	77	31	0.222005690624871	0.760254618636127
HROV-vOTU16373	Sex	M	1.28306412280505	1.04445078417591	77	43	0.223331537388111	0.760407042023573
HROV-vOTU14527	Smoking_Status	Former_Smoker	-1.34636364673822	1.0944536874413	77	77	0.222694042221746	0.760407042023573
HROV-vOTU13481	diagnosis	RA	0.780594542832693	0.634752512595235	77	57	0.222845735594796	0.760407042023573
HROV-vOTU19474	Age	Age	-0.14314703861063	0.116393932954531	77	74	0.222813116493144	0.760407042023573
HROV-vOTU57374	diagnosis	RA	-1.07333947362775	0.872314790186066	77	65	0.222589828455742	0.760407042023573
HROV-vOTU36455	diagnosis	RA	0.729729860426359	0.593374598760277	77	37	0.222832995961229	0.760407042023573
HROV-vOTU57134	Smoking_Status	Former_Smoker	0.995455837735131	0.810663775060445	77	20	0.223520517634201	0.760407042023573
HROV-vOTU11474	Smoking_Status	Never_Smoker	-0.866463566947775	0.705600721110505	77	17	0.223509905420883	0.760407042023573
HROV-vOTU67194	Sex	M	0.37143832215009	0.302419717656468	77	77	0.223419905225911	0.760407042023573
HROV-vOTU38772	Smoking_Status	Former_Smoker	1.62605477860314	1.32245465780583	77	70	0.222916054399842	0.760407042023573
HROV-vOTU36535	diagnosis	RA	-0.650290304354569	0.528201777472931	77	65	0.22233318013023	0.760407042023573
HROV-vOTU16572	Sex	M	1.40541382545466	1.14264812993166	77	49	0.222771284257822	0.760407042023573
HROV-vOTU38801	Age	Age	-0.416817172417582	0.338529798085631	77	69	0.222289687720451	0.760407042023573
HROV-vOTU38564	Age	Age	-0.258210203080714	0.210131537872488	77	15	0.223203098115754	0.760407042023573
HROV-vOTU05596	Smoking_Status	Never_Smoker	-1.34638519384393	1.09591681513488	77	59	0.223298465393055	0.760407042023573
HROV-vOTU22790	Smoking_Status	Former_Smoker	0.836832890839247	0.680958491072788	77	67	0.223165194473363	0.760407042023573
HROV-vOTU60930	Smoking_Status	Former_Smoker	-2.05177013523596	1.66767661084494	77	52	0.222639362561137	0.760407042023573
HROV-vOTU62944	diagnosis	RA	-1.08326271475639	0.880586412005454	77	46	0.222697386002031	0.760407042023573
HROV-vOTU06489	Smoking_Status	Never_Smoker	1.99087387037232	1.62126915966487	77	34	0.223512717011089	0.760407042023573
HROV-vOTU62380	Smoking_Status	Former_Smoker	-1.595933216476	1.29774129238816	77	31	0.222839928820666	0.760407042023573
HROV-vOTU20558	Age	Age	-0.531486335833505	0.432413106944548	77	48	0.223085944312405	0.760407042023573
HROV-vOTU06937	Smoking_Status	Never_Smoker	0.8222827617769	0.668972706444685	77	12	0.223065347916873	0.760407042023573
HROV-vOTU66693	Smoking_Status	Former_Smoker	-0.826163514985966	0.672693947577624	77	11	0.223449561902289	0.760407042023573
HROV-vOTU34657	Sex	M	1.16551343641775	0.949314454509111	77	33	0.223598631723128	0.760407042023573
HROV-vOTU15979	Smoking_Status	Never_Smoker	1.46820435861365	1.19425891889082	77	52	0.222986025529385	0.760407042023573
HROV-vOTU09805	Sex	M	1.26301306667085	1.02611831994491	77	51	0.22243540532265	0.760407042023573
HROV-vOTU63077	Smoking_Status	Former_Smoker	-2.08807311101325	1.70073495611296	77	28	0.223596656884495	0.760407042023573
HROV-vOTU23188	Age	Age	0.211185414075335	0.17161974072827	77	14	0.222555247701026	0.760407042023573
HROV-vOTU54565	Age	Age	0.476857913178479	0.387365456810056	77	46	0.22237460549337	0.760407042023573
HROV-vOTU30268	Age	Age	-0.242909358208223	0.197642137149026	77	21	0.223116049120648	0.760407042023573
HROV-vOTU22871	Age	Age	0.312176190263802	0.253573601360183	77	14	0.222345489498614	0.760407042023573
HROV-vOTU19271	diagnosis	RA	-0.524155610357789	0.425899062574841	77	24	0.222495309354525	0.760407042023573
HROV-vOTU71791	Smoking_Status	Never_Smoker	0.527237425239724	0.428215527940325	77	17	0.222294831274712	0.760407042023573
HROV-vOTU46527	Smoking_Status	Never_Smoker	0.771049589814799	0.627975779658979	77	11	0.223564632006453	0.760407042023573
HROV-vOTU07555	Age	Age	-0.600143153566399	0.488338049500053	77	66	0.223148121056066	0.760407042023573
HROV-vOTU12004	Sex	M	-0.707010236565401	0.574428000453212	77	12	0.222456798132125	0.760407042023573
HROV-vOTU07415	diagnosis	RA	-0.377346603844243	0.306445618097127	77	14	0.222249306730021	0.760407042023573
HROV-vOTU69300	Smoking_Status	Former_Smoker	2.61647574972109	2.13013301540236	77	35	0.223384689260703	0.760407042023573
HROV-vOTU15351	diagnosis	RA	-0.656293380593378	0.533860021621385	77	25	0.223004362633969	0.760407042023573
HROV-vOTU51025	Age	Age	-0.201957928872535	0.16410655760927	77	10	0.222514891059627	0.760407042023573
HROV-vOTU26102	diagnosis	RA	-0.401908513099623	0.326871338450635	77	11	0.222920289936214	0.760407042023573
HROV-vOTU28588	Sex	M	0.584285105939032	0.474929796984715	77	16	0.222661989827829	0.760407042023573
HROV-vOTU17998	Age	Age	-0.0795631394428276	0.0647535386844959	77	8	0.223238698237494	0.760407042023573
HROV-vOTU22923	Sex	M	-0.628931440616641	0.512028981427654	77	9	0.223385984192189	0.760407042023573
HROV-vOTU46696	diagnosis	RA	-0.41260570965465	0.336098682084597	77	77	0.223639534514822	0.760433852041393
HROV-vOTU56750	Sex	M	0.861512500046616	0.702016711996615	77	71	0.223802344502404	0.760803108689671
HROV-vOTU03622	Age	Age	-0.457409662648646	0.37275916843295	77	31	0.223841530551439	0.760803108689671
HROV-vOTU18880	Age	Age	-0.116063743313822	0.0945855905951107	77	14	0.223847236842432	0.760803108689671
HROV-vOTU30434	Sex	M	0.725535569728473	0.591375364930012	77	63	0.223927567207564	0.760963829539647
HROV-vOTU33246	Smoking_Status	Never_Smoker	0.896796511742386	0.731073206768796	77	18	0.223993468431704	0.761075476244047
HROV-vOTU19088	diagnosis	RA	0.692841711758646	0.564856305127148	77	34	0.224032520865387	0.761095877788738
HROV-vOTU21496	diagnosis	RA	-0.440568633813178	0.359733737073524	77	71	0.224733299253876	0.761427468568623
HROV-vOTU10146	Sex	M	1.16019882290029	0.947174019439614	77	52	0.224659105290287	0.761427468568623
HROV-vOTU28892	diagnosis	RA	1.23157330519501	1.00548798752346	77	32	0.224679452642984	0.761427468568623
HROV-vOTU04745	Age	Age	0.364106993465274	0.297247293567794	77	74	0.224650160755523	0.761427468568623
HROV-vOTU15021	Sex	M	-1.02097269097907	0.833002828718176	77	53	0.22437922816929	0.761427468568623
HROV-vOTU32134	Smoking_Status	Never_Smoker	0.533990797807133	0.435522346051648	77	75	0.224214850690213	0.761427468568623
HROV-vOTU47170	Sex	M	1.05420184899144	0.860582548033076	77	39	0.224628901138149	0.761427468568623
HROV-vOTU12141	diagnosis	RA	-0.928699712433837	0.757770810757427	77	56	0.224411129980165	0.761427468568623
HROV-vOTU07278	Age	Age	-0.469602871308852	0.383372087469396	77	62	0.224651066457202	0.761427468568623
HROV-vOTU13262	Smoking_Status	Never_Smoker	1.07349737524449	0.87559209259623	77	32	0.224240373171158	0.761427468568623
HROV-vOTU01038	Smoking_Status	Former_Smoker	-0.856475727393672	0.699304104237884	77	9	0.224715787813096	0.761427468568623
HROV-vOTU14674	Sex	M	-0.606353998031936	0.494959834275269	77	13	0.224602443827337	0.761427468568623
HROV-vOTU72401	diagnosis	RA	0.685416565067991	0.559171581159581	77	22	0.224335031502489	0.761427468568623
HROV-vOTU06547	diagnosis	RA	-0.632449317146879	0.516431341156755	77	43	0.224753653246134	0.761427468568623
HROV-vOTU32445	Smoking_Status	Never_Smoker	0.895329513062656	0.731052395994954	77	29	0.224731196417535	0.761427468568623
HROV-vOTU15782	Sex	M	0.7054035108648	0.575780305864727	77	55	0.224576542826267	0.761427468568623
HROV-vOTU13086	diagnosis	RA	0.556440701274891	0.454002940295063	77	20	0.224387069498201	0.761427468568623
HROV-vOTU15351	Sex	M	0.863019552031626	0.704605046417632	77	25	0.224688425632629	0.761427468568623
HROV-vOTU62802	Smoking_Status	Former_Smoker	1.29488709095621	1.05736072427494	77	10	0.224758312259205	0.761427468568623
HROV-vOTU42965	diagnosis	RA	-0.577636513716477	0.471760111082826	77	26	0.224837867503392	0.761584951993398
HROV-vOTU21781	Age	Age	-0.236774146080141	0.19349713922239	77	45	0.22512705947831	0.761621911019118
HROV-vOTU67283	Age	Age	-0.358036803222084	0.29256285582936	77	60	0.225075538001759	0.761621911019118
HROV-vOTU63905	diagnosis	RA	-0.702539065270507	0.574154885288483	77	45	0.225146416422847	0.761621911019118
HROV-vOTU39920	Sex	M	-0.672945379243014	0.549833764732256	77	16	0.22503334811766	0.761621911019118
HROV-vOTU08091	diagnosis	RA	0.407524357157766	0.333004248840386	77	12	0.225080491887936	0.761621911019118
HROV-vOTU50443	Smoking_Status	Never_Smoker	0.844149578673356	0.689840671483193	77	15	0.225115559729846	0.761621911019118
HROV-vOTU51632	Age	Age	-0.212000450257463	0.17321914156115	77	13	0.225041282012663	0.761621911019118
HROV-vOTU44791	Smoking_Status	Former_Smoker	0.588984073894088	0.481204783875492	77	10	0.225006713498883	0.761621911019118
HROV-vOTU17706	diagnosis	RA	0.473586737460853	0.386889556148579	77	14	0.22496559964037	0.761621911019118
HROV-vOTU15581	Smoking_Status	Never_Smoker	0.448687819181715	0.366792219016031	77	8	0.225270335527358	0.761764792948096
HROV-vOTU02798	Age	Age	0.397327550786502	0.324818771001747	77	39	0.225287885574011	0.761764792948096
HROV-vOTU22117	Age	Age	0.143749648859793	0.117505348281536	77	12	0.225243919309638	0.761764792948096
HROV-vOTU56474	Sex	M	0.692705182231794	0.56648219344353	77	12	0.225441570048626	0.762172542310608
HROV-vOTU51043	diagnosis	RA	-0.399434689097222	0.326718901933892	77	77	0.225537411892646	0.762248972135913
HROV-vOTU19575	Smoking_Status	Former_Smoker	1.84129420555177	1.50600618733032	77	54	0.225511073356321	0.762248972135913
HROV-vOTU24063	Smoking_Status	Never_Smoker	0.983557568846196	0.804549769370147	77	19	0.225563471346342	0.762248972135913
HROV-vOTU71398	diagnosis	RA	-0.739137470403712	0.604769682080594	77	28	0.225681537739593	0.762536064281518
HROV-vOTU06938	Smoking_Status	Never_Smoker	0.842609271404111	0.689537387950519	77	12	0.225752169628184	0.762537405333753
HROV-vOTU34922	Age	Age	-0.336248736235837	0.275261194224677	77	24	0.225913708927147	0.762537405333753
HROV-vOTU16037	Smoking_Status	Never_Smoker	-1.03895815745218	0.850496824941277	77	32	0.22590346044454	0.762537405333753
HROV-vOTU58716	Age	Age	-0.136611997553657	0.111793896768426	77	9	0.22574970237588	0.762537405333753
HROV-vOTU73170	Age	Age	-0.239483269530558	0.19603339082113	77	13	0.225882554852691	0.762537405333753
HROV-vOTU42090	Age	Age	0.201725129341863	0.165117770435451	77	8	0.225860280943212	0.762537405333753
HROV-vOTU11412	Smoking_Status	Former_Smoker	-1.52113645675511	1.24523037099564	77	9	0.225910747891425	0.762537405333753
HROV-vOTU44575	Smoking_Status	Never_Smoker	1.75767749279062	1.4396162165498	77	35	0.226149822016484	0.763222508944846
HROV-vOTU27563	Smoking_Status	Never_Smoker	1.00503747779151	0.823387843673943	77	55	0.226271128300962	0.763291996559803
HROV-vOTU62395	Sex	M	0.522366982070738	0.427946490290504	77	72	0.22626219485182	0.763291996559803
HROV-vOTU63801	Age	Age	0.263115645336912	0.215575287923162	77	45	0.226302985345651	0.763291996559803
HROV-vOTU63450	Smoking_Status	Never_Smoker	0.627874895877434	0.514391854313337	77	24	0.226269826366954	0.763291996559803
HROV-vOTU15477	diagnosis	RA	-0.357764488114714	0.293540290153448	77	76	0.226957317476656	0.763357533177087
HROV-vOTU21496	Age	Age	-0.224607153008969	0.184047814268112	77	71	0.226360949412528	0.763357533177087
HROV-vOTU72034	Smoking_Status	Never_Smoker	1.61972307104787	1.32836387257997	77	29	0.226751712976519	0.763357533177087
HROV-vOTU09505	Smoking_Status	Never_Smoker	1.18376973277455	0.970521817810143	77	66	0.226605408287478	0.763357533177087
HROV-vOTU73506	diagnosis	RA	-1.04025745796781	0.853325783185687	77	58	0.226855189128887	0.763357533177087
HROV-vOTU59666	Sex	M	0.804394369724931	0.659277277793486	77	25	0.226458311155167	0.763357533177087
HROV-vOTU50642	Smoking_Status	Former_Smoker	2.52594351529666	2.07238475702841	77	68	0.226932186987665	0.763357533177087
HROV-vOTU75492	Smoking_Status	Former_Smoker	1.63655846020436	1.34168837400201	77	34	0.226586421635659	0.763357533177087
HROV-vOTU20181	Sex	M	-0.717665022766275	0.588673176460861	77	18	0.226832360215078	0.763357533177087
HROV-vOTU53214	Sex	M	0.836962360452827	0.686756663643037	77	16	0.226985340303808	0.763357533177087
HROV-vOTU15600	Smoking_Status	Never_Smoker	1.05100728866641	0.861735510546691	77	11	0.226637363707799	0.763357533177087
HROV-vOTU14222	diagnosis	RA	0.583993474134728	0.478585749913297	77	17	0.226408238134037	0.763357533177087
HROV-vOTU08046	Sex	M	1.15593433621373	0.9483569597571	77	51	0.226923628560346	0.763357533177087
HROV-vOTU06820	diagnosis	RA	0.588240757585892	0.482411715377625	77	19	0.226737365264479	0.763357533177087
HROV-vOTU06146	Smoking_Status	Former_Smoker	2.08092162880946	1.70682599084361	77	23	0.226812305005972	0.763357533177087
HROV-vOTU23940	Age	Age	-0.122743388388892	0.100680626305706	77	11	0.226827419982891	0.763357533177087
HROV-vOTU53233	Sex	M	0.648515832398949	0.531875397013986	77	14	0.226765507883203	0.763357533177087
HROV-vOTU49930	Smoking_Status	Never_Smoker	0.958782859936757	0.785917268631892	77	29	0.226519147379133	0.763357533177087
HROV-vOTU63283	diagnosis	RA	0.688418307576805	0.564594589272345	77	27	0.22676019577124	0.763357533177087
HROV-vOTU09393	Smoking_Status	Never_Smoker	1.14622184266679	0.940139546403573	77	19	0.226801843195252	0.763357533177087
HROV-vOTU03533	Sex	M	1.11309565710312	0.914896969368989	77	53	0.22777212263664	0.763623750568427
HROV-vOTU07317	diagnosis	RA	-0.609706788039734	0.501163253286335	77	73	0.227791715843224	0.763623750568427
HROV-vOTU04887	Smoking_Status	Former_Smoker	-1.56287344028138	1.28553923956946	77	68	0.228113226228121	0.763623750568427
HROV-vOTU55790	Smoking_Status	Never_Smoker	1.63833073055092	1.3471330124341	77	37	0.22795144383189	0.763623750568427
HROV-vOTU06241	diagnosis	RA	-0.552622489675288	0.454603718770186	77	73	0.228158707236706	0.763623750568427
HROV-vOTU38195	Age	Age	0.467877468054604	0.384886668963063	77	73	0.228154794344781	0.763623750568427
HROV-vOTU01399	Smoking_Status	Never_Smoker	1.46567612638118	1.20543800550198	77	63	0.228055282955926	0.763623750568427
HROV-vOTU06773	Smoking_Status	Former_Smoker	1.60460905887576	1.31818627263988	77	66	0.22752613445364	0.763623750568427
HROV-vOTU61483	diagnosis	RA	-0.589372704565797	0.484361118755116	77	43	0.227708069473154	0.763623750568427
HROV-vOTU01702	Smoking_Status	Never_Smoker	-1.253824031133	1.0309001783986	77	40	0.227920838272132	0.763623750568427
HROV-vOTU02501	Age	Age	0.252954577651226	0.207946868545111	77	16	0.227846454931185	0.763623750568427
HROV-vOTU57796	Sex	M	0.790272973965116	0.648800990970552	77	25	0.227236767239456	0.763623750568427
HROV-vOTU03452	Smoking_Status	Former_Smoker	1.91839080345121	1.57474041564968	77	55	0.227170590005193	0.763623750568427
HROV-vOTU07517	Sex	M	-1.01313595908064	0.833271348267141	77	38	0.228067847497478	0.763623750568427
HROV-vOTU66515	Smoking_Status	Never_Smoker	0.692179935257158	0.569105814254392	77	10	0.227914469789057	0.763623750568427
HROV-vOTU18898	Smoking_Status	Never_Smoker	0.643646991794535	0.529241259773525	77	9	0.227948316295021	0.763623750568427
HROV-vOTU31912	Age	Age	-0.376629579431015	0.309602121296138	77	25	0.227824899713217	0.763623750568427
HROV-vOTU14813	diagnosis	RA	-1.08984948903499	0.895680322454724	77	47	0.227715755349984	0.763623750568427
HROV-vOTU18806	diagnosis	RA	0.464383026695241	0.381887099677525	77	25	0.228004174392389	0.763623750568427
HROV-vOTU28506	diagnosis	RA	-0.578893827283155	0.475690695391659	77	38	0.227651361882089	0.763623750568427
HROV-vOTU49292	Sex	M	1.2023024993868	0.988536312500808	77	36	0.227919621341805	0.763623750568427
HROV-vOTU45209	Sex	M	0.923757403437879	0.759811361145241	77	41	0.228098728925511	0.763623750568427
HROV-vOTU70611	diagnosis	RA	-0.625169152109069	0.513207833841339	77	37	0.227195845443523	0.763623750568427
HROV-vOTU24074	Age	Age	-0.267498795283033	0.219552328433016	77	25	0.227111630516102	0.763623750568427
HROV-vOTU07267	diagnosis	RA	-0.967178278901095	0.795367608587794	77	33	0.228007052938556	0.763623750568427
HROV-vOTU45180	Sex	M	0.578357342759247	0.475658846524924	77	14	0.228047288971573	0.763623750568427
HROV-vOTU42274	Sex	M	-0.554590806967682	0.456193649631589	77	10	0.22812917256232	0.763623750568427
HROV-vOTU07652	Smoking_Status	Never_Smoker	0.745497550334022	0.613194622707371	77	9	0.22810325117331	0.763623750568427
HROV-vOTU57880	Age	Age	-0.140782461092598	0.115647167569173	77	9	0.227503782945421	0.763623750568427
HROV-vOTU18880	Smoking_Status	Never_Smoker	0.38425763941999	0.315791565622295	77	14	0.227706756498184	0.763623750568427
HROV-vOTU04672	Sex	M	-0.330637065985164	0.271471481919387	77	9	0.227277333709952	0.763623750568427
HROV-vOTU09705	Sex	M	0.309434598634932	0.254106868552836	77	8	0.22735662430312	0.763623750568427
HROV-vOTU47048	Smoking_Status	Never_Smoker	0.395266513620556	0.324540940774396	77	9	0.227284528075477	0.763623750568427
HROV-vOTU17770	Age	Age	-0.275668847436463	0.226814365279478	77	26	0.228241865206148	0.763791071737516
HROV-vOTU13259	diagnosis	RA	0.676763104477954	0.556975271379725	77	31	0.228365254460213	0.763891316480813
HROV-vOTU05290	Smoking_Status	Never_Smoker	1.18981722091662	0.979221937487326	77	26	0.228366997865385	0.763891316480813
HROV-vOTU60846	Smoking_Status	Never_Smoker	0.717231646577092	0.590288622677026	77	16	0.228371329308311	0.763891316480813
HROV-vOTU63059	Sex	M	1.00678422837378	0.828836336127284	77	50	0.228506439180963	0.763899447574041
HROV-vOTU53239	Sex	M	0.851615404899862	0.701024586230121	77	57	0.22846122254668	0.763899447574041
HROV-vOTU06637	Age	Age	0.351809686706251	0.289610287371651	77	30	0.228478667777723	0.763899447574041
HROV-vOTU20694	Sex	M	-0.50283930602882	0.413958497745166	77	10	0.228501354244435	0.763899447574041
HROV-vOTU64693	diagnosis	RA	0.444347303872437	0.365849428916304	77	11	0.228556765106854	0.76390435009525
HROV-vOTU62093	Smoking_Status	Former_Smoker	1.3131305967119	1.08119551376179	77	61	0.228574245614693	0.76390435009525
HROV-vOTU05127	Age	Age	0.353808884327508	0.291407854239558	77	34	0.228718712172235	0.76402769969027
HROV-vOTU01864	Smoking_Status	Never_Smoker	0.485512967681971	0.399881536570543	77	10	0.228716589884373	0.76402769969027
HROV-vOTU46852	Smoking_Status	Never_Smoker	0.922156205018443	0.759452554726916	77	28	0.22868013987066	0.76402769969027
HROV-vOTU57817	Smoking_Status	Never_Smoker	1.86465751854363	1.53587297564607	77	37	0.228743855378394	0.76402769969027
HROV-vOTU51059	Sex	M	-0.424501474979313	0.349730989162933	77	10	0.228848547926157	0.764044949077906
HROV-vOTU10154	Sex	M	-0.603403462018113	0.497055600040896	77	28	0.228787295890528	0.764044949077906
HROV-vOTU43115	Age	Age	-0.282731059184455	0.232917230267388	77	19	0.228820100214179	0.764044949077906
HROV-vOTU01529	diagnosis	RA	-0.96429141540947	0.794843789759181	77	52	0.229080452493646	0.764065611383887
HROV-vOTU29916	Smoking_Status	Never_Smoker	1.3867230528192	1.14302664256153	77	53	0.229073166007806	0.764065611383887
HROV-vOTU51101	Age	Age	-0.667098413374617	0.550000814351229	77	39	0.229186506445501	0.764065611383887
HROV-vOTU15039	diagnosis	RA	-1.08679719828569	0.896001140637714	77	30	0.229172315283871	0.764065611383887
HROV-vOTU47608	diagnosis	RA	-0.627371113839741	0.517088619750879	77	30	0.229045411048821	0.764065611383887
HROV-vOTU23140	Smoking_Status	Never_Smoker	1.22523754885979	1.00968609597989	77	27	0.22896648729979	0.764065611383887
HROV-vOTU27244	Sex	M	-0.81169655511033	0.668943072185304	77	9	0.228997659534692	0.764065611383887
HROV-vOTU10770	diagnosis	RA	-0.457920477401474	0.377523333012094	77	8	0.229165609835162	0.764065611383887
HROV-vOTU37085	diagnosis	RA	-0.440349439834733	0.363051822524779	77	15	0.229184116812989	0.764065611383887
HROV-vOTU64126	Age	Age	-0.174159074402688	0.143498936283934	77	10	0.22889911175913	0.764065611383887
HROV-vOTU27969	diagnosis	RA	-0.912241434427535	0.752536431630947	77	68	0.229445810838859	0.764295491347386
HROV-vOTU17254	Age	Age	0.258353635010281	0.21314210621698	77	11	0.229485024917052	0.764295491347386
HROV-vOTU41376	Smoking_Status	Former_Smoker	1.35178538140097	1.1147924585129	77	27	0.229306275681511	0.764295491347386
HROV-vOTU53891	Smoking_Status	Never_Smoker	0.847124364374592	0.698827533271063	77	47	0.229451223698586	0.764295491347386
HROV-vOTU11960	Smoking_Status	Never_Smoker	0.637262630354776	0.525745680873293	77	10	0.229487769112774	0.764295491347386
HROV-vOTU73667	Smoking_Status	Former_Smoker	0.938854081109996	0.774560284384123	77	14	0.229487625350756	0.764295491347386
HROV-vOTU12310	Sex	M	0.446836207025266	0.368603622491455	77	9	0.22943891827537	0.764295491347386
HROV-vOTU22737	Smoking_Status	Never_Smoker	1.35858002444818	1.12101412626029	77	30	0.229560593059945	0.76442748093848
HROV-vOTU21466	Smoking_Status	Former_Smoker	-0.672177102689411	0.554726787659552	77	76	0.229634446413426	0.764452341847529
HROV-vOTU41414	Age	Age	0.174472408714263	0.143977357677183	77	9	0.229604738281123	0.764452341847529
HROV-vOTU28376	diagnosis	RA	0.492458988914287	0.406501547507403	77	11	0.229737129644423	0.764462663735162
HROV-vOTU43749	Sex	M	0.336864789103806	0.278051590261044	77	14	0.229713377654448	0.764462663735162
HROV-vOTU12546	Smoking_Status	Never_Smoker	0.652481864170458	0.538528282536205	77	14	0.229681850376492	0.764462663735162
HROV-vOTU25803	Sex	M	0.718201133433591	0.593028233909412	77	73	0.229882768501776	0.764638467970636
HROV-vOTU54766	Smoking_Status	Never_Smoker	1.00280506820296	0.828041698064145	77	23	0.229889568051615	0.764638467970636
HROV-vOTU65910	Sex	M	1.39374104968825	1.15069345703712	77	53	0.229827832033999	0.764638467970636
HROV-vOTU15154	Sex	M	-0.527292376493231	0.43553362758963	77	11	0.230032427984424	0.764956787595321
HROV-vOTU48171	diagnosis	RA	1.1387439407844	0.940679985666998	77	28	0.230080888312761	0.764956787595321
HROV-vOTU65171	Smoking_Status	Never_Smoker	1.43855307316228	1.18835311229436	77	54	0.230084918266296	0.764956787595321
HROV-vOTU18869	Smoking_Status	Never_Smoker	1.00601183347421	0.83138467816901	77	24	0.230275394524062	0.765037844184818
HROV-vOTU59028	Smoking_Status	Former_Smoker	1.94896589203488	1.61044583016935	77	24	0.230214792929718	0.765037844184818
HROV-vOTU17341	Age	Age	-0.222819106941517	0.184110639434513	77	21	0.230198406437223	0.765037844184818
HROV-vOTU04255	Smoking_Status	Never_Smoker	-0.809123930757337	0.668481978713837	77	10	0.230143381333918	0.765037844184818
HROV-vOTU06818	Smoking_Status	Never_Smoker	0.73820712330564	0.610047438229512	77	9	0.230260998163992	0.765037844184818
HROV-vOTU56605	Smoking_Status	Never_Smoker	1.11101301881704	0.91845160144514	77	74	0.230422226894654	0.765239700024991
HROV-vOTU14986	diagnosis	RA	-0.358138473822842	0.296504544840215	77	76	0.231105930556401	0.765239700024991
HROV-vOTU72961	Age	Age	0.356126821506293	0.294935323517428	77	71	0.231256635831128	0.765239700024991
HROV-vOTU56428	Smoking_Status	Never_Smoker	-0.852555596744044	0.70577777293108	77	77	0.231068601875424	0.765239700024991
HROV-vOTU44591	diagnosis	RA	-0.692736384656123	0.572982777863432	77	41	0.230673486194825	0.765239700024991
HROV-vOTU30321	diagnosis	RA	0.558166415327815	0.462001353673789	77	72	0.23099872932982	0.765239700024991
HROV-vOTU17878	Smoking_Status	Never_Smoker	1.11723563732549	0.924923965012325	77	43	0.231085597131691	0.765239700024991
HROV-vOTU03137	Sex	M	1.26775045783912	1.04951147708282	77	36	0.231077265911315	0.765239700024991
HROV-vOTU38564	Smoking_Status	Former_Smoker	-1.19795325311654	0.990369456922984	77	15	0.23044373206984	0.765239700024991
HROV-vOTU21547	Smoking_Status	Never_Smoker	1.15044791325455	0.951784285285788	77	45	0.230777645133319	0.765239700024991
HROV-vOTU71045	Age	Age	0.353265087496531	0.292562569785466	77	16	0.231252314964327	0.765239700024991
HROV-vOTU56503	Age	Age	0.296246415621395	0.245208869241075	77	71	0.231002475603318	0.765239700024991
HROV-vOTU68402	Age	Age	-0.35969235730451	0.297624724538898	77	32	0.230848040765493	0.765239700024991
HROV-vOTU34779	Smoking_Status	Former_Smoker	-1.06526280950001	0.882458942677026	77	32	0.231379612044479	0.765239700024991
HROV-vOTU41060	Smoking_Status	Never_Smoker	1.43336532243346	1.1873068696353	77	22	0.231345945397295	0.765239700024991
HROV-vOTU40808	Age	Age	-0.378820337001589	0.313779433363645	77	59	0.231330100545398	0.765239700024991
HROV-vOTU54368	Smoking_Status	Never_Smoker	-0.644024968602843	0.532880988038935	77	14	0.230837118070446	0.765239700024991
HROV-vOTU15775	Sex	M	0.800566510182072	0.6620007083621	77	55	0.230553892096203	0.765239700024991
HROV-vOTU52432	diagnosis	RA	0.655527974741138	0.542036047624629	77	21	0.230528286430901	0.765239700024991
HROV-vOTU64636	Sex	M	0.985375126909301	0.815787895097996	77	30	0.231100917633166	0.765239700024991
HROV-vOTU41561	Sex	M	-0.592986309860583	0.490888423554383	77	8	0.231061006481864	0.765239700024991
HROV-vOTU28137	diagnosis	RA	0.514714158226576	0.426435891076359	77	11	0.231432675235522	0.765239700024991
HROV-vOTU68906	Smoking_Status	Former_Smoker	1.10616824262115	0.915590024198822	77	66	0.230999069242958	0.765239700024991
HROV-vOTU73302	diagnosis	RA	0.789214629317908	0.653236086889259	77	34	0.230993940059277	0.765239700024991
HROV-vOTU01539	Smoking_Status	Former_Smoker	-0.996978077652412	0.824410593039904	77	20	0.230550618003671	0.765239700024991
HROV-vOTU11680	Age	Age	-0.68204040130438	0.564944709949598	77	33	0.231335052929258	0.765239700024991
HROV-vOTU31620	Sex	M	0.957417595614544	0.791798867966576	77	35	0.230609616019856	0.765239700024991
HROV-vOTU06874	Sex	M	0.485434438138704	0.401657597721471	77	9	0.230834867204066	0.765239700024991
HROV-vOTU71494	diagnosis	RA	-0.47265413348136	0.391417598104467	77	8	0.231229818322156	0.765239700024991
HROV-vOTU33140	Sex	M	0.940498254745279	0.779190847801453	77	20	0.231430774911669	0.765239700024991
HROV-vOTU37661	Smoking_Status	Former_Smoker	1.62149188828778	1.34295890268695	77	20	0.231284110197595	0.765239700024991
HROV-vOTU17998	diagnosis	RA	-0.152930754332488	0.126565113268746	77	8	0.23093455510505	0.765239700024991
HROV-vOTU04926	diagnosis	RA	-0.234315066968869	0.193882843810291	77	11	0.230849496237777	0.765239700024991
HROV-vOTU47446	diagnosis	RA	0.484106951343533	0.401144309274088	77	14	0.231508917200929	0.765381906852915
HROV-vOTU17386	Sex	M	0.401962678449155	0.333105408887384	77	13	0.231547886793817	0.765400865919564
HROV-vOTU30964	Sex	M	0.42749578386214	0.354361346242064	77	25	0.231674000549747	0.765490987466658
HROV-vOTU49842	Sex	M	0.708016865036599	0.586935216118846	77	64	0.23170810567217	0.765490987466658
HROV-vOTU38904	Sex	M	-0.733528245163134	0.607991501954553	77	25	0.231638001740606	0.765490987466658
HROV-vOTU00799	diagnosis	RA	-0.565391046957669	0.468684873668169	77	22	0.231692621203226	0.765490987466658
HROV-vOTU73104	Smoking_Status	Never_Smoker	1.28277152406397	1.06359574422741	77	26	0.231793979507273	0.765555047763158
HROV-vOTU47918	Sex	M	0.454979815114068	0.377226493554554	77	18	0.231775654588475	0.765555047763158
HROV-vOTU09021	Age	Age	-0.353402570985547	0.293079403229511	77	38	0.231887945531732	0.765645790049576
HROV-vOTU38461	Smoking_Status	Former_Smoker	0.758710970992872	0.629190185525779	77	9	0.231877285584719	0.765645790049576
HROV-vOTU09438	Smoking_Status	Former_Smoker	-0.696317040487021	0.577766985180985	77	8	0.232132817501044	0.766344436216894
HROV-vOTU22382	Sex	M	0.861017613057592	0.714478978083355	77	21	0.232166579291111	0.766346039999181
HROV-vOTU08942	Age	Age	-0.399252619925107	0.332912596683672	77	53	0.234409429509486	0.766404920233624
HROV-vOTU01595	Smoking_Status	Former_Smoker	1.64050474595128	1.36581305205795	77	68	0.233696451475741	0.766404920233624
HROV-vOTU13785	diagnosis	RA	-0.886448081620975	0.737666087370959	77	68	0.233475566139756	0.766404920233624
HROV-vOTU62915	Age	Age	0.432762524320006	0.360698880820559	77	56	0.234209671101862	0.766404920233624
HROV-vOTU28892	Smoking_Status	Never_Smoker	-2.05862869543314	1.71752049341768	77	32	0.234666990877564	0.766404920233624
HROV-vOTU55745	Age	Age	0.357118543114866	0.297339420823273	77	67	0.233724508480869	0.766404920233624
HROV-vOTU04109	Age	Age	0.409642998779673	0.340016127785105	77	57	0.232290646684665	0.766404920233624
HROV-vOTU24409	Smoking_Status	Former_Smoker	-1.63355950606837	1.35716576293236	77	73	0.232720731173926	0.766404920233624
HROV-vOTU00854	Smoking_Status	Never_Smoker	0.694497660158852	0.577768834944794	77	73	0.233344297106839	0.766404920233624
HROV-vOTU43692	Smoking_Status	Never_Smoker	1.40622856734936	1.17104827251532	77	71	0.233808496461258	0.766404920233624
HROV-vOTU40942	Sex	M	1.07533896381409	0.893185565379836	77	70	0.232612518975419	0.766404920233624
HROV-vOTU10171	diagnosis	RA	0.345672713904539	0.287594129513081	77	75	0.233377960093468	0.766404920233624
HROV-vOTU65727	diagnosis	RA	-0.604418304745015	0.504241681218399	77	72	0.234642697047864	0.766404920233624
HROV-vOTU16260	diagnosis	RA	0.476335792568878	0.396438336043565	77	9	0.23353515394294	0.766404920233624
HROV-vOTU15896	Age	Age	-0.418878584948517	0.348996120109412	77	55	0.234036174025948	0.766404920233624
HROV-vOTU05596	Age	Age	0.395402137515457	0.328247966339375	77	59	0.232364151481184	0.766404920233624
HROV-vOTU07684	Smoking_Status	Never_Smoker	-0.706513559661435	0.588699452393791	77	69	0.234079558763813	0.766404920233624
HROV-vOTU68597	Smoking_Status	Former_Smoker	2.0020504099973	1.66360698823703	77	63	0.232803574781554	0.766404920233624
HROV-vOTU11108	Smoking_Status	Former_Smoker	1.66527317654132	1.38388367991453	77	41	0.232844442764943	0.766404920233624
HROV-vOTU67116	diagnosis	RA	-0.531720988477031	0.441520500478125	77	12	0.23247491044339	0.766404920233624
HROV-vOTU69794	Age	Age	0.335584958745347	0.279672458172157	77	58	0.234158552796693	0.766404920233624
HROV-vOTU33117	Age	Age	-0.270076850217548	0.224894138289012	77	16	0.233778536638598	0.766404920233624
HROV-vOTU31990	diagnosis	RA	-0.850478436112301	0.709627594014182	77	66	0.234713167746026	0.766404920233624
HROV-vOTU46996	Age	Age	-0.48552400440678	0.404700780152984	77	43	0.234239728679035	0.766404920233624
HROV-vOTU17468	Sex	M	0.994936556810411	0.826848866070029	77	60	0.232862171045332	0.766404920233624
HROV-vOTU53334	Smoking_Status	Former_Smoker	1.7621091200716	1.46281174921025	77	72	0.232356284142411	0.766404920233624
HROV-vOTU00760	Age	Age	-0.196534746771567	0.163727001917761	77	10	0.233981291446274	0.766404920233624
HROV-vOTU67198	Age	Age	0.188820387817357	0.157510867498457	77	16	0.23460056313184	0.766404920233624
HROV-vOTU47235	Sex	M	0.528816615995852	0.440938057322079	77	13	0.234398804322383	0.766404920233624
HROV-vOTU28977	diagnosis	RA	0.681854239156804	0.568007747554332	77	45	0.233961832754079	0.766404920233624
HROV-vOTU74913	diagnosis	RA	0.656017703834661	0.545221945297338	77	26	0.232890950445446	0.766404920233624
HROV-vOTU44564	diagnosis	RA	0.587839038173326	0.48923759207264	77	25	0.233534053700056	0.766404920233624
HROV-vOTU22737	diagnosis	RA	0.786763495109071	0.656275277132727	77	30	0.234579446390319	0.766404920233624
HROV-vOTU47122	Sex	M	-0.536385789495098	0.446376747378793	77	70	0.233494520250655	0.766404920233624
HROV-vOTU19088	Smoking_Status	Former_Smoker	1.63737350722668	1.36205133093449	77	34	0.233304223778506	0.766404920233624
HROV-vOTU10071	Age	Age	0.388811385460967	0.323192459970789	77	41	0.232959626718844	0.766404920233624
HROV-vOTU19720	Smoking_Status	Former_Smoker	-1.84239604248372	1.53705264744501	77	17	0.234647623132231	0.766404920233624
HROV-vOTU12665	Smoking_Status	Former_Smoker	1.84737802103085	1.5360117866644	77	51	0.233083754556218	0.766404920233624
HROV-vOTU04174	diagnosis	RA	-0.46545553008795	0.38765812949194	77	9	0.23386373762607	0.766404920233624
HROV-vOTU16998	Smoking_Status	Former_Smoker	1.15738166715017	0.964572490925492	77	25	0.23417034711099	0.766404920233624
HROV-vOTU10784	diagnosis	RA	0.496377091795394	0.413855420609177	77	12	0.234360862428471	0.766404920233624
HROV-vOTU50006	diagnosis	RA	0.410371850152539	0.342134752559508	77	16	0.234342422317472	0.766404920233624
HROV-vOTU30551	Smoking_Status	Former_Smoker	1.63036357146072	1.36003251896219	77	25	0.234603967843023	0.766404920233624
HROV-vOTU14222	Age	Age	0.293932403567111	0.244855158506874	77	17	0.233960849123886	0.766404920233624
HROV-vOTU32200	Age	Age	0.218154430244308	0.181408191784131	77	11	0.233141367414889	0.766404920233624
HROV-vOTU01972	Smoking_Status	Never_Smoker	1.19555848791647	0.997323746846711	77	40	0.234604504632058	0.766404920233624
HROV-vOTU06476	Smoking_Status	Never_Smoker	1.32607329061123	1.10411447001717	77	33	0.233731419783164	0.766404920233624
HROV-vOTU05941	Smoking_Status	Never_Smoker	0.88330098102413	0.736171733971851	77	13	0.234183306012371	0.766404920233624
HROV-vOTU63797	Smoking_Status	Former_Smoker	1.14425388249802	0.953698233942649	77	21	0.234202669533645	0.766404920233624
HROV-vOTU20618	Smoking_Status	Former_Smoker	-1.04366515071784	0.870710078951341	77	24	0.234654705170685	0.766404920233624
HROV-vOTU10758	Smoking_Status	Former_Smoker	1.14146177920777	0.949072957209363	77	18	0.233083167347078	0.766404920233624
HROV-vOTU38896	diagnosis	RA	0.310101826416563	0.258325059578716	77	12	0.233961299175045	0.766404920233624
HROV-vOTU10710	Smoking_Status	Never_Smoker	0.490078622081886	0.40740602276148	77	8	0.233001636938956	0.766404920233624
HROV-vOTU45018	Age	Age	0.237729743878045	0.198097916687209	77	14	0.23410435541556	0.766404920233624
HROV-vOTU38642	Smoking_Status	Former_Smoker	2.58977796331815	2.15533333996774	77	50	0.233523950544716	0.766404920233624
HROV-vOTU60600	diagnosis	RA	-0.68603998644443	0.570297153572875	77	47	0.232991078569428	0.766404920233624
HROV-vOTU64916	Sex	M	1.08953363178955	0.908162326565354	77	51	0.234239202087257	0.766404920233624
HROV-vOTU10976	Sex	M	-0.588048402650662	0.489213974752262	77	10	0.233346912573924	0.766404920233624
HROV-vOTU60828	Smoking_Status	Never_Smoker	1.06496839467098	0.884026016547195	77	25	0.232327208020826	0.766404920233624
HROV-vOTU69031	Smoking_Status	Never_Smoker	0.451294358595803	0.376225116858524	77	8	0.234308564117023	0.766404920233624
HROV-vOTU25593	Age	Age	-0.417777751395255	0.34725395141336	77	25	0.232937942553719	0.766404920233624
HROV-vOTU07216	Smoking_Status	Former_Smoker	1.46767093864368	1.2224228137174	77	26	0.23388724449344	0.766404920233624
HROV-vOTU02709	Smoking_Status	Never_Smoker	0.788317626539881	0.657292830997253	77	15	0.234382983306051	0.766404920233624
HROV-vOTU54743	Sex	M	-0.300356461745464	0.249803963217732	77	11	0.233215396550775	0.766404920233624
HROV-vOTU65289	Age	Age	-0.212308250851126	0.176686913439094	77	16	0.233508600136214	0.766404920233624
HROV-vOTU08031	diagnosis	RA	-0.339116984825767	0.281948779442928	77	9	0.233064474206245	0.766404920233624
HROV-vOTU12546	diagnosis	RA	-0.378465405929974	0.31527060149035	77	14	0.233956046036361	0.766404920233624
HROV-vOTU62337	Age	Age	-0.417557029572219	0.348404198882637	77	22	0.234713586730688	0.766404920233624
HROV-vOTU71891	Sex	M	0.490915003966529	0.40811409947629	77	21	0.233016130630945	0.766404920233624
HROV-vOTU45031	Age	Age	-0.265285568837949	0.220483707647879	77	18	0.232896392516928	0.766404920233624
HROV-vOTU11253	Age	Age	-0.147957977836685	0.123399426833039	77	8	0.234507882331971	0.766404920233624
HROV-vOTU64818	Sex	M	0.608576965394804	0.506670876394023	77	20	0.233692895494405	0.766404920233624
HROV-vOTU27284	Sex	M	-0.640670404152962	0.533174327036208	77	13	0.23350546222883	0.766404920233624
HROV-vOTU66429	Smoking_Status	Never_Smoker	0.489499738898175	0.406909646985159	77	8	0.232984418507551	0.766404920233624
HROV-vOTU48889	Age	Age	-0.263676834848194	0.219897732866671	77	13	0.234480169741746	0.766404920233624
HROV-vOTU67015	Sex	M	-0.382932723602929	0.31906987228828	77	9	0.234069095991105	0.766404920233624
HROV-vOTU25214	Sex	M	0.433107602505358	0.361588870851511	77	76	0.234982121328512	0.766826063309286
HROV-vOTU47932	Age	Age	0.496233023614761	0.414314508372533	77	51	0.235009047105382	0.766826063309286
HROV-vOTU14264	diagnosis	RA	-0.651435393050555	0.543852714544574	77	56	0.234972199127796	0.766826063309286
HROV-vOTU71213	Smoking_Status	Never_Smoker	0.875526744705233	0.730929702021436	77	20	0.234968189963028	0.766826063309286
HROV-vOTU10976	diagnosis	RA	-0.444048261583997	0.370664082618456	77	10	0.23490857842293	0.766826063309286
HROV-vOTU63177	Age	Age	-0.355636187983233	0.29695459508203	77	35	0.235051334461322	0.766855394906395
HROV-vOTU46262	Smoking_Status	Former_Smoker	1.92464624932833	1.607213502442	77	53	0.235092477907385	0.766880986714884
HROV-vOTU07285	Smoking_Status	Never_Smoker	1.4327950132557	1.19684274096633	77	56	0.235231630343716	0.767082840466072
HROV-vOTU71934	diagnosis	RA	-0.777245146097214	0.64932701455473	77	11	0.235287589450818	0.767082840466072
HROV-vOTU37726	Smoking_Status	Never_Smoker	1.24379686576846	1.03907631144059	77	29	0.235279618645232	0.767082840466072
HROV-vOTU08189	Age	Age	-0.307652728876661	0.257000998777386	77	37	0.235254057423202	0.767082840466072
HROV-vOTU55191	Smoking_Status	Former_Smoker	-1.88896865699179	1.57835587137668	77	42	0.235367358115619	0.767175916964187
HROV-vOTU28238	Sex	M	1.27882149626908	1.0685738361061	77	41	0.23538276288619	0.767175916964187
HROV-vOTU58030	Sex	M	0.810247087365954	0.677268059353658	77	63	0.235541313004156	0.767258336419479
HROV-vOTU28339	Smoking_Status	Former_Smoker	-1.44870015894265	1.21083830343608	77	43	0.235503439425103	0.767258336419479
HROV-vOTU44282	Age	Age	0.250564699984849	0.209400830747794	77	15	0.235450986747648	0.767258336419479
HROV-vOTU56015	Smoking_Status	Never_Smoker	0.774005936910002	0.646946513911117	77	10	0.235520994092116	0.767258336419479
HROV-vOTU68446	Smoking_Status	Former_Smoker	-1.22900761706658	1.02739571644984	77	18	0.235584086338581	0.767289139920454
HROV-vOTU70773	Sex	M	0.391186613737824	0.327174806109242	77	77	0.235811210936631	0.767494482299216
HROV-vOTU46856	Smoking_Status	Former_Smoker	-1.36094315722966	1.13951888572334	77	36	0.236330013272942	0.767494482299216
HROV-vOTU40942	Smoking_Status	Former_Smoker	-1.94872355101956	1.63184475665956	77	70	0.236380302342525	0.767494482299216
HROV-vOTU19159	diagnosis	RA	-0.521176210235908	0.435865436490313	77	45	0.235781286083355	0.767494482299216
HROV-vOTU05189	Smoking_Status	Never_Smoker	-0.765406950717026	0.640209603781157	77	10	0.235847430676332	0.767494482299216
HROV-vOTU44878	Smoking_Status	Never_Smoker	0.874966744895646	0.732383093025675	77	73	0.236186017154029	0.767494482299216
HROV-vOTU17408	diagnosis	RA	0.560703069876632	0.469105292541029	77	35	0.235962370400948	0.767494482299216
HROV-vOTU68918	diagnosis	RA	-0.915982303349886	0.766460283170154	77	67	0.23603198472137	0.767494482299216
HROV-vOTU40209	Smoking_Status	Former_Smoker	-1.85270145799663	1.55060073731523	77	39	0.236130230264514	0.767494482299216
HROV-vOTU06939	Age	Age	-0.503323751992657	0.421090066438323	77	29	0.235951873316723	0.767494482299216
HROV-vOTU60343	Smoking_Status	Former_Smoker	-2.5788997222867	2.15852050923739	77	60	0.236159267596731	0.767494482299216
HROV-vOTU74718	Age	Age	-0.189649669567752	0.158644712233661	77	9	0.235894133098553	0.767494482299216
HROV-vOTU54255	Sex	M	0.994499725920882	0.831704293006262	77	29	0.235777470919101	0.767494482299216
HROV-vOTU26471	diagnosis	RA	-0.564003549650287	0.471652654625593	77	15	0.235752022870844	0.767494482299216
HROV-vOTU41630	Age	Age	0.3514930218002	0.294292959142093	77	30	0.236310378793527	0.767494482299216
HROV-vOTU72241	Sex	M	0.773656763374503	0.647534901899245	77	9	0.236151929567061	0.767494482299216
HROV-vOTU49542	Smoking_Status	Never_Smoker	1.02922123918268	0.861841575398413	77	49	0.236369718044375	0.767494482299216
HROV-vOTU23603	Smoking_Status	Former_Smoker	1.62082268610103	1.35662857072792	77	35	0.236163250553466	0.767494482299216
HROV-vOTU02898	Age	Age	-0.233080769121252	0.195047270918823	77	10	0.236064952958076	0.767494482299216
HROV-vOTU74625	Age	Age	0.28768232144086	0.24087270405592	77	15	0.236322397813054	0.767494482299216
HROV-vOTU29846	Age	Age	-0.133859363017715	0.112084341292897	77	11	0.236345665139017	0.767494482299216
HROV-vOTU15078	Smoking_Status	Never_Smoker	0.517977233490388	0.433659668588488	77	11	0.236283878800743	0.767494482299216
HROV-vOTU43832	Smoking_Status	Never_Smoker	1.07766232908698	0.902498372356702	77	38	0.236417827991636	0.767508116527684
HROV-vOTU61708	diagnosis	RA	-0.709298463092739	0.594056325116175	77	62	0.236455099660276	0.767515241885678
HROV-vOTU07151	diagnosis	RA	0.659034659770306	0.552216762182161	77	22	0.236671748913075	0.767515241885678
HROV-vOTU07603	Age	Age	0.479450776660232	0.401650557559304	77	45	0.236568099974073	0.767515241885678
HROV-vOTU08296	Smoking_Status	Never_Smoker	0.962524508248375	0.806300793259445	77	27	0.236547733889881	0.767515241885678
HROV-vOTU33092	Smoking_Status	Never_Smoker	-0.917546033133558	0.768751696499783	77	15	0.236625680066777	0.767515241885678
HROV-vOTU38884	Sex	M	0.778450719720585	0.652162268056905	77	33	0.236589683691114	0.767515241885678
HROV-vOTU74076	Smoking_Status	Never_Smoker	0.989531073554048	0.829172129499549	77	30	0.236686636902826	0.767515241885678
HROV-vOTU62838	diagnosis	RA	-0.180438852317546	0.151175936515792	77	8	0.236619680489994	0.767515241885678
HROV-vOTU44513	diagnosis	RA	0.578319435721693	0.484641385951078	77	10	0.236726665112461	0.767536969947905
HROV-vOTU01004	Smoking_Status	Former_Smoker	-1.23503364098412	1.03600447271344	77	74	0.237186505350558	0.76777376304783
HROV-vOTU44039	Sex	M	0.352267107748153	0.295434880222953	77	76	0.23708688662393	0.76777376304783
HROV-vOTU30321	Sex	M	0.727022508204032	0.609763743427851	77	72	0.23711261823736	0.76777376304783
HROV-vOTU01904	diagnosis	RA	-0.73665969673816	0.617767607631499	77	70	0.237053258719084	0.76777376304783
HROV-vOTU01633	Smoking_Status	Never_Smoker	1.3465688068662	1.129103273596	77	28	0.23699648153144	0.76777376304783
HROV-vOTU08851	Smoking_Status	Former_Smoker	-2.68273215757305	2.24937322260333	77	49	0.23697412574227	0.76777376304783
HROV-vOTU50866	Age	Age	-0.323416342901905	0.27136305683158	77	14	0.237299767493463	0.76777376304783
HROV-vOTU17607	diagnosis	RA	-0.750860482617691	0.629994596634159	77	54	0.237287806903285	0.76777376304783
HROV-vOTU06750	Smoking_Status	Former_Smoker	1.87486275540397	1.57203291591816	77	24	0.236982622572582	0.76777376304783
HROV-vOTU06436	Smoking_Status	Never_Smoker	0.891201999457414	0.747017328873963	77	35	0.236835494180539	0.76777376304783
HROV-vOTU31772	Sex	M	-0.775888357559425	0.650936933431521	77	11	0.237247280326158	0.76777376304783
HROV-vOTU41249	diagnosis	RA	0.536750223778959	0.450284236469625	77	23	0.237220366233284	0.76777376304783
HROV-vOTU29297	Sex	M	-0.530538564940904	0.444872906452988	77	11	0.237011323175855	0.76777376304783
HROV-vOTU46426	Sex	M	0.59514030797382	0.499276318435519	77	21	0.237227950390882	0.76777376304783
HROV-vOTU24359	Smoking_Status	Never_Smoker	0.964156199944102	0.808384909486925	77	13	0.236959793429815	0.76777376304783
HROV-vOTU74213	Smoking_Status	Never_Smoker	1.35337403861098	1.13600588997163	77	23	0.237485836687631	0.768159946476986
HROV-vOTU01395	Smoking_Status	Never_Smoker	1.06693697876724	0.895523421893109	77	8	0.237459568070063	0.768159946476986
HROV-vOTU50705	diagnosis	RA	-0.683649292488453	0.574058497129698	77	51	0.237657022488742	0.768266150735403
HROV-vOTU65515	Age	Age	0.250532703331057	0.210384527243894	77	8	0.237685467824132	0.768266150735403
HROV-vOTU54421	Sex	M	-0.78173087858525	0.656405008364319	77	23	0.237648291385024	0.768266150735403
HROV-vOTU03830	Age	Age	-0.314259171783276	0.263897084361992	77	21	0.237682535176428	0.768266150735403
HROV-vOTU26634	Smoking_Status	Never_Smoker	0.645357749127165	0.541874540086743	77	9	0.237630745937309	0.768266150735403
HROV-vOTU48596	Smoking_Status	Never_Smoker	-1.24084074302087	1.04251378079258	77	30	0.237916973644834	0.768438277560769
HROV-vOTU03566	Smoking_Status	Never_Smoker	1.23762490533474	1.03964882041047	77	36	0.237844073661886	0.768438277560769
HROV-vOTU43884	Sex	M	0.506932270012118	0.425989187604026	77	73	0.23800565496487	0.768438277560769
HROV-vOTU19348	Age	Age	-0.339139926506774	0.28488654192729	77	31	0.23783913823084	0.768438277560769
HROV-vOTU55711	diagnosis	RA	0.325802831633386	0.273771407003383	77	8	0.237989171413707	0.768438277560769
HROV-vOTU15372	diagnosis	RA	-0.814916269460884	0.684532231946823	77	67	0.23782619452153	0.768438277560769
HROV-vOTU53426	Smoking_Status	Never_Smoker	0.892662515243511	0.750025427381481	77	18	0.237941507842595	0.768438277560769
HROV-vOTU06399	Smoking_Status	Former_Smoker	1.20829374659155	1.01534502652023	77	9	0.237997608305328	0.768438277560769
HROV-vOTU24052	Smoking_Status	Never_Smoker	1.45576022997049	1.22360699165026	77	41	0.238116370018317	0.76858023847538
HROV-vOTU15898	Sex	M	-1.12785894702131	0.947930148794653	77	56	0.238083674815938	0.76858023847538
HROV-vOTU15004	Age	Age	-0.398502535030685	0.335002615210424	77	33	0.238185943131023	0.76869706702739
HROV-vOTU55832	diagnosis	RA	-0.585174867040557	0.492213570863503	77	61	0.238454397860851	0.769024615983111
HROV-vOTU16351	Smoking_Status	Never_Smoker	0.987464985155399	0.830495327478067	77	47	0.238398274264147	0.769024615983111
HROV-vOTU51983	Smoking_Status	Never_Smoker	1.43421828767425	1.20619084360746	77	33	0.238382520777408	0.769024615983111
HROV-vOTU62699	Sex	M	0.896906328971138	0.754275774685981	77	25	0.238363574107194	0.769024615983111
HROV-vOTU15575	Smoking_Status	Former_Smoker	-1.92496600477731	1.61905033538561	77	12	0.238421607816778	0.769024615983111
HROV-vOTU17661	diagnosis	RA	-0.532699832470637	0.448886985532697	77	76	0.239296675399159	0.769058069344795
HROV-vOTU45672	Age	Age	0.533774754044368	0.449730138676091	77	42	0.239231876370376	0.769058069344795
HROV-vOTU69633	Sex	M	0.802024329422078	0.675993766298257	77	70	0.239404550175998	0.769058069344795
HROV-vOTU07496	Age	Age	-0.327694060956566	0.276296331141766	77	47	0.2395667646322	0.769058069344795
HROV-vOTU20894	Smoking_Status	Former_Smoker	-1.28550933474144	1.08222301052877	77	22	0.238854409884804	0.769058069344795
HROV-vOTU32570	Age	Age	0.550667244725465	0.463687625526338	77	49	0.23895585891982	0.769058069344795
HROV-vOTU32153	Smoking_Status	Former_Smoker	-2.23964624961889	1.88515827650245	77	25	0.238776093370086	0.769058069344795
HROV-vOTU07112	Sex	M	0.800161058400137	0.67394589044487	77	72	0.239075121170361	0.769058069344795
HROV-vOTU32551	Smoking_Status	Former_Smoker	1.45680874733803	1.22661181365649	77	54	0.238921954142428	0.769058069344795
HROV-vOTU15896	Sex	M	1.06790678449363	0.900304567769808	77	55	0.239512719292477	0.769058069344795
HROV-vOTU56875	Smoking_Status	Never_Smoker	-0.741872792740602	0.625029584115514	77	12	0.239207416996678	0.769058069344795
HROV-vOTU30674	Smoking_Status	Former_Smoker	2.94892617758022	2.48283653451616	77	44	0.238900133411601	0.769058069344795
HROV-vOTU09667	Smoking_Status	Never_Smoker	1.67578591343559	1.41060775997551	77	54	0.238796803855465	0.769058069344795
HROV-vOTU51519	Smoking_Status	Never_Smoker	1.33297964827826	1.12139063390063	77	48	0.238524502828438	0.769058069344795
HROV-vOTU28595	Smoking_Status	Former_Smoker	-1.79659608911785	1.51392824432834	77	65	0.239297090448473	0.769058069344795
HROV-vOTU59484	Smoking_Status	Never_Smoker	0.992575225070749	0.836341594925578	77	59	0.239260051522571	0.769058069344795
HROV-vOTU15372	Age	Age	-0.416196669674089	0.350221978374343	77	67	0.238643757485655	0.769058069344795
HROV-vOTU15132	Smoking_Status	Never_Smoker	1.54574982864099	1.30329722424535	77	56	0.239564316882767	0.769058069344795
HROV-vOTU53898	Smoking_Status	Never_Smoker	-1.05310135663042	0.887502680040322	77	38	0.239344933414725	0.769058069344795
HROV-vOTU05574	Smoking_Status	Former_Smoker	-0.921885568743927	0.776366752941723	77	10	0.239013317130096	0.769058069344795
HROV-vOTU21345	Sex	M	1.46467301709121	1.23232926510865	77	37	0.238580895727384	0.769058069344795
HROV-vOTU20305	Sex	M	-0.699379447204136	0.589063971562488	77	9	0.239077239620397	0.769058069344795
HROV-vOTU25655	Sex	M	-0.420419143144989	0.354245932625181	77	9	0.239262326744719	0.769058069344795
HROV-vOTU37639	diagnosis	RA	-0.829963294269005	0.6996510734249	77	57	0.239476837770628	0.769058069344795
HROV-vOTU57545	Smoking_Status	Former_Smoker	1.18026070236137	0.994840785456123	77	20	0.239426498491009	0.769058069344795
HROV-vOTU53291	diagnosis	RA	-0.433834338499742	0.365027836156865	77	13	0.238598002638337	0.769058069344795
HROV-vOTU63352	Smoking_Status	Never_Smoker	0.983823664767	0.828008689571245	77	20	0.238721739669614	0.769058069344795
HROV-vOTU61977	Sex	M	0.863681349659808	0.728101176230899	77	18	0.239493522283003	0.769058069344795
HROV-vOTU64175	Age	Age	0.185779082194953	0.156565869522892	77	10	0.239345769390077	0.769058069344795
HROV-vOTU48671	Sex	M	0.321221673809423	0.270501124236052	77	8	0.238985815594139	0.769058069344795
HROV-vOTU71269	Smoking_Status	Never_Smoker	1.03400094825147	0.871012248113273	77	18	0.239134788269101	0.769058069344795
HROV-vOTU10594	Smoking_Status	Never_Smoker	0.69347613038019	0.584199610816003	77	9	0.23916308858117	0.769058069344795
HROV-vOTU12830	Age	Age	0.279097932800076	0.235312359926054	77	15	0.23954701891349	0.769058069344795
HROV-vOTU50392	diagnosis	RA	-0.748667721031195	0.631290466442651	77	23	0.239602740321845	0.769066356740362
HROV-vOTU35521	Age	Age	0.450863442333672	0.380470659000315	77	41	0.239962861708864	0.769078790823345
HROV-vOTU01833	Sex	M	0.270137719715556	0.228157152770697	77	76	0.240362427563966	0.769078790823345
HROV-vOTU43123	Sex	M	0.860149073371587	0.726247678203901	77	51	0.240214653047093	0.769078790823345
HROV-vOTU37296	diagnosis	RA	0.718463554029528	0.605980247613223	77	42	0.23972447805856	0.769078790823345
HROV-vOTU32053	Smoking_Status	Former_Smoker	-1.70537815333379	1.44026373608241	77	38	0.240332911174305	0.769078790823345
HROV-vOTU07684	diagnosis	RA	-0.408283706530919	0.344642308439487	77	69	0.240102635256129	0.769078790823345
HROV-vOTU75402	Smoking_Status	Former_Smoker	-1.24374853420864	1.05025747078641	77	28	0.240270582001551	0.769078790823345
HROV-vOTU09858	Sex	M	0.969148289716626	0.818320595458475	77	58	0.240238471908027	0.769078790823345
HROV-vOTU09645	diagnosis	RA	-0.725244696251131	0.611999492035329	77	37	0.239952520465406	0.769078790823345
HROV-vOTU72250	Sex	M	0.857066413227956	0.723640455031567	77	38	0.24021179120039	0.769078790823345
HROV-vOTU05982	Age	Age	-0.210051227942099	0.177358319800751	77	56	0.240231066980036	0.769078790823345
HROV-vOTU36975	diagnosis	RA	0.801499499993025	0.676960848034368	77	33	0.24037469111361	0.769078790823345
HROV-vOTU18809	Smoking_Status	Former_Smoker	-1.06341683183505	0.897768613773386	77	28	0.240160895988713	0.769078790823345
HROV-vOTU45109	Age	Age	-0.258405922350008	0.218030371698852	77	16	0.239896819308326	0.769078790823345
HROV-vOTU32200	Sex	M	-0.554771648337489	0.467978336386409	77	11	0.239786383701534	0.769078790823345
HROV-vOTU74803	Smoking_Status	Never_Smoker	0.735497614493906	0.620661677708561	77	34	0.239960197526722	0.769078790823345
HROV-vOTU75577	Smoking_Status	Never_Smoker	1.12326313288709	0.948206749607001	77	26	0.240118710731729	0.769078790823345
HROV-vOTU68484	Smoking_Status	Never_Smoker	0.666618080203628	0.562269845512145	77	25	0.239739458219487	0.769078790823345
HROV-vOTU11680	Smoking_Status	Former_Smoker	3.15419184538726	2.6626368951995	77	33	0.240121180100269	0.769078790823345
HROV-vOTU09635	Smoking_Status	Former_Smoker	1.29720425605001	1.09542405579224	77	16	0.240282066364395	0.769078790823345
HROV-vOTU70703	diagnosis	RA	-0.455491669938575	0.38446930462312	77	22	0.240075504816285	0.769078790823345
HROV-vOTU69730	Sex	M	-0.482423140708923	0.407012106674103	77	10	0.239858946041707	0.769078790823345
HROV-vOTU07520	Sex	M	0.692283710648347	0.584483041963784	77	16	0.240189749683965	0.769078790823345
HROV-vOTU42154	Age	Age	-0.131424013199955	0.111020457647624	77	8	0.240447597698891	0.769098357639649
HROV-vOTU55301	Age	Age	-0.527136318758049	0.445274213715735	77	34	0.240422203054791	0.769098357639649
HROV-vOTU64808	Smoking_Status	Never_Smoker	1.57682180551954	1.33212020514371	77	38	0.240482459135063	0.769103045949243
HROV-vOTU70896	diagnosis	RA	0.708488590835097	0.59865876850754	77	41	0.240574350203951	0.769290097916827
HROV-vOTU63750	diagnosis	RA	-0.808039675324199	0.682884275504759	77	50	0.240647213171592	0.769416259800329
HROV-vOTU63483	Smoking_Status	Never_Smoker	-0.530443176224869	0.448374990205476	77	8	0.240741688794991	0.769611478754671
HROV-vOTU50395	Sex	M	0.538636352456584	0.455404594179724	77	23	0.240848129441433	0.769844888415851
HROV-vOTU07976	Smoking_Status	Never_Smoker	1.33995830450524	1.1331157976485	77	39	0.240935301102939	0.770016650624573
HROV-vOTU04485	Smoking_Status	Never_Smoker	1.09315440471942	0.924724155069578	77	27	0.241093739232931	0.770028613149372
HROV-vOTU29576	diagnosis	RA	-0.578196998157967	0.489135336749027	77	12	0.241117893687277	0.770028613149372
HROV-vOTU71805	diagnosis	RA	-0.857147715073667	0.724956695522473	77	30	0.241014026229697	0.770028613149372
HROV-vOTU54766	diagnosis	RA	-0.573194745152518	0.484760434453548	77	23	0.24098031029289	0.770028613149372
HROV-vOTU14975	Sex	M	0.819096660736062	0.692860373791593	77	41	0.241072147711176	0.770028613149372
HROV-vOTU01043	Smoking_Status	Former_Smoker	1.1652726351726	0.985898493358903	77	20	0.241173095381955	0.770028613149372
HROV-vOTU28477	Sex	M	0.683211256553414	0.578023521223243	77	10	0.241157905489255	0.770028613149372
HROV-vOTU01341	Age	Age	0.290448871349378	0.245787870918099	77	34	0.241265480513576	0.770216802914841
HROV-vOTU54272	Age	Age	-0.287942829981114	0.24372915546752	77	52	0.241384015888455	0.770488411075693
HROV-vOTU35796	Smoking_Status	Never_Smoker	1.12080805237758	0.948961507456826	77	50	0.241508657672126	0.770778667649421
HROV-vOTU73512	diagnosis	RA	-0.74997263983661	0.635029256321327	77	10	0.241541886427524	0.770778667649421
HROV-vOTU20399	Smoking_Status	Never_Smoker	0.547254913594604	0.463432862402412	77	76	0.241594310532554	0.770839148180205
HROV-vOTU28353	Age	Age	-0.466139588252717	0.394837620267751	77	56	0.241707425071247	0.770879656472901
HROV-vOTU24063	Age	Age	-0.284496076115992	0.240977984795369	77	19	0.241705868503047	0.770879656472901
HROV-vOTU71176	Sex	M	0.522328208142466	0.442380973206821	77	14	0.241654206908893	0.770879656472901
HROV-vOTU16979	Smoking_Status	Never_Smoker	-0.939939809980229	0.796292237046255	77	47	0.241782461482423	0.77094165814609406
HROV-vOTU02375	Age	Age	0.106209356956518	0.089979959804033	77	8	0.24179381662133	0.77094165814609406
HROV-vOTU57265	Smoking_Status	Never_Smoker	2.12476019551749	1.80066791407861	77	52	0.241944858190991	0.771165448150029
HROV-vOTU48924	Age	Age	0.253534520887783	0.214871634452027	77	9	0.241964487568177	0.771165448150029
HROV-vOTU57499	diagnosis	RA	0.369892431576576	0.313495576025281	77	9	0.241979502452472	0.771165448150029
HROV-vOTU35278	Sex	M	0.380473428035586	0.322476060948809	77	8	0.241997945887115	0.771165448150029
HROV-vOTU47867	Smoking_Status	Never_Smoker	1.37971966182031	1.16967682687863	77	61	0.242107343504656	0.771407321653601
HROV-vOTU42450	Age	Age	-0.38345229837505	0.325202663591461	77	47	0.242287450057192	0.771874391315136
HROV-vOTU42860	Age	Age	0.315037340409849	0.267203030012015	77	33	0.242326754669506	0.771874458987931
HROV-vOTU23188	Smoking_Status	Former_Smoker	-0.953603986345931	0.808859779656015	77	14	0.242354503384357	0.771874458987931
HROV-vOTU22561	Smoking_Status	Former_Smoker	0.806204130599341	0.683900602081509	77	11	0.242400455192554	0.771914060161022
HROV-vOTU67358	diagnosis	RA	0.356809344641196	0.30281321325454	77	9	0.24260522477374	0.772459328983719
HROV-vOTU70245	Smoking_Status	Never_Smoker	1.38369113617558	1.17450507388414	77	41	0.24268809037567	0.772616356283063
HROV-vOTU11570	diagnosis	RA	-0.510807990505372	0.43366871147948	77	76	0.242779054346062	0.77272648965974
HROV-vOTU38921	Smoking_Status	Former_Smoker	0.94526850880487	0.802537971857137	77	17	0.242789790672075	0.77272648965974
HROV-vOTU15477	Sex	M	0.45606785475185	0.387423596808865	77	76	0.24305434200998	0.772808814070206
HROV-vOTU72226	Smoking_Status	Former_Smoker	-1.10711342161327	0.942199993714741	77	75	0.24390829451787	0.772808814070206
HROV-vOTU52240	Smoking_Status	Former_Smoker	-2.71138185006954	2.30637337180618	77	58	0.243680283036964	0.772808814070206
HROV-vOTU03335	Smoking_Status	Former_Smoker	-1.34931470675349	1.14824742138151	77	25	0.243877371222947	0.772808814070206
HROV-vOTU43603	Smoking_Status	Never_Smoker	0.468252937799809	0.397739348076809	77	76	0.243012905813448	0.772808814070206
HROV-vOTU51937	Age	Age	-0.292321643362622	0.248571561076996	77	22	0.243520670705267	0.772808814070206
HROV-vOTU53029	Sex	M	0.935022710585838	0.794576227326879	77	61	0.243222857290581	0.772808814070206
HROV-vOTU53264	Smoking_Status	Never_Smoker	1.61823764585224	1.37492076083981	77	60	0.243138986454308	0.772808814070206
HROV-vOTU35216	Age	Age	-0.381636317046777	0.32413272922334	77	45	0.24296470396963	0.772808814070206
HROV-vOTU03133	Smoking_Status	Never_Smoker	1.12736896400015	0.957395956364115	77	26	0.242913474998845	0.772808814070206
HROV-vOTU28517	diagnosis	RA	0.710772169358219	0.604788944259738	77	31	0.243824900217199	0.772808814070206
HROV-vOTU55788	Age	Age	-0.264569408904347	0.224821469435527	77	24	0.24320646396861	0.772808814070206
HROV-vOTU26492	Age	Age	-0.270217169279725	0.229801110131267	77	46	0.243573040966418	0.772808814070206
HROV-vOTU23542	diagnosis	RA	-0.557867839577938	0.474727145660114	77	60	0.243867172370009	0.772808814070206
HROV-vOTU35661	Smoking_Status	Never_Smoker	1.43682940159091	1.22071104820839	77	55	0.243109216880134	0.772808814070206
HROV-vOTU66226	Sex	M	0.896001782972629	0.7622197668624	77	32	0.243715121965107	0.772808814070206
HROV-vOTU16111	Smoking_Status	Never_Smoker	-0.891072391179023	0.758518812624782	77	20	0.244018403617717	0.772808814070206
HROV-vOTU06121	Age	Age	0.277832002864377	0.23613673865017001	77	56	0.24329581858605	0.772808814070206
HROV-vOTU47480	Age	Age	0.446891453190367	0.380031282507448	77	31	0.243549514397298	0.772808814070206
HROV-vOTU16733	Sex	M	0.868916297134168	0.739666980278403	77	60	0.244023695002976	0.772808814070206
HROV-vOTU73363	diagnosis	RA	-0.856057063895336	0.727968633943544	77	44	0.243541616504422	0.772808814070206
HROV-vOTU64896	Age	Age	0.207020571572617	0.175835656282005	77	19	0.242986467507602	0.772808814070206
HROV-vOTU41183	diagnosis	RA	-0.951382915916823	0.809159904761554	77	30	0.243615855514276	0.772808814070206
HROV-vOTU49510	Smoking_Status	Former_Smoker	1.92805124646576	1.63991186362656	77	29	0.243640506617766	0.772808814070206
HROV-vOTU00799	Smoking_Status	Former_Smoker	-1.32981216207242	1.13015089001245	77	22	0.243258027572892	0.772808814070206
HROV-vOTU49689	Smoking_Status	Never_Smoker	1.04941677730333	0.89272297819288	77	33	0.243712301637093	0.772808814070206
HROV-vOTU14058	Sex	M	0.435143849441882	0.369925919523425	77	8	0.243403975278471	0.772808814070206
HROV-vOTU02275	Sex	M	1.04867702892436	0.891055736522783	77	11	0.243168805465108	0.772808814070206
HROV-vOTU04429	Smoking_Status	Former_Smoker	-0.929675758626084	0.790726934290143	77	15	0.243633078259646	0.772808814070206
HROV-vOTU38461	Smoking_Status	Never_Smoker	0.523717765472411	0.445709085342736	77	9	0.243911735053173	0.772808814070206
HROV-vOTU26901	Age	Age	0.219007948682393	0.186426903886489	77	10	0.244013392872147	0.772808814070206
HROV-vOTU05942	Age	Age	-0.168038203588102	0.14287583865841	77	9	0.243477986505948	0.772808814070206
HROV-vOTU70425	Age	Age	-0.234936097231683	0.199700813366328	77	17	0.243348263975666	0.772808814070206
HROV-vOTU67775	diagnosis	RA	0.326337817251537	0.277764092296457	77	9	0.243970362411356	0.772808814070206
HROV-vOTU54782	Sex	M	0.302327787301112	0.257029529307471	77	10	0.243428744905101	0.772808814070206
HROV-vOTU72562	Sex	M	-0.340185205228817	0.289491990590649	77	8	0.243876194404043	0.772808814070206
HROV-vOTU08820	Sex	M	1.22082647267709	1.0393832063325	77	63	0.244091955234708	0.772918703293734
HROV-vOTU40972	Age	Age	0.336711603045258	0.286730638717179	77	33	0.244193340835872	0.772969880757799
HROV-vOTU70820	Smoking_Status	Never_Smoker	1.33343763513456	1.13544145234082	77	61	0.244167544651117	0.772969880757799
HROV-vOTU18264	Age	Age	0.37532237788927	0.319620670971759	77	10	0.244208808180362	0.772969880757799
HROV-vOTU71923	Sex	M	0.895805070149587	0.763185817315598	77	42	0.244409294059736	0.773498150638411
HROV-vOTU53100	Age	Age	0.305847194361578	0.260597642028576	77	27	0.244462230785739	0.773559381010658
HROV-vOTU52624	Smoking_Status	Never_Smoker	1.15621190450681	0.985424435527336	77	65	0.244591241384339	0.773854111264517
HROV-vOTU26067	diagnosis	RA	-0.778829168788728	0.663830529290819	77	45	0.244622576205197	0.773854111264517
HROV-vOTU40683	Age	Age	-0.381850972174354	0.325530152089457	77	25	0.244711140205061	0.774027957550137
HROV-vOTU39286	Smoking_Status	Former_Smoker	-1.99044059551156	1.69703452169292	77	74	0.244758633666669	0.774071866704668
HROV-vOTU59733	Smoking_Status	Never_Smoker	1.06983309213065	0.912275999692496	77	38	0.244832634293721	0.77412527381964
HROV-vOTU10893	Smoking_Status	Former_Smoker	-1.69783521290408	1.44782195138125	77	16	0.244842748350076	0.77412527381964
HROV-vOTU08657	Sex	M	0.619125605482781	0.531034230371886	77	75	0.24756199677271	0.774308286795295
HROV-vOTU10958	Age	Age	-0.397920928780567	0.340209340376803	77	61	0.246059211954221	0.774308286795295
HROV-vOTU21813	Smoking_Status	Former_Smoker	-1.13688764187348	0.975107544870879	77	65	0.247552528604802	0.774308286795295
HROV-vOTU39286	Smoking_Status	Never_Smoker	-1.40492392698374	1.20215432767237	77	74	0.246444863210019	0.774308286795295
HROV-vOTU18825	Age	Age	0.288707084342989	0.247268289025508	77	72	0.246879782289251	0.774308286795295
HROV-vOTU44478	Sex	M	0.642699621420538	0.550512278999301	77	72	0.246931502674164	0.774308286795295
HROV-vOTU30124	Smoking_Status	Former_Smoker	-1.58702730520158	1.36036359860034	77	56	0.247267461434232	0.774308286795295
HROV-vOTU22940	diagnosis	RA	0.782338291425918	0.671055035209079	77	36	0.247583351141522	0.774308286795295
HROV-vOTU46624	diagnosis	RA	-0.600735569251398	0.512520831524183	77	70	0.245067207427702	0.774308286795295
HROV-vOTU44501	Smoking_Status	Never_Smoker	0.683700220904429	0.584674278325798	77	12	0.246165660403863	0.774308286795295
HROV-vOTU56283	Age	Age	-0.123880624913966	0.106115267011335	77	75	0.246948229296438	0.774308286795295
HROV-vOTU38248	Smoking_Status	Former_Smoker	-1.41211563232824	1.20887539840213	77	57	0.2466645458085	0.774308286795295
HROV-vOTU59691	diagnosis	RA	-0.956403831582254	0.819684979532075	77	60	0.247197452823289	0.774308286795295
HROV-vOTU03559	diagnosis	RA	0.763375348090791	0.65207282033599	77	66	0.245637579409327	0.774308286795295
HROV-vOTU39839	Sex	M	-1.26937586842402	1.08479493729266	77	57	0.245852366130077	0.774308286795295
HROV-vOTU39839	Smoking_Status	Former_Smoker	2.31332787117054	1.98191394832838	77	57	0.247027049376158	0.774308286795295
HROV-vOTU36831	Age	Age	0.350745939639965	0.300647467724388	77	52	0.24726131011785701	0.774308286795295
HROV-vOTU72034	Age	Age	-0.465688895332736	0.397870288795055	77	29	0.245731978040765	0.774308286795295
HROV-vOTU02169	diagnosis	RA	-0.902325345086648	0.772731189261594	77	49	0.246830527538073	0.774308286795295
HROV-vOTU36489	Smoking_Status	Former_Smoker	-1.82931077047002	1.56409615512109	77	37	0.24608776390940101	0.774308286795295
HROV-vOTU20504	Age	Age	-0.201420832744309	0.172622084532574	77	74	0.247182682642005	0.774308286795295
HROV-vOTU11972	Age	Age	0.314458142898962	0.269271855531415	77	32	0.246790467904068	0.774308286795295
HROV-vOTU23555	Smoking_Status	Never_Smoker	1.96466433816493	1.68242040749004	77	42	0.246809919795806	0.774308286795295
HROV-vOTU21405	Smoking_Status	Former_Smoker	1.35256339984613	1.15610557533297	77	11	0.245941171657687	0.774308286795295
HROV-vOTU01537	Smoking_Status	Never_Smoker	-0.98791994169251	0.846346380253828	77	22	0.247004180395996	0.774308286795295
HROV-vOTU05795	diagnosis	RA	-0.479269086894872	0.410929016736344	77	65	0.247393386053622	0.774308286795295
HROV-vOTU71197	Smoking_Status	Former_Smoker	-0.870072954142777	0.742860651151065	77	11	0.245415467326493	0.774308286795295
HROV-vOTU33018	Smoking_Status	Never_Smoker	1.39329301587059	1.19447249400455	77	52	0.247335485552744	0.774308286795295
HROV-vOTU36129	diagnosis	RA	0.690219179459828	0.589788685128755	77	29	0.24580067222156	0.774308286795295
HROV-vOTU19767	diagnosis	RA	-0.38874373904375	0.332976439140098	77	72	0.246921942754215	0.774308286795295
HROV-vOTU33866	diagnosis	RA	0.560515663685604	0.480291112215563	77	70	0.247101640208865	0.774308286795295
HROV-vOTU24337	diagnosis	RA	-0.471807688538301	0.404523685787095	77	72	0.247384275116285	0.774308286795295
HROV-vOTU07478	Sex	M	0.831437707530697	0.710313733340105	77	51	0.245704912802183	0.774308286795295
HROV-vOTU64702	Age	Age	-0.351425695461143	0.301621466778435	77	26	0.247869364872027	0.774308286795295
HROV-vOTU39907	Age	Age	0.170204463124079	0.145191317860649	77	16	0.245004272536245	0.774308286795295
HROV-vOTU68572	Sex	M	1.19319770703497	1.02203832787668	77	29	0.246926982508721	0.774308286795295
HROV-vOTU11316	Smoking_Status	Never_Smoker	1.38064949579343	1.18410995609724	77	23	0.247524083545133	0.774308286795295
HROV-vOTU68703	Age	Age	-0.355364739598169	0.304528635561586	77	34	0.247141535550086	0.774308286795295
HROV-vOTU11306	Smoking_Status	Never_Smoker	-1.37299898907663	1.17280134514634	77	28	0.245633563503164	0.774308286795295
HROV-vOTU55097	Sex	M	0.622940957205393	0.534409309608511	77	8	0.247651916885199	0.774308286795295
HROV-vOTU34175	Sex	M	0.681725218206784	0.584967487440607	77	20	0.247754636390472	0.774308286795295
HROV-vOTU47269	Age	Age	-0.358180466406493	0.307410613836474	77	24	0.247856664524023	0.774308286795295
HROV-vOTU53343	Age	Age	-0.309536455584145	0.264627619106984	77	32	0.246031111482457	0.774308286795295
HROV-vOTU16410	diagnosis	RA	-0.817454817247998	0.701598835657233	77	34	0.247865446650142	0.774308286795295
HROV-vOTU37858	Smoking_Status	Never_Smoker	1.70384349080462	1.45877912204998	77	47	0.246716880391414	0.774308286795295
HROV-vOTU51983	diagnosis	RA	-0.82744850332077	0.706140281036604	77	33	0.245198353336311	0.774308286795295
HROV-vOTU05577	Sex	M	0.683438183850634	0.584213467842363	77	36	0.245976135466631	0.774308286795295
HROV-vOTU62550	Age	Age	-0.359528975860883	0.307145918042194	77	18	0.245694526918977	0.774308286795295
HROV-vOTU15370	Smoking_Status	Never_Smoker	0.8403680813634	0.7177693080121	77	23	0.245591672344643	0.774308286795295
HROV-vOTU21345	Smoking_Status	Former_Smoker	-2.63651775297487	2.2514582945488	77	37	0.245503239759489	0.774308286795295
HROV-vOTU06071	Age	Age	-0.144756485102159	0.123860523022529	77	8	0.246431356788064	0.774308286795295
HROV-vOTU70896	Smoking_Status	Never_Smoker	1.1941096590435	1.02259670551449	77	41	0.24682502249037	0.774308286795295
HROV-vOTU37908	diagnosis	RA	-0.669239681661225	0.571681725798199	77	66	0.245653364448956	0.774308286795295
HROV-vOTU52184	Sex	M	1.20047647162045	1.02787018460395	77	46	0.24674358294789	0.774308286795295
HROV-vOTU22902	Sex	M	1.31215419851968	1.1204018980124	77	39	0.245455600912687	0.774308286795295
HROV-vOTU70043	Age	Age	0.142740720090438	0.122470947218527	77	8	0.247714540283455	0.774308286795295
HROV-vOTU72186	Smoking_Status	Never_Smoker	1.52856640762665	1.30859672849329	77	48	0.246675581833689	0.774308286795295
HROV-vOTU04737	Smoking_Status	Never_Smoker	0.886443627239586	0.760147381127217	77	20	0.247457319220177	0.774308286795295
HROV-vOTU50866	Sex	M	-0.816414682690437	0.7000347153225	77	14	0.24741643960955	0.774308286795295
HROV-vOTU23614	Age	Age	-0.354781001405787	0.304396397675414	77	30	0.247708025742463	0.774308286795295
HROV-vOTU49325	Smoking_Status	Never_Smoker	0.988370484415343	0.844045171607263	77	30	0.245516930962503	0.774308286795295
HROV-vOTU27575	Age	Age	-0.315291375375975	0.268965031431846	77	66	0.245019368984274	0.774308286795295
HROV-vOTU54565	Smoking_Status	Former_Smoker	2.13124066769912	1.82568937997539	77	46	0.246969691861621	0.774308286795295
HROV-vOTU07540	Smoking_Status	Never_Smoker	0.837265617177778	0.715911277559722	77	17	0.246109297243695	0.774308286795295
HROV-vOTU17211	Age	Age	0.290107437718891	0.248972449037352	77	25	0.247830202574238	0.774308286795295
HROV-vOTU11151	Smoking_Status	Never_Smoker	0.70503321665825	0.603740438212439	77	11	0.246804014964538	0.774308286795295
HROV-vOTU49583	diagnosis	RA	-0.565890401595316	0.484310142845724	77	46	0.246535184631985	0.774308286795295
HROV-vOTU71160	Smoking_Status	Never_Smoker	0.964163798771429	0.827277526933505	77	14	0.247730947512794	0.774308286795295
HROV-vOTU11909	Smoking_Status	Never_Smoker	0.721068535376596	0.615335522737248	77	11	0.245182670226891	0.774308286795295
HROV-vOTU36677	diagnosis	RA	-0.890058760946085	0.763458928580787	77	53	0.247587068501856	0.774308286795295
HROV-vOTU74848	Smoking_Status	Never_Smoker	1.44806517058691	1.24067959211078	77	28	0.247052842453031	0.774308286795295
HROV-vOTU69811	diagnosis	RA	-0.303598190629525	0.260575630944585	77	8	0.24787571227434	0.774308286795295
HROV-vOTU36894	Smoking_Status	Never_Smoker	0.875192639181734	0.748328370068102	77	13	0.246101333350544	0.774308286795295
HROV-vOTU11971	Smoking_Status	Never_Smoker	0.780811922297613	0.66921729778232	77	10	0.247213681361927	0.774308286795295
HROV-vOTU01875	Smoking_Status	Former_Smoker	1.85172537650876	1.58546490506082	77	34	0.246738667177984	0.774308286795295
HROV-vOTU75469	Sex	M	-0.564339845093315	0.481964639518585	77	13	0.245547660842683	0.774308286795295
HROV-vOTU21132	Smoking_Status	Former_Smoker	0.760933172258358	0.650202370713921	77	9	0.245792722025101	0.774308286795295
HROV-vOTU74076	Age	Age	-0.290007577384448	0.248352850777289	77	30	0.246824619614457	0.774308286795295
HROV-vOTU12146	Smoking_Status	Former_Smoker	-1.14675238446094	0.983923880082486	77	19	0.247721718922296	0.774308286795295
HROV-vOTU64540	Smoking_Status	Never_Smoker	0.514478685958302	0.440398525771407	77	10	0.24662918790093	0.774308286795295
HROV-vOTU65289	Smoking_Status	Former_Smoker	0.973672047478285	0.832741835327252	77	16	0.246218892848465	0.774308286795295
HROV-vOTU72848	Smoking_Status	Former_Smoker	2.35006310119318	2.00466201658782	77	17	0.244995592007141	0.774308286795295
HROV-vOTU32776	Sex	M	-0.699018743892218	0.598781072500381	77	11	0.246953358894361	0.774308286795295
HROV-vOTU26544	Smoking_Status	Former_Smoker	-0.596437670028752	0.508921610624698	77	9	0.245129264013044	0.774308286795295
HROV-vOTU24010	Age	Age	-0.210603866479969	0.18011728384501	77	15	0.246209593527461	0.774308286795295
HROV-vOTU25193	Age	Age	-0.463342285717227	0.395513170646019	77	26	0.245315695733451	0.774308286795295
HROV-vOTU46641	Smoking_Status	Former_Smoker	1.47378360162227	1.26337936289796	77	12	0.247299219867619	0.774308286795295
HROV-vOTU15925	Age	Age	-0.190714441558825	0.163694540246654	77	9	0.247892965633596	0.774308286795295
HROV-vOTU14647	Smoking_Status	Never_Smoker	0.341472760345106	0.291994837873536	77	9	0.24613424787273	0.774308286795295
HROV-vOTU02641	Smoking_Status	Never_Smoker	1.77741938148619	1.52618849018375	77	53	0.248073818527571	0.774596677639172
HROV-vOTU13259	Smoking_Status	Never_Smoker	1.10797821046525	0.951395197945346	77	31	0.248086196016784	0.774596677639172
HROV-vOTU60429	Smoking_Status	Former_Smoker	0.865306364863205	0.74295135087411	77	12	0.248043844524051	0.774596677639172
HROV-vOTU65125	Sex	M	-0.41225661716422	0.354036407766622	77	8	0.248140737970231	0.7746619486857
HROV-vOTU13787	Smoking_Status	Former_Smoker	-1.45443168946237	1.24918778026252	77	26	0.248199116310323	0.774696986271426
HROV-vOTU05258	Smoking_Status	Former_Smoker	1.49161300060591	1.28136117615007	77	18	0.248286515660851	0.774696986271426
HROV-vOTU17311	Smoking_Status	Never_Smoker	0.470268621408785	0.403970242826842	77	12	0.248273538102121	0.774696986271426
HROV-vOTU18501	Smoking_Status	Former_Smoker	-0.688701303683643	0.591617998308653	77	11	0.248281197627052	0.774696986271426
HROV-vOTU13101	diagnosis	RA	0.508216845272031	0.436628359939547	77	60	0.248337751465741	0.774751885160662
HROV-vOTU16529	Sex	M	-1.15678151922116	0.993997078593301	77	61	0.248414238277943	0.774780594195697
HROV-vOTU53087	Sex	M	1.71773508195313	1.47595119034734	77	49	0.24839486176911801	0.774780594195697
HROV-vOTU33749	diagnosis	RA	0.804701319588473	0.691562855956599	77	34	0.248482417375105	0.774888296838006
HROV-vOTU42450	Smoking_Status	Former_Smoker	1.78332731241796	1.53271036129009	77	47	0.24851704451318	0.774891353254609
HROV-vOTU70488	Age	Age	0.262962936055736	0.2260326231497	77	52	0.248568363962823	0.77494644944684
HROV-vOTU12196	diagnosis	RA	-0.994058689999369	0.854612117072741	77	64	0.248655174640037	0.775007263765065
HROV-vOTU54503	Smoking_Status	Never_Smoker	-0.7134836776299	0.613376807711135	77	9	0.248640376216532	0.775007263765065
HROV-vOTU15527	Smoking_Status	Never_Smoker	0.491905606732007	0.42293456296831	77	8	0.248692287279827	0.775018048180572
HROV-vOTU09500	Smoking_Status	Never_Smoker	-1.58997141041599	1.36767093359157	77	61	0.248909138529399	0.775104851508976
HROV-vOTU02014	Smoking_Status	Former_Smoker	2.06340393650744	1.7750503807989	77	48	0.248945979626226	0.775104851508976
HROV-vOTU62516	Smoking_Status	Former_Smoker	2.05987077382006	1.77204296686283	77	41	0.248954446465125	0.775104851508976
HROV-vOTU11306	Sex	M	-1.05345321163856	0.906186866773431	77	28	0.248920160627915	0.775104851508976
HROV-vOTU08096	diagnosis	RA	-0.591695243624191	0.508939257912606	77	31	0.248882768802707	0.775104851508976
HROV-vOTU51632	Smoking_Status	Former_Smoker	0.949257422638427	0.816397904348289	77	13	0.248828801649364	0.775104851508976
HROV-vOTU49322	Smoking_Status	Never_Smoker	0.921548682721008	0.79278194155632	77	27	0.248955735415193	0.775104851508976
HROV-vOTU15122	Smoking_Status	Former_Smoker	1.61521568623675	1.39433467036858	77	71	0.250577121325834	0.775603070045184
HROV-vOTU73280	Age	Age	0.326441279761171	0.282669222347585	77	70	0.252022850310581	0.775603070045184
HROV-vOTU23983	diagnosis	RA	-0.329511893051412	0.285466404265052	77	74	0.252250565905551	0.775603070045184
HROV-vOTU23983	Age	Age	-0.169197654172289	0.146050988098517	77	74	0.250548652355496	0.775603070045184
HROV-vOTU66084	diagnosis	RA	-0.733499964233009	0.632414915579613	77	58	0.249999553087886	0.775603070045184
HROV-vOTU29058	Age	Age	-0.417266768622138	0.360895543576721	77	62	0.251475797065007	0.775603070045184
HROV-vOTU08081	Smoking_Status	Former_Smoker	1.4197526206269	1.22784452556299	77	70	0.251435758949982	0.775603070045184
HROV-vOTU42180	Age	Age	0.302362219724321	0.260865083036188	77	48	0.250309024890623	0.775603070045184
HROV-vOTU19481	Age	Age	0.336629721203088	0.290315356783004	77	38	0.250124388636841	0.775603070045184
HROV-vOTU74508	Sex	M	-0.693782559532268	0.598401936655951	77	37	0.250180638764753	0.775603070045184
HROV-vOTU42975	Sex	M	-0.812827107128491	0.702104876700033	77	43	0.25086606060188	0.775603070045184
HROV-vOTU19365	Smoking_Status	Never_Smoker	-0.874421021219221	0.753683031539086	77	11	0.24985494434684	0.775603070045184
HROV-vOTU61919	Smoking_Status	Former_Smoker	-1.17583202612225	1.01633251880577	77	76	0.251176054498394	0.775603070045184
HROV-vOTU38878	diagnosis	RA	0.337787880474694	0.291660800337195	77	9	0.250682501107013	0.775603070045184
HROV-vOTU26100	Age	Age	-0.316526438099125	0.273924261588783	77	55	0.251749213598532	0.775603070045184
HROV-vOTU06773	diagnosis	RA	-0.632843134152427	0.546665026876658	77	66	0.250889202315545	0.775603070045184
HROV-vOTU24821	Smoking_Status	Former_Smoker	0.769872715751202	0.662946843891063	77	9	0.249413874745106	0.775603070045184
HROV-vOTU07149	Age	Age	0.345776630954284	0.298427050800486	77	59	0.250475578475739	0.775603070045184
HROV-vOTU57623	Age	Age	-0.452425768215212	0.389978465465878	77	40	0.249882107960111	0.775603070045184
HROV-vOTU12599	Sex	M	0.924045131267499	0.795830129492116	77	64	0.249486678496287	0.775603070045184
HROV-vOTU52804	Age	Age	-0.355148088454578	0.306119731444396	77	62	0.249869737462892	0.775603070045184
HROV-vOTU71080	diagnosis	RA	-0.653589839409944	0.564654344867629	77	32	0.250945595637906	0.775603070045184
HROV-vOTU29531	diagnosis	RA	0.503361379504662	0.43381346686069	77	50	0.249806323692836	0.775603070045184
HROV-vOTU06113	Smoking_Status	Former_Smoker	-1.37209167208694	1.18581517288725	77	59	0.251114788773002	0.775603070045184
HROV-vOTU29403	Smoking_Status	Former_Smoker	1.41992545918489	1.22788811829337	77	61	0.251395260197475	0.775603070045184
HROV-vOTU09847	Sex	M	0.969107579400491	0.838031393435295	77	55	0.251389903868753	0.775603070045184
HROV-vOTU67635	Smoking_Status	Never_Smoker	0.989949800237135	0.853785827918203	77	58	0.250144071944332	0.775603070045184
HROV-vOTU06011	Sex	M	0.743492200588622	0.640100567278871	77	33	0.249318864121211	0.775603070045184
HROV-vOTU49421	diagnosis	RA	-1.08177386238866	0.935094614847124	77	52	0.251206909247574	0.775603070045184
HROV-vOTU07697	Smoking_Status	Former_Smoker	-0.786606667734488	0.677853593588688	77	15	0.249757867208028	0.775603070045184
HROV-vOTU16611	Smoking_Status	Former_Smoker	1.46969179328231	1.27110635904881	77	61	0.251462712714335	0.775603070045184
HROV-vOTU11662	Sex	M	0.943739384121587	0.812593066788553	77	63	0.249372033761701	0.775603070045184
HROV-vOTU13816	Age	Age	-0.252110579780788	0.217794042561595	77	70	0.250921317480923	0.775603070045184
HROV-vOTU15039	Sex	M	-1.37170598929226	1.18257014895382	77	30	0.249960520123096	0.775603070045184
HROV-vOTU58977	Age	Age	-0.306533133306449	0.264433175314001	77	56	0.250255091060107	0.775603070045184
HROV-vOTU08300	Age	Age	-0.217845568849737	0.187698787503249	77	53	0.249687071664531	0.775603070045184
HROV-vOTU52308	Sex	M	0.823432630590041	0.713228425281612	77	48	0.252160387611619	0.775603070045184
HROV-vOTU10300	Sex	M	0.903352472681041	0.778930526640537	77	61	0.250042205815203	0.775603070045184
HROV-vOTU35510	Age	Age	-0.165100809197378	0.142384411453353	77	14	0.250119732636915	0.775603070045184
HROV-vOTU74791	Sex	M	0.747247087900477	0.644443023047361	77	35	0.250127352494861	0.775603070045184
HROV-vOTU55711	Smoking_Status	Never_Smoker	0.539880064930548	0.467641590824209	77	8	0.252176907302688	0.775603070045184
HROV-vOTU26471	Age	Age	0.279587621017297	0.241308032112238	77	15	0.250487780695711	0.775603070045184
HROV-vOTU16132	Age	Age	-0.360716717978468	0.31143944349331	77	46	0.250653689235428	0.775603070045184
HROV-vOTU39537	diagnosis	RA	0.436317254851525	0.377612821970479	77	31	0.251774996667682	0.775603070045184
HROV-vOTU21557	Age	Age	-0.301540487810918	0.261148871746751	77	39	0.252097578357801	0.775603070045184
HROV-vOTU15902	Smoking_Status	Never_Smoker	-1.40109959754594	1.20810138533704	77	22	0.250034521312116	0.775603070045184
HROV-vOTU41921	Sex	M	0.869288115562144	0.7524632437097	77	35	0.251858512539694	0.775603070045184
HROV-vOTU41035	diagnosis	RA	-0.255737261735307	0.221404074437256	77	10	0.251934293814943	0.775603070045184
HROV-vOTU58942	Smoking_Status	Former_Smoker	-0.717618585891623	0.618450198034336	77	8	0.249793270772475	0.775603070045184
HROV-vOTU60668	Sex	M	0.743111788462529	0.640980562743307	77	25	0.250203434371744	0.775603070045184
HROV-vOTU09873	Sex	M	-0.654045609471454	0.56665691716024	77	32	0.252281134468376	0.775603070045184
HROV-vOTU22903	Smoking_Status	Former_Smoker	1.10954369140144	0.957783618860292	77	28	0.250562523771142	0.775603070045184
HROV-vOTU63635	Smoking_Status	Former_Smoker	1.1341223409805	0.978529742321983	77	18	0.250336793887452	0.775603070045184
HROV-vOTU44777	diagnosis	RA	-0.43322798481272	0.374239958687282	77	21	0.250898322151979	0.775603070045184
HROV-vOTU07848	diagnosis	RA	-0.717550719552678	0.61973030014271	77	50	0.250808026662108	0.775603070045184
HROV-vOTU68419	Sex	M	-0.473093388193465	0.40729518342917	77	20	0.249308714514621	0.775603070045184
HROV-vOTU66093	Age	Age	0.438463369716377	0.37872075613619	77	42	0.250846579921864	0.775603070045184
HROV-vOTU61841	Sex	M	0.668234017296677	0.578341938983223	77	8	0.25178772022275703	0.775603070045184
HROV-vOTU72513	Sex	M	0.447757032536425	0.387340982595205	77	13	0.251565903445777	0.775603070045184
HROV-vOTU39510	Smoking_Status	Former_Smoker	1.56153721122855	1.34411219218172	77	55	0.249223181359958	0.775603070045184
HROV-vOTU41694	Smoking_Status	Former_Smoker	1.85468010484224	1.60285492580439	77	29	0.251105412747438	0.775603070045184
HROV-vOTU70988	Smoking_Status	Former_Smoker	1.412764167397	1.22073523444512	77	23	0.25102606007141	0.775603070045184
HROV-vOTU35959	Smoking_Status	Never_Smoker	-0.962056621716246	0.832074308833017	77	19	0.251469047528114	0.775603070045184
HROV-vOTU28607	Smoking_Status	Never_Smoker	1.36917329562762	1.18176087274332	77	27	0.250506528885681	0.775603070045184
HROV-vOTU24063	Sex	M	0.718387205616241	0.621650407962181	77	19	0.251713652953824	0.775603070045184
HROV-vOTU49399	diagnosis	RA	-0.568838372632251	0.489583530968526	77	23	0.24917430432506	0.775603070045184
HROV-vOTU33603	diagnosis	RA	0.432320339493745	0.373519416823037	77	28	0.250978171867476	0.775603070045184
HROV-vOTU16151	Sex	M	-0.456750445166072	0.394810414845895	77	11	0.251196690213261	0.775603070045184
HROV-vOTU18422	Smoking_Status	Former_Smoker	1.38648135440006	1.19884032357253	77	48	0.251345577592446	0.775603070045184
HROV-vOTU12009	Smoking_Status	Former_Smoker	0.975419873196067	0.840545009231135	77	26	0.249748248143591	0.775603070045184
HROV-vOTU58184	diagnosis	RA	-0.410022232360553	0.354387320665895	77	16	0.251154680877353	0.775603070045184
HROV-vOTU64692	diagnosis	RA	-0.457975884082662	0.39534713839326	77	28	0.250576567142138	0.775603070045184
HROV-vOTU54743	diagnosis	RA	-0.218595656580732	0.189269648127784	77	11	0.251986059188509	0.775603070045184
HROV-vOTU11730	Sex	M	-0.794947466933448	0.688782391136987	77	9	0.252315162864895	0.775603070045184
HROV-vOTU07731	Age	Age	-0.228578551329429	0.197808041149575	77	17	0.251736187015422	0.775603070045184
HROV-vOTU29431	Sex	M	-0.82637213905143	0.713961336548671	77	9	0.250968996214787	0.775603070045184
HROV-vOTU49166	Smoking_Status	Former_Smoker	1.32299385045376	1.13958805054857	77	30	0.249554574124447	0.775603070045184
HROV-vOTU11217	Sex	M	-0.406922050953724	0.350722951320171	77	12	0.249838540041339	0.775603070045184
HROV-vOTU50037	diagnosis	RA	0.50503663407721	0.437213944572715	77	23	0.251912143162467	0.775603070045184
HROV-vOTU59845	diagnosis	RA	0.58915382552012	0.51044499892542206	77	14	0.25228989011351	0.775603070045184
HROV-vOTU07059	Age	Age	-0.404040082520684	0.348802157713045	77	24	0.250596801956872	0.775603070045184
HROV-vOTU54284	Smoking_Status	Former_Smoker	0.910446271593523	0.78875406729684	77	8	0.252254222784237	0.775603070045184
HROV-vOTU52833	Sex	M	0.490609706443042	0.424888066138075	77	12	0.252093116494376	0.775603070045184
HROV-vOTU07570	Smoking_Status	Never_Smoker	0.625316782179705	0.541272808679016	77	9	0.251852647009778	0.775603070045184
HROV-vOTU46144	Sex	M	-0.598131376837945	0.517396152173392	77	12	0.251539486458736	0.775603070045184
HROV-vOTU67358	Smoking_Status	Never_Smoker	0.59957988642618	0.517249242055411	77	9	0.250270534362294	0.775603070045184
HROV-vOTU06834	Sex	M	0.464192103370254	0.402187540165723	77	10	0.252301374233889	0.775603070045184
HROV-vOTU23857	Sex	M	0.693417083098231	0.598886486219263	77	17	0.250807865069409	0.775603070045184
HROV-vOTU61873	Sex	M	-0.467382252986057	0.403441991813682	77	11	0.250547268459492	0.775603070045184
HROV-vOTU73856	Smoking_Status	Never_Smoker	0.507986590858492	0.43850566661313	77	8	0.250562485866037	0.775603070045184
HROV-vOTU65332	diagnosis	RA	0.51701008547469	0.446170134290858	77	9	0.250431196238175	0.775603070045184
HROV-vOTU57469	Age	Age	-0.0956481744682942	0.0827751600148299	77	10	0.25175227964936	0.775603070045184
HROV-vOTU74482	Sex	M	0.625188881616947	0.538648282085592	77	17	0.249666869817998	0.775603070045184
HROV-vOTU67717	Sex	M	0.509890982779775	0.441270063042913	77	9	0.25175637889094	0.775603070045184
HROV-vOTU60236	Age	Age	-0.0933440213033285	0.0808362887058282	77	8	0.252073059981123	0.775603070045184
HROV-vOTU62981	Age	Age	0.22893916187523	0.19843272636176	77	60	0.252477064395203	0.775686605259008
HROV-vOTU69935	Sex	M	-1.00332999976494	0.86955553972378	77	22	0.252434118414907	0.775686605259008
HROV-vOTU40926	Smoking_Status	Never_Smoker	1.13013460508565	0.97941042051433	77	43	0.25241357664099	0.775686605259008
HROV-vOTU32961	Smoking_Status	Former_Smoker	1.65617849207157	1.43542666834876	77	55	0.252456133069439	0.775686605259008
HROV-vOTU57545	Smoking_Status	Never_Smoker	0.812926906233908	0.704730599344562	77	20	0.252561937358806	0.775740386419487
HROV-vOTU47996	Sex	M	0.550597976042406	0.477310460535739	77	18	0.252556212752701	0.775740386419487
HROV-vOTU48415	Age	Age	-0.172006888526244	0.1491367771957	77	9	0.252634760944341	0.775860587351403
HROV-vOTU18567	Sex	M	-1.11852833919377	0.970122557044632	77	49	0.252787055388237	0.775880594485298
HROV-vOTU53150	Smoking_Status	Never_Smoker	0.814128180283843	0.705965798400093	77	15	0.252691001890196	0.775880594485298
HROV-vOTU41807	diagnosis	RA	-0.692725798521183	0.60084425834774	77	35	0.252809725619526	0.775880594485298
HROV-vOTU28313	diagnosis	RA	-0.451185255578202	0.391274863863219	77	13	0.252730160332777	0.775880594485298
HROV-vOTU58307	Age	Age	-0.202241275938764	0.175393576621519	77	12	0.252748386080163	0.775880594485298
HROV-vOTU20022	Age	Age	0.205762026253789	0.17849013802587	77	24	0.252862167237776	0.775938136107394
HROV-vOTU07922	Smoking_Status	Never_Smoker	0.488076955552594	0.423418951298411	77	11	0.252897882668484	0.775944342906365
HROV-vOTU00966	Smoking_Status	Never_Smoker	1.43986209226794	1.24924908716425	77	30	0.252947847927792	0.775994263724131
HROV-vOTU26648	Sex	M	0.840040028253183	0.729159711747992	77	32	0.253158474291534	0.776123490805914
HROV-vOTU67011	Sex	M	0.776854711888309	0.674288525793387	77	50	0.253140372268328	0.776123490805914
HROV-vOTU05029	Smoking_Status	Former_Smoker	1.91911509267602	1.66561835665027	77	26	0.253106279492653	0.776123490805914
HROV-vOTU52600	Smoking_Status	Former_Smoker	1.42063820310758	1.23300428145281	77	35	0.25311344464542	0.776123490805914
HROV-vOTU15157	Sex	M	0.39645360217394	0.344083150587372	77	8	0.253102555322492	0.776123490805914
HROV-vOTU46353	Smoking_Status	Never_Smoker	-1.12790242222538	0.979307153939222	77	71	0.253293516113646	0.776434137641057
HROV-vOTU06360	Smoking_Status	Former_Smoker	1.25294114255764	1.08798761083076	77	29	0.253343200715315	0.776483086568233
HROV-vOTU44289	Smoking_Status	Never_Smoker	0.783255650371282	0.680268638432712	77	11	0.253433770042803	0.776657315247606
HROV-vOTU74139	Sex	M	1.3561305229431	1.18024570079978	77	48	0.254402282599171	0.776806533735222
HROV-vOTU10958	diagnosis	RA	-0.764922619687129	0.664961862697164	77	61	0.253869534181808	0.776806533735222
HROV-vOTU51929	diagnosis	RA	-0.786317126710018	0.684196629916098	77	54	0.254307203549085	0.776806533735222
HROV-vOTU46311	diagnosis	RA	0.852141544420746	0.741189324382761	77	54	0.25412757554433	0.776806533735222
HROV-vOTU61871	Smoking_Status	Former_Smoker	-1.420724965917	1.2354251282278499	77	76	0.254007316956334	0.776806533735222
HROV-vOTU73443	Smoking_Status	Former_Smoker	1.65386959978953	1.43768375136003	77	66	0.253850972900394	0.776806533735222
HROV-vOTU01449	Smoking_Status	Former_Smoker	-0.731093371325654	0.636191091055418	77	77	0.254341382181509	0.776806533735222
HROV-vOTU50896	Age	Age	0.411989077267888	0.358039693544129	77	59	0.253724641429669	0.776806533735222
HROV-vOTU07207	diagnosis	RA	0.957756424743744	0.833241087081218	77	21	0.254233961677779	0.776806533735222
HROV-vOTU49471	Smoking_Status	Never_Smoker	0.882823472107952	0.767480396846671	77	71	0.253884901315161	0.776806533735222
HROV-vOTU54818	diagnosis	RA	-1.00442936403899	0.874300115989846	77	37	0.254478357385802	0.776806533735222
HROV-vOTU38801	diagnosis	RA	-0.760094546753768	0.661679085189706	77	69	0.254520249740796	0.776806533735222
HROV-vOTU05596	diagnosis	RA	-0.738223882841121	0.641582558791116	77	59	0.253745203945247	0.776806533735222
HROV-vOTU68801	Age	Age	0.355203379669192	0.308953222555475	77	59	0.254125651031086	0.776806533735222
HROV-vOTU43228	Smoking_Status	Never_Smoker	0.873294818768691	0.759671958569331	77	27	0.25417936193356	0.776806533735222
HROV-vOTU27546	Sex	M	0.427622108063914	0.37226069408176	77	74	0.254528098287711	0.776806533735222
HROV-vOTU40808	Smoking_Status	Former_Smoker	1.69988544604774	1.47887161613279	77	59	0.254228777075343	0.776806533735222
HROV-vOTU17427	Smoking_Status	Former_Smoker	1.71997345599345	1.49625993736617	77	29	0.25420113081841	0.776806533735222
HROV-vOTU72935	Sex	M	0.857452644943572	0.745913495080462	77	56	0.254193564526106	0.776806533735222
HROV-vOTU05179	Sex	M	0.944574918824258	0.821342925910284	77	49	0.25398748363082	0.776806533735222
HROV-vOTU44787	Sex	M	0.925515025615259	0.804240880902047	77	31	0.253678278579734	0.776806533735222
HROV-vOTU04013	Sex	M	0.559160705760014	0.486249586930161	77	15	0.254024849197291	0.776806533735222
HROV-vOTU35221	diagnosis	RA	-0.7119115657563	0.619045510167488	77	39	0.253996603639288	0.776806533735222
HROV-vOTU42036	Age	Age	0.259147931799889	0.225331936517837	77	20	0.253973281282142	0.776806533735222
HROV-vOTU68484	Smoking_Status	Former_Smoker	0.912144671446335	0.793734478491269	77	25	0.254337896629066	0.776806533735222
HROV-vOTU60828	Sex	M	0.78476718709667	0.683059214927093	77	25	0.254452763602186	0.776806533735222
HROV-vOTU24834	Smoking_Status	Never_Smoker	-0.438332615146155	0.381421403765902	77	9	0.254326793109835	0.776806533735222
HROV-vOTU04830	Age	Age	-0.387361120536787	0.336726732822433	77	32	0.253850396717647	0.776806533735222
HROV-vOTU48623	Smoking_Status	Former_Smoker	-1.22682571290986	1.0679762192023	77	8	0.254519081347984	0.776806533735222
HROV-vOTU26524	Sex	M	0.365249928179706	0.317724883444837	77	10	0.254174895246302	0.776806533735222
HROV-vOTU67290	diagnosis	RA	0.299023380524721	0.260171276050019	77	9	0.254275784224979	0.776806533735222
HROV-vOTU72250	diagnosis	RA	-0.629675687734191	0.548282631430773	77	38	0.254637053663511	0.776830221999028
HROV-vOTU42023	Age	Age	0.252708928405675	0.220041707928455	77	11	0.254633647991375	0.776830221999028
HROV-vOTU15369	Sex	M	-0.592300062042992	0.515710809407747	77	22	0.254612009532192	0.776830221999028
HROV-vOTU31384	Smoking_Status	Former_Smoker	0.728480459672611	0.634369024401278	77	10	0.254676612644396	0.776847998569593
HROV-vOTU01892	Smoking_Status	Never_Smoker	-1.79358419260181	1.56223083236424	77	43	0.25478432661083	0.776976495034419
HROV-vOTU14163	Smoking_Status	Former_Smoker	-1.06415442097163	0.926944193706424	77	71	0.254811964977375	0.776976495034419
HROV-vOTU44644	diagnosis	RA	-0.848494785050863	0.739209817288615	77	48	0.254887425965481	0.776976495034419
HROV-vOTU16565	Smoking_Status	Former_Smoker	0.522955464151409	0.455557083185974	77	9	0.254843577815188	0.776976495034419
HROV-vOTU17592	Smoking_Status	Never_Smoker	0.742045977887878	0.646426257398584	77	13	0.254854499020621	0.776976495034419
HROV-vOTU46108	Smoking_Status	Never_Smoker	1.98893512551313	1.73530231656752	77	32	0.255576999192489	0.777002986126845
HROV-vOTU43686	Smoking_Status	Former_Smoker	-1.77024457013836	1.54313540736537	77	62	0.255160859128807	0.777002986126845
HROV-vOTU67214	Smoking_Status	Never_Smoker	-1.72897035643516	1.50766868984584	77	59	0.2553209015448	0.777002986126845
HROV-vOTU08918	Sex	M	-0.724362233835519	0.631510054639302	77	15	0.255219088029303	0.777002986126845
HROV-vOTU41415	Age	Age	0.562576157835082	0.490520378938091	77	29	0.25527467053613	0.777002986126845
HROV-vOTU17187	Sex	M	1.15659466413997	1.00787039225125	77	68	0.255001203039591	0.777002986126845
HROV-vOTU02808	Smoking_Status	Never_Smoker	-1.19467767312759	1.04210050589212	77	75	0.255473247760177	0.777002986126845
HROV-vOTU17285	Smoking_Status	Never_Smoker	1.49061169565612	1.30039217581657	77	38	0.255528516143316	0.777002986126845
HROV-vOTU12828	diagnosis	RA	-1.01725179728035	0.886414354949577	77	52	0.254984737564334	0.777002986126845
HROV-vOTU31882	diagnosis	RA	-0.697318026024363	0.608156632642926	77	56	0.255392671843515	0.777002986126845
HROV-vOTU08460	diagnosis	RA	-0.607871048801301	0.530033093546965	77	8	0.255291796396904	0.777002986126845
HROV-vOTU25224	Sex	M	0.749204085203794	0.653188608533772	77	13	0.255234262416563	0.777002986126845
HROV-vOTU10893	Sex	M	-0.908330107629485	0.792461208663602	77	16	0.255555063982506	0.777002986126845
HROV-vOTU41807	Smoking_Status	Former_Smoker	1.66034348407862	1.44882993132682	77	35	0.2556474274555	0.777002986126845
HROV-vOTU71761	Smoking_Status	Former_Smoker	0.518975272566803	0.452473666843509	77	8	0.255243129732153	0.777002986126845
HROV-vOTU24328	Age	Age	-0.218458048250711	0.190621584942904	77	30	0.255630681474548	0.777002986126845
HROV-vOTU11151	Smoking_Status	Former_Smoker	0.976958923070967	0.852276901728833	77	11	0.255522650465165	0.777002986126845
HROV-vOTU21251	Smoking_Status	Former_Smoker	0.976726925881249	0.852319748080409	77	13	0.255658190123193	0.777002986126845
HROV-vOTU50467	Age	Age	-0.304951529630635	0.265935363777599	77	38	0.2553500795516	0.777002986126845
HROV-vOTU04006	Sex	M	-0.424114780417808	0.369799933965486	77	10	0.255283007676935	0.777002986126845
HROV-vOTU32667	Age	Age	0.179526854654879	0.156664877927958	77	9	0.255672107202311	0.777002986126845
HROV-vOTU36754	Smoking_Status	Former_Smoker	0.850816541790407	0.741486090287052	77	8	0.255048449543901	0.777002986126845
HROV-vOTU26337	diagnosis	RA	-0.329918670462041	0.287599374374072	77	10	0.255172002956588	0.777002986126845
HROV-vOTU01043	Sex	M	0.618287295299589	0.539628723629628	77	20	0.255739909379943	0.777106493339503
HROV-vOTU01819	Age	Age	-0.301274531668771	0.262982806859055	77	33	0.255805205983717	0.777174226719443
HROV-vOTU36366	diagnosis	RA	-0.841647321776353	0.734758693769915	77	63	0.255859062442399	0.777174226719443
HROV-vOTU15261	Sex	M	1.23937710285351	1.08202518202395	77	47	0.255880010785449	0.777174226719443
HROV-vOTU18137	Smoking_Status	Former_Smoker	1.64239961826049	1.43393203578412	77	35	0.255897184594596	0.777174226719443
HROV-vOTU71326	diagnosis	RA	-0.678698627607141	0.592727195268969	77	62	0.256036201093936	0.777490862409812
HROV-vOTU18348	Sex	M	-0.333379978550333	0.291170649722381	77	10	0.256068961848824	0.777490862409812
HROV-vOTU22520	Smoking_Status	Never_Smoker	0.757453674430396	0.661675329886859	77	12	0.256156604433055	0.777501997512124
HROV-vOTU01875	Age	Age	-0.385075436870242	0.336395853501362	77	34	0.256173910426487	0.777501997512124
HROV-vOTU49084	Smoking_Status	Never_Smoker	0.809337562741772	0.706938392722646	77	15	0.25611646832883	0.777501997512124
HROV-vOTU02903	Sex	M	-1.01056219601953	0.883082747778986	77	45	0.256318794451128	0.777839219424097
HROV-vOTU11600	diagnosis	RA	-0.685332371922087	0.598992333221859	77	66	0.256407406215433	0.778005608055522
HROV-vOTU28343	Sex	M	1.06994435611548	0.935497684126462	77	52	0.256582667263017	0.778235326159879
HROV-vOTU01529	Sex	M	1.19982230071844	1.04905953376525	77	52	0.256584491165087	0.778235326159879
HROV-vOTU70177	diagnosis	RA	-0.303425829024434	0.265269577782551	77	13	0.25653206905824	0.778235326159879
HROV-vOTU44478	Smoking_Status	Former_Smoker	1.14927039702213	1.00578268478811	77	72	0.257017260790427	0.778254346473306
HROV-vOTU19365	Smoking_Status	Former_Smoker	-1.21582629700661	1.06394503059559	77	11	0.256980053380093	0.778254346473306
HROV-vOTU61919	diagnosis	RA	-0.481852097092253	0.421483257139307	77	76	0.256783499811499	0.778254346473306
HROV-vOTU32134	Age	Age	-0.149047691039516	0.130447240531857	77	75	0.257047340362219	0.778254346473306
HROV-vOTU05127	Smoking_Status	Former_Smoker	-1.56876493008418	1.37343228564507	77	34	0.25719903738638	0.778254346473306
HROV-vOTU02014	Sex	M	1.11082397383803	0.971568754614273	77	48	0.256741954221311	0.778254346473306
HROV-vOTU54798	Sex	M	0.703886964549267	0.615617895154627	77	65	0.256720267035565	0.778254346473306
HROV-vOTU48360	diagnosis	RA	-0.646361183530655	0.565731749971524	77	67	0.257075175505176	0.778254346473306
HROV-vOTU67096	diagnosis	RA	-0.755827097009187	0.661706217861396	77	24	0.257191847968508	0.778254346473306
HROV-vOTU75404	Smoking_Status	Never_Smoker	0.655870926130689	0.573947043492075	77	12	0.256986333517288	0.778254346473306
HROV-vOTU22477	Smoking_Status	Never_Smoker	-0.800643421670582	0.700404811731047	77	11	0.25683061296325	0.778254346473306
HROV-vOTU44910	Smoking_Status	Never_Smoker	0.749216985019028	0.655481937614523	77	21	0.256877430030267	0.778254346473306
HROV-vOTU22687	Age	Age	-0.217639261736122	0.190472629758236	77	11	0.257031806257314	0.778254346473306
HROV-vOTU43907	Sex	M	0.969812398492593	0.849015921559984	77	45	0.257175937599527	0.778254346473306
HROV-vOTU49719	diagnosis	RA	-0.406828810453577	0.355823376198823	77	12	0.256735963056602	0.778254346473306
HROV-vOTU24010	Smoking_Status	Former_Smoker	0.969822932077773	0.848909489694363	77	15	0.257111709440525	0.778254346473306
HROV-vOTU29297	diagnosis	RA	0.385415792804554	0.337068064819096	77	11	0.256698330908111	0.778254346473306
HROV-vOTU18238	diagnosis	RA	0.359028544436105	0.314185945055637	77	9	0.256991035231021	0.778254346473306
HROV-vOTU33001	Smoking_Status	Never_Smoker	0.96120519428574	0.841658382491686	77	64	0.257275429643304	0.778383229727443
HROV-vOTU56271	Sex	M	0.767158581080991	0.671911384559071	77	40	0.257391721443211	0.778543364038108
HROV-vOTU72513	Age	Age	-0.171432765242833	0.150149743680582	77	13	0.257395969335048	0.778543364038108
HROV-vOTU74508	Smoking_Status	Former_Smoker	1.24769609940338	1.09327680669769	77	37	0.257602881820082	0.778748655401473
HROV-vOTU28638	diagnosis	RA	0.551865626446886	0.483559507480127	77	32	0.257597739621762	0.778748655401473
HROV-vOTU43992	Age	Age	-0.205042655197337	0.179677290560903	77	16	0.257632913829953	0.778748655401473
HROV-vOTU66515	diagnosis	RA	0.380305775907434	0.333171605262115	77	10	0.257509215434678	0.778748655401473
HROV-vOTU46503	Smoking_Status	Never_Smoker	0.707841374941599	0.620209350810476	77	16	0.257582301194245	0.778748655401473
HROV-vOTU36712	Age	Age	-0.134631851879096	0.117993090251824	77	10	0.257697836173942	0.77883928894527
HROV-vOTU42917	Sex	M	0.407700599624297	0.357338833592325	77	13	0.257730535000083	0.77883928894527
HROV-vOTU75058	diagnosis	RA	0.495694530642238	0.434543648232421	77	30	0.257817867800882	0.779000983397313
HROV-vOTU17050	Smoking_Status	Former_Smoker	2.06971548068414	1.81454189234519	77	33	0.257858131196496	0.779020433091343
HROV-vOTU61921	Smoking_Status	Former_Smoker	-2.60532928530682	2.28626226146342	77	42	0.258300316294523	0.779260699899856
HROV-vOTU10958	Sex	M	0.999532797881606	0.877637330303743	77	61	0.258576950103561	0.779260699899856
HROV-vOTU10330	Smoking_Status	Former_Smoker	-2.77988571790421	2.43975863504914	77	59	0.258361693603846	0.779260699899856
HROV-vOTU14817	Smoking_Status	Never_Smoker	-1.16148801673346	1.01943763968418	77	73	0.258389951733716	0.779260699899856
HROV-vOTU36786	Sex	M	-0.790059883735483	0.693167156465048	77	15	0.258207475224275	0.779260699899856
HROV-vOTU67606	Sex	M	0.638356536432267	0.560412861343033	77	70	0.258497354940886	0.779260699899856
HROV-vOTU71398	Smoking_Status	Former_Smoker	-1.6616399212528	1.45829539815667	77	28	0.258349380112848	0.779260699899856
HROV-vOTU31355	Smoking_Status	Former_Smoker	2.17460302244256	1.90833127370199	77	27	0.258311564689088	0.779260699899856
HROV-vOTU36670	Smoking_Status	Never_Smoker	1.48469612820336	1.30289828252583	77	28	0.258310647077047	0.779260699899856
HROV-vOTU24172	Smoking_Status	Former_Smoker	-1.29238715116312	1.13401024044358	77	20	0.258257858540996	0.779260699899856
HROV-vOTU33883	Smoking_Status	Former_Smoker	2.06758119197988	1.81534996367715	77	50	0.258554946437928	0.779260699899856
HROV-vOTU55731	Sex	M	-0.975891040415255	0.856013486680046	77	18	0.258100268314954	0.779260699899856
HROV-vOTU52675	diagnosis	RA	-0.289311030425186	0.253717974662079	77	8	0.257999213684309	0.779260699899856
HROV-vOTU02442	diagnosis	RA	-0.759114173212835	0.666159426281334	77	33	0.258308628435307	0.779260699899856
HROV-vOTU32612	Smoking_Status	Never_Smoker	-0.5714022739183	0.501604033737431	77	15	0.258469400849497	0.779260699899856
HROV-vOTU47482	Age	Age	-0.171306128190845	0.150371391401192	77	9	0.258440350979013	0.779260699899856
HROV-vOTU22635	Smoking_Status	Former_Smoker	0.865653653344738	0.759261940978721	77	8	0.258065712754446	0.779260699899856
HROV-vOTU35278	Age	Age	-0.142482583590482	0.125005357218265	77	8	0.258195392720996	0.779260699899856
HROV-vOTU12517	diagnosis	RA	-0.32242917484745	0.283110313928281	77	9	0.258580558777017	0.779260699899856
HROV-vOTU26712	diagnosis	RA	-0.722557987294117	0.6346428629601	77	30	0.258727618511906	0.779397914235342
HROV-vOTU13956	Age	Age	-0.32406407220073	0.284611729525518	77	26	0.258689818678703	0.779397914235342
HROV-vOTU13492	Sex	M	0.289403830379734	0.254185096893454	77	10	0.258715789669838	0.779397914235342
HROV-vOTU01806	Smoking_Status	Former_Smoker	-0.744555477572456	0.65404031969648	77	15	0.258782784922358	0.779443303971806
HROV-vOTU52970	Smoking_Status	Never_Smoker	0.655304842945464	0.575673482984883	77	12	0.258810375400452	0.779443303971806
HROV-vOTU27585	Sex	M	0.88840436801887	0.780574091182048	77	66	0.258887100377606	0.779572427000036
HROV-vOTU12134	Sex	M	0.242485893937403	0.213252595099664	77	77	0.259326656786203	0.779796041729499
HROV-vOTU36805	diagnosis	RA	-0.288082363772962	0.253564326907828	77	77	0.259722008644979	0.779796041729499
HROV-vOTU28293	Smoking_Status	Never_Smoker	-1.10720294881658	0.974683182149939	77	74	0.259792422850017	0.779796041729499
HROV-vOTU13389	diagnosis	RA	0.613320173402045	0.539446011690404	77	20	0.259384155346852	0.779796041729499
HROV-vOTU14873	diagnosis	RA	-0.785481292850399	0.690994640817031	77	54	0.259469057586363	0.779796041729499
HROV-vOTU01908	Sex	M	0.93127382723614	0.818906679934674	77	29	0.259271402106367	0.779796041729499
HROV-vOTU59708	diagnosis	RA	-0.579309528189529	0.509695777036924	77	27	0.259535954080604	0.779796041729499
HROV-vOTU07046	Sex	M	-0.397740632221968	0.350062470926717	77	17	0.259693859620718	0.779796041729499
HROV-vOTU55876	diagnosis	RA	0.324206005526504	0.285364956590863	77	13	0.25973081851733	0.779796041729499
HROV-vOTU46449	diagnosis	RA	0.694945757902842	0.611116401467234	77	38	0.259288811643924	0.779796041729499
HROV-vOTU40721	Smoking_Status	Never_Smoker	0.832373294260327	0.732762207145557	77	30	0.259801867369201	0.779796041729499
HROV-vOTU53287	Smoking_Status	Former_Smoker	-0.718872566529741	0.631957314662736	77	14	0.259139677135106	0.779796041729499
HROV-vOTU14344	Age	Age	-0.177977001351839	0.156616139636545	77	12	0.259614525248052	0.779796041729499
HROV-vOTU20502	Smoking_Status	Former_Smoker	2.65842450559381	2.33636240641423	77	56	0.259009294140759	0.779796041729499
HROV-vOTU14574	Smoking_Status	Former_Smoker	0.755256996657093	0.664841134153231	77	13	0.259778162525121	0.779796041729499
HROV-vOTU63677	diagnosis	RA	-0.493086150615875	0.434083462152103	77	19	0.259807860538013	0.779796041729499
HROV-vOTU28224	Smoking_Status	Never_Smoker	1.27481336581304	1.12084370876796	77	42	0.259207739440782	0.779796041729499
HROV-vOTU18479	Smoking_Status	Former_Smoker	1.49361354988347	1.31395011193676	77	26	0.259471012966629	0.779796041729499
HROV-vOTU57826	Smoking_Status	Never_Smoker	0.971342520100574	0.854815706287816	77	27	0.259644385675578	0.779796041729499
HROV-vOTU22687	Smoking_Status	Never_Smoker	0.723427919016467	0.635928259062521	77	11	0.259114703859509	0.779796041729499
HROV-vOTU11247	Age	Age	0.19251771752893	0.169260594899903	77	16	0.259193291647485	0.779796041729499
HROV-vOTU56260	Smoking_Status	Never_Smoker	1.50373557691722	1.32169169121121	77	41	0.259055820740879	0.779796041729499
HROV-vOTU51131	Age	Age	-0.344664455465437	0.303196861886105	77	27	0.259457502366587	0.779796041729499
HROV-vOTU59186	Age	Age	0.103982385843358	0.0914948057738692	77	8	0.259575418423949	0.779796041729499
HROV-vOTU05414	diagnosis	RA	0.332966373938634	0.29289024730825	77	13	0.259431769174129	0.779796041729499
HROV-vOTU39627	Smoking_Status	Never_Smoker	-1.54870110908967	1.36378415749644	77	68	0.259946614658122	0.780009190303134
HROV-vOTU43440	Age	Age	0.220303112433138	0.193991559724729	77	21	0.259929399955413	0.780009190303134
HROV-vOTU54421	Smoking_Status	Former_Smoker	1.36144389797618	1.1992480763937	77	23	0.260089353238223	0.780335826612333
HROV-vOTU34262	Smoking_Status	Former_Smoker	-2.44862605457693	2.15718536784672	77	27	0.260149953321176	0.780415973034608
HROV-vOTU32660	Sex	M	1.216471866078	1.07177789572705	77	39	0.260190986886074	0.780437409219364
HROV-vOTU34183	diagnosis	RA	-0.744155098386335	0.655795946736307	77	67	0.260302518406879	0.780531659648225
HROV-vOTU30787	Smoking_Status	Former_Smoker	-1.41084525977181	1.24338171671898	77	20	0.260324085009032	0.780531659648225
HROV-vOTU48140	Smoking_Status	Former_Smoker	1.02113861567945	0.899886410817283	77	21	0.260300046144529	0.780531659648225
HROV-vOTU75697	Smoking_Status	Former_Smoker	-1.34540728165258	1.185836937933	77	72	0.260374237798079	0.780580408290777
HROV-vOTU50642	Sex	M	1.2867362958721	1.13431387595967	77	68	0.260453095435297	0.780613585095639
HROV-vOTU48283	diagnosis	RA	-0.323895543756361	0.285522479860122	77	12	0.260444002158968	0.780613585095639
HROV-vOTU73063	diagnosis	RA	-0.548874720484199	0.483904254081824	77	16	0.260499348060384	0.780650616243416
HROV-vOTU03488	diagnosis	RA	-0.488643358381842	0.431033269396874	77	76	0.260752381384647	0.78110397285229
HROV-vOTU43167	Smoking_Status	Never_Smoker	1.1015569256317	0.971558483707152	77	40	0.260690594881384	0.78110397285229
HROV-vOTU21986	Age	Age	-0.177408370216347	0.15648355899828	77	11	0.260726069448712	0.78110397285229
HROV-vOTU17341	Smoking_Status	Never_Smoker	0.69672146738261	0.614687572482656	77	21	0.260835560445983	0.781251522573934
HROV-vOTU48010	diagnosis	RA	-0.249042059763133	0.21975800992096	77	9	0.260919097337339	0.781400105549923
HROV-vOTU10146	diagnosis	RA	0.813066914640063	0.717647915052731	77	52	0.261042195279648	0.781541345911437
HROV-vOTU66996	Sex	M	1.10837197799969	0.978516710595798	77	69	0.261148375692671	0.781541345911437
HROV-vOTU07890	Smoking_Status	Never_Smoker	-0.509258388687934	0.449485976763823	77	12	0.261034378778816	0.781541345911437
HROV-vOTU74718	Sex	M	0.46357951064097	0.409255435366199	77	9	0.261134787570413	0.781541345911437
HROV-vOTU37537	Sex	M	0.804062685703371	0.709868859569708	77	68	0.26115436933448	0.781541345911437
HROV-vOTU53606	Age	Age	-0.193898522435358	0.171189436903606	77	14	0.261169873996284	0.781541345911437
HROV-vOTU13070	diagnosis	RA	-0.593956138622649	0.524432829903245	77	69	0.261205822715516	0.78154227139659
HROV-vOTU13650	Sex	M	-0.473622687806291	0.41824310662424	77	13	0.261271990772138	0.78154227139659
HROV-vOTU60823	Smoking_Status	Never_Smoker	1.02081077746126	0.901415510666116	77	67	0.261254018351704	0.78154227139659
HROV-vOTU09380	Smoking_Status	Never_Smoker	1.26140156026012	1.11428978870303	77	38	0.261433611055588	0.781924163975351
HROV-vOTU51034	Age	Age	0.256380786002211	0.226598475608756	77	72	0.261680405705687	0.781960822887323
HROV-vOTU27668	Smoking_Status	Never_Smoker	1.07287708650803	0.948064817030735	77	69	0.261589564293978	0.781960822887323
HROV-vOTU25173	diagnosis	RA	0.316721063242378	0.279886955728391	77	21	0.261608779321267	0.781960822887323
HROV-vOTU44418	Sex	M	-0.684960391106626	0.605362164788861	77	46	0.261656789846928	0.781960822887323
HROV-vOTU08388	Smoking_Status	Former_Smoker	1.86524994812925	1.64858532810269	77	62	0.261683545896335	0.781960822887323
HROV-vOTU03842	Smoking_Status	Former_Smoker	1.30046018066932	1.14938556712888	77	9	0.26167732626807	0.781960822887323
HROV-vOTU23466	Sex	M	-0.385363762330799	0.340565115365036	77	8	0.261634442768629	0.781960822887323
HROV-vOTU72241	diagnosis	RA	0.554912194447939	0.490619530027654	77	9	0.261842675216876	0.782159780408952
HROV-vOTU02957	Smoking_Status	Never_Smoker	1.52724532041049	1.35025332984577	77	37	0.261827314073723	0.782159780408952
HROV-vOTU12428	diagnosis	RA	0.421440622403055	0.372619464032939	77	10	0.261852015065264	0.782159780408952
HROV-vOTU44410	Sex	M	0.807584884749271	0.714088271862392	77	22	0.261889659380995	0.782170776234511
HROV-vOTU02138	Smoking_Status	Former_Smoker	1.9573129536406	1.73138673439048	77	41	0.262074861086846	0.782309526700055
HROV-vOTU75949	Age	Age	0.261336517880001	0.231211975432415	77	74	0.26215806143331	0.782309526700055
HROV-vOTU32187	Smoking_Status	Never_Smoker	1.00273694241554	0.887134817060072	77	54	0.262149769104163	0.782309526700055
HROV-vOTU69519	diagnosis	RA	0.754138578116206	0.667216098657217	77	37	0.262163652530815	0.782309526700055
HROV-vOTU71847	diagnosis	RA	-0.724824549030445	0.641301318606902	77	66	0.262178766965212	0.782309526700055
HROV-vOTU57988	Smoking_Status	Never_Smoker	1.01053224927009	0.893899340298897	77	63	0.262079895537691	0.782309526700055
HROV-vOTU08851	Age	Age	0.539269646108523	0.477260532633315	77	49	0.262309777037682	0.782309526700055
HROV-vOTU18475	Smoking_Status	Former_Smoker	-0.354965698381057	0.314091620576407	77	10	0.262223112687252	0.782309526700055
HROV-vOTU23010	Age	Age	-0.272459293686454	0.241004570217516	77	31	0.262063794427929	0.782309526700055
HROV-vOTU16199	Age	Age	-0.4013002499805	0.355141013982697	77	67	0.26229001636395	0.782309526700055
HROV-vOTU14957	diagnosis	RA	0.516348581997259	0.456962711963101	77	19	0.262296958105793	0.782309526700055
HROV-vOTU50574	diagnosis	RA	-0.643818233966729	0.570012394524873	77	38	0.2624965310243	0.782765131359528
HROV-vOTU44936	Smoking_Status	Never_Smoker	-0.957738523908655	0.84805176598455	77	35	0.262555757844098	0.782840381039561
HROV-vOTU62011	Sex	M	0.890049194660862	0.788178390847959	77	53	0.26259399449358	0.782853034716781
HROV-vOTU44615	Age	Age	-0.265747256044875	0.235357719542249	77	28	0.262647524557492	0.782911272399566
HROV-vOTU05854	Smoking_Status	Former_Smoker	1.65095784230956	1.46236149972578	77	37	0.262711901387837	0.783001823341775
HROV-vOTU26648	Smoking_Status	Never_Smoker	-1.06514088988974	0.94369000712783	77	32	0.262824684501756	0.783149351022973
HROV-vOTU15873	Smoking_Status	Never_Smoker	0.395382915444753	0.350429464318779	77	8	0.262999439027862	0.783149351022973
HROV-vOTU12753	Age	Age	-0.421614475837922	0.373594170854018	77	36	0.262892527664707	0.783149351022973
HROV-vOTU69548	Smoking_Status	Never_Smoker	0.91775181531411	0.813243712685689	77	27	0.262904384891256	0.783149351022973
HROV-vOTU75469	Smoking_Status	Former_Smoker	0.993567045601158	0.880546552002612	77	13	0.262969400295891	0.783149351022973
HROV-vOTU31272	diagnosis	RA	-0.394419319717082	0.349488170698394	77	13	0.262881332402209	0.783149351022973
HROV-vOTU40521	diagnosis	RA	0.275472048520877	0.244147494734793	77	10	0.262990743491623	0.783149351022973
HROV-vOTU53502	Age	Age	0.307158166447159	0.272263546971904	77	33	0.26304815525387	0.783193150031885
HROV-vOTU69166	Age	Age	-0.352139432295711	0.312187915123719	77	16	0.263128773206519	0.78333190886067
HROV-vOTU22235	diagnosis	RA	0.639193696743419	0.566803358474581	77	62	0.263236097664549	0.783347632667601
HROV-vOTU75872	Age	Age	0.22946537374904	0.20347570685157	77	18	0.263231166941905	0.783347632667601
HROV-vOTU69097	Smoking_Status	Never_Smoker	0.397819256446095	0.352718679059459	77	9	0.263173694929564	0.783347632667601
HROV-vOTU15021	diagnosis	RA	-0.711509745891865	0.631143518501817	77	53	0.263396646179988	0.783465298482525
HROV-vOTU15235	Sex	M	0.494848425269134	0.438922320606389	77	74	0.26336199545499	0.783465298482525
HROV-vOTU60930	diagnosis	RA	-0.779532271834085	0.69160216443718	77	52	0.263478342585583	0.783465298482525
HROV-vOTU11240	Age	Age	-0.495883417483228	0.439918209043256	77	52	0.263445769234466	0.783465298482525
HROV-vOTU18749	Sex	M	-0.474661976724072	0.421122051550798	77	11	0.263479754092364	0.783465298482525
HROV-vOTU19271	Age	Age	-0.245671064035652	0.217899472547154	77	24	0.263347500932767	0.783465298482525
HROV-vOTU54272	diagnosis	RA	-0.536740008680449	0.476384901818939	77	52	0.263665541242751	0.783635275941569
HROV-vOTU72239	Smoking_Status	Never_Smoker	1.27075263176654	1.12787428978256	77	50	0.263671708823401	0.783635275941569
HROV-vOTU07698	Age	Age	-0.330559454493805	0.293388969401153	77	34	0.263665735735878	0.783635275941569
HROV-vOTU55887	Smoking_Status	Never_Smoker	0.30650895715802	0.272047072458777	77	8	0.263673024458151	0.783635275941569
HROV-vOTU38933	Sex	M	0.541605585037148	0.480811408432001	77	73	0.263771923793826	0.783726926199433
HROV-vOTU02552	Sex	M	0.982493727721224	0.87217788475936	77	39	0.263754108424321	0.783726926199433
HROV-vOTU38514	Sex	M	0.908004386357084	0.806185715829115	77	26	0.263832439601819	0.783805609394981
HROV-vOTU10604	Smoking_Status	Former_Smoker	-0.845279924095219	0.750854700490589	77	77	0.26405937745861	0.783978632030612
HROV-vOTU16599	Age	Age	-0.154586897330113	0.137294037120933	77	8	0.263976146511928	0.783978632030612
HROV-vOTU31606	diagnosis	RA	0.34740325670436	0.308608573284986	77	14	0.264079818677127	0.783978632030612
HROV-vOTU49753	Smoking_Status	Former_Smoker	1.77141219068992	1.57327075897126	77	24	0.26398142970687	0.783978632030612
HROV-vOTU60252	Sex	M	0.556072957064345	0.493974167824689	77	30	0.26407803297117	0.783978632030612
HROV-vOTU11158	diagnosis	RA	-0.387871831138947	0.344569001020082	77	15	0.264094929539448	0.783978632030612
HROV-vOTU74737	Smoking_Status	Never_Smoker	-1.49144526820394	1.32558377750722	77	59	0.264325933852916	0.784412155151166
HROV-vOTU14153	diagnosis	RA	0.574433754427576	0.510570363584175	77	25	0.264343149636483	0.784412155151166
HROV-vOTU37364	diagnosis	RA	-0.606584670450104	0.539121337872613	77	47	0.264320733949105	0.784412155151166
HROV-vOTU07618	Smoking_Status	Former_Smoker	-2.26601520887761	2.01443298847454	77	38	0.264424216053408	0.784463059599428
HROV-vOTU33700	diagnosis	RA	0.680724292777269	0.60528350643977	77	44	0.264530617492365	0.784463059599428
HROV-vOTU01022	diagnosis	RA	-0.611985925734579	0.544118547332244	77	55	0.264491915315978	0.784463059599428
HROV-vOTU34493	Sex	M	-0.671260154587378	0.596815838520545	77	9	0.264489054297599	0.784463059599428
HROV-vOTU24063	Smoking_Status	Former_Smoker	1.2773290535153	1.13575162656929	77	19	0.264522970191594	0.784463059599428
HROV-vOTU07934	Age	Age	0.403929372423544	0.359399763678781	77	63	0.264841138981019	0.784711180906776
HROV-vOTU74488	Smoking_Status	Never_Smoker	-1.58507371364678	1.41050510195993	77	56	0.264898770289403	0.784711180906776
HROV-vOTU04428	Sex	M	0.625320765878794	0.556289683804627	77	73	0.264760224651795	0.784711180906776
HROV-vOTU67004	diagnosis	RA	-0.427803168233911	0.380767759051207	77	71	0.264997987916856	0.784711180906776
HROV-vOTU60000	Smoking_Status	Former_Smoker	2.06846071115812	1.841138004881	77	62	0.265022958576777	0.784711180906776
HROV-vOTU08578	Smoking_Status	Never_Smoker	1.69957181429968	1.51221277919121	77	45	0.264842263631286	0.784711180906776
HROV-vOTU10518	Age	Age	-0.243876230572502	0.216995836798028	77	19	0.264851581588279	0.784711180906776
HROV-vOTU50143	Smoking_Status	Never_Smoker	0.938631528327334	0.835124446750137	77	32	0.264823370377986	0.784711180906776
HROV-vOTU04775	Age	Age	0.307996722687272	0.274061956743864	77	23	0.264874190051986	0.784711180906776
HROV-vOTU34620	Smoking_Status	Former_Smoker	2.3156030202462	2.06112042115035	77	37	0.265023168262827	0.784711180906776
HROV-vOTU63283	Smoking_Status	Never_Smoker	1.08377806846802	0.964410106913748	77	27	0.264894623043834	0.784711180906776
HROV-vOTU71176	Age	Age	0.192683961603087	0.171485571423737	77	14	0.264960739024417	0.784711180906776
HROV-vOTU21661	Sex	M	-0.952175477016681	0.847701696408035	77	34	0.265117841382961	0.784890588385344
HROV-vOTU66953	Smoking_Status	Former_Smoker	-1.40035570570884	1.24682410916463	77	58	0.265162306134844	0.784921325229494
HROV-vOTU05007	Sex	M	1.22884960709795	1.09563112001152	77	68	0.265815556311913	0.784931646993481
HROV-vOTU05947	Smoking_Status	Former_Smoker	-1.59727828711237	1.42307612057591	77	64	0.265468521617866	0.784931646993481
HROV-vOTU75483	Age	Age	0.431466585218526	0.384758315444037	77	60	0.265897635602113	0.784931646993481
HROV-vOTU57517	Age	Age	0.313185048614993	0.278909373632722	77	50	0.265266216999771	0.784931646993481
HROV-vOTU45542	Smoking_Status	Never_Smoker	1.25369718636274	1.11746903883575	77	47	0.26568159650256	0.784931646993481
HROV-vOTU04657	Sex	M	1.18535979712564	1.05669587838604	77	74	0.265743756683323	0.784931646993481
HROV-vOTU08173	Smoking_Status	Never_Smoker	-0.422772271268209	0.376771024950111	77	77	0.26560321010275	0.784931646993481
HROV-vOTU17285	diagnosis	RA	-0.854791244537898	0.761288565035529	77	38	0.265295834531075	0.784931646993481
HROV-vOTU65601	Smoking_Status	Former_Smoker	1.81070834569235	1.61486455718649	77	35	0.26594865139081	0.784931646993481
HROV-vOTU09115	Smoking_Status	Former_Smoker	-1.58829518016234	1.415816578217	77	74	0.265717522150085	0.784931646993481
HROV-vOTU59361	Smoking_Status	Former_Smoker	-0.892985597270244	0.795350238245468	77	18	0.265322799619678	0.784931646993481
HROV-vOTU72910	Age	Age	-0.414155382577946	0.369256784144602	77	49	0.265815063855855	0.784931646993481
HROV-vOTU65018	Smoking_Status	Former_Smoker	-1.27903952806189	1.13967033941406	77	17	0.265520598864693	0.784931646993481
HROV-vOTU43848	diagnosis	RA	0.314067170798544	0.279755741829444	77	9	0.265369166768082	0.784931646993481
HROV-vOTU28184	Sex	M	0.588561841936479	0.5244820365766	77	18	0.265567768794497	0.784931646993481
HROV-vOTU62699	Smoking_Status	Former_Smoker	1.54565140742618	1.37805738886209	77	25	0.265804782524106	0.784931646993481
HROV-vOTU71719	Sex	M	-0.723010012010181	0.644530265142738	77	24	0.265742866418127	0.784931646993481
HROV-vOTU72129	Smoking_Status	Former_Smoker	1.19873966504849	1.06889112024969	77	29	0.265862441430399	0.784931646993481
HROV-vOTU34202	Smoking_Status	Never_Smoker	0.491709527788481	0.438192801769544	77	11	0.265587514983439	0.784931646993481
HROV-vOTU55195	Sex	M	-0.715063151352286	0.637581467804238	77	19	0.265843557310861	0.784931646993481
HROV-vOTU39594	Sex	M	0.598270851217925	0.533064269722538	77	13	0.265505817004715	0.784931646993481
HROV-vOTU23237	Age	Age	-0.145794522942032	0.130025871000209	77	10	0.265949702192363	0.784931646993481
HROV-vOTU20798	Sex	M	-0.504292108373966	0.449150384416647	77	9	0.265318046373798	0.784931646993481
HROV-vOTU67635	Smoking_Status	Former_Smoker	1.35129546059315	1.20525625600396	77	58	0.265993911881309	0.784961531346301
HROV-vOTU28979	diagnosis	RA	-0.68533162466408	0.611397506027757	77	30	0.266096286805883	0.784961891269307
HROV-vOTU37432	Smoking_Status	Former_Smoker	-1.07302909736863	0.957137370933572	77	18	0.266030684417901	0.784961891269307
HROV-vOTU27306	Smoking_Status	Never_Smoker	0.965478670110023	0.861305266943895	77	71	0.266087042937426	0.784961891269307
HROV-vOTU36113	diagnosis	RA	0.481011558332176	0.429175534336817	77	14	0.266158004910597	0.785043398193014
HROV-vOTU50610	diagnosis	RA	-0.842893238430322	0.752135510618918	77	56	0.266206110372631	0.785084738363643
HROV-vOTU06939	Smoking_Status	Never_Smoker	-1.57536794745283	1.4058874138428	77	29	0.266255237625727	0.78512908098854
HROV-vOTU28582	Sex	M	-0.651455268737411	0.581453350937464	77	15	0.266322619640893	0.785227234711274
HROV-vOTU42214	Age	Age	-0.251105141318129	0.224203502955733	77	47	0.266493447861579	0.785630325685122
HROV-vOTU02061	diagnosis	RA	0.364549608571199	0.325552052663484	77	8	0.266577510817136	0.785777559723365
HROV-vOTU57499	Smoking_Status	Never_Smoker	0.599552445790695	0.535496279518344	77	9	0.266648984893188	0.785887653198121
HROV-vOTU22046	Sex	M	0.751349631306529	0.671153538340999	77	33	0.266704142141516	0.785949634487411
HROV-vOTU16355	Sex	M	0.921771890571388	0.823745814174618	77	68	0.26691151501874	0.785992029618017
HROV-vOTU59708	Sex	M	0.752859086223893	0.672712325502942	77	27	0.266852482442409	0.785992029618017
HROV-vOTU53502	Sex	M	-0.786149258751623	0.702357707871274	77	33	0.266784419902402	0.785992029618017
HROV-vOTU67522	Smoking_Status	Never_Smoker	1.29246383977564	1.15476990355568	77	30	0.26681030563028	0.785992029618017
HROV-vOTU13532	Age	Age	-0.200383805027351	0.179054534526237	77	14	0.26686014221913	0.785992029618017
HROV-vOTU01013	Smoking_Status	Never_Smoker	0.49064202054554	0.438475465456694	77	9	0.266923302806883	0.785992029618017
HROV-vOTU34031	Age	Age	0.23498312670942	0.210418412579928	77	76	0.267869554818289	0.786257234782161
HROV-vOTU58030	Smoking_Status	Never_Smoker	0.978967588148916	0.876531011603393	77	63	0.267817027923108	0.786257234782161
HROV-vOTU15235	Age	Age	-0.190178421314396	0.170144851425673	77	74	0.267444163663288	0.786257234782161
HROV-vOTU36027	Smoking_Status	Never_Smoker	1.04108446614699	0.931132671114694	77	60	0.267300043987011	0.786257234782161
HROV-vOTU20351	Age	Age	-0.225358809649261	0.201603199658546	77	63	0.267406276683306	0.786257234782161
HROV-vOTU27487	Sex	M	0.765748841263502	0.68562318631526	77	68	0.267817219181137	0.786257234782161
HROV-vOTU55034	diagnosis	RA	-0.666832516508827	0.596156668703907	77	60	0.267101356059609	0.786257234782161
HROV-vOTU03969	Age	Age	-0.3660764908148	0.327837723841329	77	73	0.267913274053715	0.786257234782161
HROV-vOTU00955	Age	Age	0.35670812380985	0.318985908437774	77	47	0.267226772480628	0.786257234782161
HROV-vOTU64647	Smoking_Status	Never_Smoker	0.798674223335965	0.714261127744603	77	16	0.267258274353853	0.786257234782161
HROV-vOTU12202	Sex	M	1.03053847605565	0.922349366235582	77	33	0.267633829714226	0.786257234782161
HROV-vOTU46317	Age	Age	-0.282078971569587	0.25258257921735	77	48	0.267853848121232	0.786257234782161
HROV-vOTU15873	diagnosis	RA	0.229170125908789	0.205151914167656	77	8	0.267728116320284	0.786257234782161
HROV-vOTU26281	Smoking_Status	Never_Smoker	0.967198377037712	0.866060238381499	77	42	0.26785369408410997	0.786257234782161
HROV-vOTU64793	Smoking_Status	Former_Smoker	1.06601904341429	0.953573228544339	77	27	0.267369372921453	0.786257234782161
HROV-vOTU54766	Smoking_Status	Former_Smoker	1.30520399671597	1.16891426888333	77	23	0.267932039176123	0.786257234782161
HROV-vOTU09121	Smoking_Status	Former_Smoker	-0.785668482109555	0.702983942526351	77	14	0.267497129117786	0.786257234782161
HROV-vOTU74803	diagnosis	RA	-0.405891636920748	0.363353953355333	77	34	0.267730537226238	0.786257234782161
HROV-vOTU68816	diagnosis	RA	-0.618445517694823	0.553763041530346	77	63	0.267842749330189	0.786257234782161
HROV-vOTU17211	diagnosis	RA	-0.543482136781236	0.486633269059537	77	25	0.267836196922803	0.786257234782161
HROV-vOTU27244	diagnosis	RA	-0.566288853161252	0.506839916625646	77	9	0.267635528306756	0.786257234782161
HROV-vOTU61977	Smoking_Status	Former_Smoker	1.48721764670579	1.33023655195858	77	18	0.267331436954504	0.786257234782161
HROV-vOTU57356	Smoking_Status	Never_Smoker	-0.447934954409649	0.400429690682764	77	9	0.267066067794635	0.786257234782161
HROV-vOTU40109	Smoking_Status	Never_Smoker	-0.766743102640658	0.685661652322231	77	13	0.267228394261914	0.786257234782161
HROV-vOTU17189	Smoking_Status	Never_Smoker	0.438268652766212	0.39250711409404	77	8	0.267935161900582	0.786257234782161
HROV-vOTU52765	Age	Age	0.243826612194365	0.218357391201166	77	12	0.267912953348272	0.786257234782161
HROV-vOTU52078	Smoking_Status	Never_Smoker	0.73129330271881	0.654184320845638	77	9	0.267390610702539	0.786257234782161
HROV-vOTU02117	Sex	M	0.397838550532816	0.356345083124742	77	10	0.267997189023447	0.786339057613707
HROV-vOTU19378	diagnosis	RA	-0.853321865463407	0.764761125813365	77	64	0.268269233510619	0.786466428855066
HROV-vOTU43228	Sex	M	0.655029816732714	0.586974729147908	77	27	0.268209588083667	0.786466428855066
HROV-vOTU09006	Age	Age	-0.277178135930663	0.248367203697414	77	27	0.26818439900252	0.786466428855066
HROV-vOTU09121	Smoking_Status	Never_Smoker	-0.55559871673104	0.497983498856108	77	14	0.268313796418335	0.786466428855066
HROV-vOTU51920	Sex	M	-0.753497906244625	0.675332349075446	77	30	0.268293895979715	0.786466428855066
HROV-vOTU20422	Smoking_Status	Former_Smoker	1.75754155360725	1.57470039537819	77	44	0.268137485025663	0.786466428855066
HROV-vOTU14422	Smoking_Status	Former_Smoker	1.97259969977451	1.76780161078495	77	20	0.268249167072842	0.786466428855066
HROV-vOTU61670	Smoking_Status	Never_Smoker	0.56239330239223	0.503845102040372	77	12	0.268098775986815	0.786466428855066
HROV-vOTU57826	Age	Age	-0.285626425109207	0.256033590605503	77	27	0.268362791475916	0.786492739971468
HROV-vOTU58282	Smoking_Status	Never_Smoker	0.78243118175414506	0.701407812031488	77	14	0.268391074400164	0.786492739971468
HROV-vOTU34031	Sex	M	0.604890300885172	0.542815942851144	77	76	0.268884467741922	0.786551074183638
HROV-vOTU69810	Age	Age	-0.413883036950994	0.37144491495641	77	68	0.268929074834293	0.786551074183638
HROV-vOTU14756	Sex	M	0.57182417425049	0.513236629327576	77	20	0.268970979229489	0.786551074183638
HROV-vOTU15658	Sex	M	0.998074600070339	0.895228814834819	77	44	0.268660525824503	0.786551074183638
HROV-vOTU12221	diagnosis	RA	-0.961329306412562	0.86237918235387	77	61	0.268720663499952	0.786551074183638
HROV-vOTU50639	Sex	M	0.873422807428759	0.783441680778699	77	51	0.26867265073782	0.786551074183638
HROV-vOTU54255	Age	Age	0.359289176512661	0.32240375282839	77	29	0.268862588986021	0.786551074183638
HROV-vOTU53565	Age	Age	0.202365161793952	0.181460366996964	77	12	0.268523924241984	0.786551074183638
HROV-vOTU28535	Smoking_Status	Former_Smoker	0.966347040589062	0.866491448657648	77	8	0.268507669572316	0.786551074183638
HROV-vOTU25387	diagnosis	RA	0.356148813909568	0.319502841394985	77	20	0.268739394077947	0.786551074183638
HROV-vOTU30442	Smoking_Status	Never_Smoker	0.573265746946541	0.514149410190292	77	10	0.268619329737755	0.786551074183638
HROV-vOTU71707	Sex	M	1.00239701225166	0.899654446337845	77	48	0.268950033273771	0.786551074183638
HROV-vOTU37414	Sex	M	0.928476744370402	0.832550364906278	77	47	0.268516765969058	0.786551074183638
HROV-vOTU23568	Sex	M	0.431207007842987	0.386894599062028	77	8	0.268808933905741	0.786551074183638
HROV-vOTU07415	Sex	M	0.450606836492373	0.404456449666387	77	14	0.26899158750631	0.786551074183638
HROV-vOTU10455	Age	Age	-0.19869076075016	0.178239677959806	77	11	0.268721356462825	0.786551074183638
HROV-vOTU34094	Sex	M	0.577244911391241	0.517976217431602	77	19	0.268855761594838	0.786551074183638
HROV-vOTU66467	Smoking_Status	Never_Smoker	-0.91440847454692	0.820932476497912	77	77	0.269093456528198	0.786749054696508
HROV-vOTU28448	diagnosis	RA	-0.680357684845066	0.610935273996705	77	70	0.269192604827796	0.786839153342321
HROV-vOTU17130	Sex	M	0.912131899251788	0.819008316033725	77	37	0.269162831907539	0.786839153342321
HROV-vOTU01904	Smoking_Status	Former_Smoker	1.65760893711224	1.48963760259929	77	70	0.269564969589095	0.786873673550716
HROV-vOTU47777	Smoking_Status	Former_Smoker	1.57565166974925	1.41535727327211	77	71	0.269354336697413	0.786873673550716
HROV-vOTU16611	Age	Age	-0.300254269830314	0.269696861266589	77	61	0.269333385106482	0.786873673550716
HROV-vOTU05852	diagnosis	RA	-0.353345974163244	0.317328898091643	77	16	0.269248972869445	0.786873673550716
HROV-vOTU43068	Age	Age	0.394436849272886	0.354404241786184	77	57	0.269480664831106	0.786873673550716
HROV-vOTU06759	Sex	M	0.612555697013696	0.550248010115764	77	22	0.269362021718449	0.786873673550716
HROV-vOTU68419	Age	Age	0.175724545955793	0.15788483569304201	77	20	0.269465971875303	0.786873673550716
HROV-vOTU43907	diagnosis	RA	-0.71596968563525	0.643276202101255	77	45	0.269460353882483	0.786873673550716
HROV-vOTU50443	Smoking_Status	Former_Smoker	1.08364221964267	0.973821253250815	77	15	0.269559267798089	0.786873673550716
HROV-vOTU56648	Smoking_Status	Never_Smoker	0.926388086448072	0.832540732036941	77	16	0.26958025550652	0.786873673550716
HROV-vOTU58189	Smoking_Status	Former_Smoker	0.484088584036993	0.434925247773802	77	10	0.26944606393829	0.786873673550716
HROV-vOTU12354	diagnosis	RA	0.697342169027701	0.627057943936307	77	64	0.269852727291099	0.786969963451693
HROV-vOTU15017	Sex	M	-0.614345638617616	0.552443151251586	77	22	0.269867016348027	0.786969963451693
HROV-vOTU02501	Sex	M	-0.596729120285491	0.536440105826672	77	16	0.269723998018775	0.786969963451693
HROV-vOTU06760	diagnosis	RA	-0.944373840765099	0.849252215761752	77	31	0.269886616211093	0.786969963451693
HROV-vOTU49385	Smoking_Status	Never_Smoker	1.35786833295613	1.22079291066559	77	38	0.269768092804447	0.786969963451693
HROV-vOTU56502	Age	Age	-0.265752900783017	0.238930043189001	77	12	0.269777287271581	0.786969963451693
HROV-vOTU49990	Sex	M	-0.428424783685128	0.385199910338496	77	8	0.269797889653478	0.786969963451693
HROV-vOTU05652	Sex	M	-0.368266376198939	0.331116942338451	77	9	0.269806355997798	0.786969963451693
HROV-vOTU49285	Smoking_Status	Never_Smoker	1.70771756265424	1.53606820227279	77	43	0.26999783389414	0.787194596098499
HROV-vOTU32612	Smoking_Status	Former_Smoker	-0.787103724458181	0.70809491084312	77	15	0.27006896656082	0.787302316442491
HROV-vOTU41678	Age	Age	-0.159908882655597	0.143892674981188	77	73	0.270185528288819	0.787442763413249
HROV-vOTU54723	diagnosis	RA	0.345882996615695	0.311235700521082	77	10	0.270179072771143	0.787442763413249
HROV-vOTU09958	Age	Age	0.344807684709628	0.310323317914726	77	56	0.270263584100683	0.787444033670147
HROV-vOTU23954	Smoking_Status	Former_Smoker	-2.63301652529815	2.36998252311301	77	51	0.270322732531315	0.787444033670147
HROV-vOTU41294	Age	Age	-0.211099196487326	0.190002003816126	77	54	0.270300906214172	0.787444033670147
HROV-vOTU70020	Smoking_Status	Former_Smoker	-0.620317362053892	0.558322233663886	77	8	0.27030023370612	0.787444033670147
HROV-vOTU37802	Sex	M	1.23777476857479	1.11424861027305	77	41	0.270376230578904	0.787500264352113
HROV-vOTU17325	Smoking_Status	Former_Smoker	1.72755341658169	1.55573369022867	77	66	0.270554829826879	0.787920805628859
HROV-vOTU49646	Age	Age	0.182148451717328	0.164054661597679	77	8	0.270619712001162	0.788010110935232
HROV-vOTU62525	Smoking_Status	Never_Smoker	1.3571066116264	1.22245109899421	77	44	0.270679256465357	0.788083852894712
HROV-vOTU10146	Smoking_Status	Never_Smoker	1.36033481124214	1.22584756501905	77	52	0.27086863665296	0.788369833805498
HROV-vOTU40255	Age	Age	0.0981397435778425	0.0884502143881188	77	77	0.270937898699984	0.788369833805498
HROV-vOTU17948	Sex	M	-0.815930575408411	0.735183977941971	77	37	0.270816313997462	0.788369833805498
HROV-vOTU28648	Smoking_Status	Never_Smoker	1.55852601726596	1.40475945544604	77	43	0.270975024174887	0.788369833805498
HROV-vOTU08375	Smoking_Status	Never_Smoker	0.847801886281511	0.764115451556035	77	12	0.270949530121371	0.788369833805498
HROV-vOTU37713	Sex	M	0.388880442642261	0.35051869485931	77	9	0.27098287470275	0.788369833805498
HROV-vOTU04086	Smoking_Status	Former_Smoker	0.79971882723298	0.720900635903979	77	13	0.271029921619432	0.788407110634774
HROV-vOTU52372	Smoking_Status	Never_Smoker	1.1849481404329	1.06825348809146	77	60	0.271070277404134	0.78842491647098
HROV-vOTU59262	Sex	M	1.03865231933512	0.937166676328874	77	64	0.271476930999913	0.788647338819504
HROV-vOTU69371	Age	Age	-0.429820910867127	0.387771621174959	77	21	0.271413290670994	0.788647338819504
HROV-vOTU07151	Sex	M	0.807588823145892	0.7288328430517	77	22	0.271576501248191	0.788647338819504
HROV-vOTU21901	Age	Age	-0.562195565271579	0.507402194486561	77	33	0.271606365437917	0.788647338819504
HROV-vOTU43885	Sex	M	-0.816086758117055	0.735925448125522	77	44	0.271204315822017	0.788647338819504
HROV-vOTU07278	diagnosis	RA	-0.830260934599379	0.749326332743839	77	62	0.271597025625411	0.788647338819504
HROV-vOTU45038	Smoking_Status	Former_Smoker	-1.64961228515877	1.4887348915872	77	42	0.271574148262991	0.788647338819504
HROV-vOTU42028	Sex	M	0.40071828855107	0.361422297974495	77	9	0.271289973619947	0.788647338819504
HROV-vOTU38489	diagnosis	RA	-0.441548783534276	0.398499730852533	77	19	0.271589309698082	0.788647338819504
HROV-vOTU39739	diagnosis	RA	-0.391180803232806	0.352938127788907	77	20	0.271448919819311	0.788647338819504
HROV-vOTU45378	diagnosis	RA	0.620645771578951	0.560168065203939	77	19	0.27161689240797	0.788647338819504
HROV-vOTU31662	diagnosis	RA	-0.450236727992622	0.406290211709821	77	8	0.27153032789788	0.788647338819504
HROV-vOTU40432	Sex	M	0.640878318332843	0.578440379577277	77	15	0.27162616984439	0.788647338819504
HROV-vOTU31623	Smoking_Status	Never_Smoker	0.688671962352048	0.62132347259516	77	8	0.271431757300614	0.788647338819504
HROV-vOTU73241	diagnosis	RA	-0.733394295367689	0.662163014869638	77	35	0.271784161024395	0.789006583687359
HROV-vOTU33032	Age	Age	-0.326148372193811	0.294496311078728	77	22	0.271824929700394	0.789025476556602
HROV-vOTU20351	Sex	M	0.575788570858457	0.520075356346927	77	63	0.271976612340327	0.789366273748928
HROV-vOTU25646	Smoking_Status	Never_Smoker	0.857637174944928	0.774823325673399	77	28	0.272081526498562	0.789571264523926
HROV-vOTU26953	diagnosis	RA	-0.500716137218413	0.452438970439588	77	76	0.272157411301794	0.789691972065052
HROV-vOTU75400	diagnosis	RA	-0.975270117798472	0.881566793626202	77	21	0.272334619694207	0.790106612693069
HROV-vOTU69432	Smoking_Status	Never_Smoker	-0.674616153407073	0.610109397893218	77	14	0.272576199898453	0.790707883066049
HROV-vOTU07548	Age	Age	0.432454789991083	0.391142040635658	77	71	0.272623065141006	0.790744230503447
HROV-vOTU14210	Age	Age	0.303916514510769	0.274928467958116	77	12	0.272701485376998	0.790772501666112
HROV-vOTU24290	Sex	M	0.75205297865144	0.680287229383164	77	14	0.272677913559036	0.790772501666112
HROV-vOTU71213	diagnosis	RA	-0.472986293541359	0.427908160585731	77	20	0.272741559026801	0.790789135639838
HROV-vOTU10023	Smoking_Status	Never_Smoker	0.676247641982139	0.611964948314233	77	53	0.272871603105415	0.791066593594878
HROV-vOTU41921	Smoking_Status	Never_Smoker	1.07577317358595	0.973849805987711	77	35	0.273036386248566	0.791345076177255
HROV-vOTU68255	diagnosis	RA	0.410274925873358	0.371393186472261	77	13	0.273022900248914	0.791345076177255
HROV-vOTU05596	Smoking_Status	Former_Smoker	-1.70782248314677	1.54706315601645	77	59	0.273358398390854	0.791468573254134
HROV-vOTU39652	Smoking_Status	Former_Smoker	-1.27850999148631	1.1582351574803	77	67	0.273388297882615	0.791468573254134
HROV-vOTU40842	Smoking_Status	Never_Smoker	0.912382333381888	0.826259144162576	77	64	0.27322051223232	0.791468573254134
HROV-vOTU13727	Age	Age	-0.298165903786922	0.270051529994678	77	29	0.273274449592793	0.791468573254134
HROV-vOTU33539	Smoking_Status	Former_Smoker	-1.22028104683177	1.10489059160902	77	17	0.273132901910141	0.791468573254134
HROV-vOTU35144	Smoking_Status	Former_Smoker	1.2795958010784	1.15905244126062	77	19	0.273320026522866	0.791468573254134
HROV-vOTU44071	Smoking_Status	Former_Smoker	1.55003077701308	1.40367570734666	77	14	0.273206331422047	0.791468573254134
HROV-vOTU21972	Smoking_Status	Former_Smoker	0.864016594504304	0.78267244637492	77	13	0.273350342774124	0.791468573254134
HROV-vOTU42674	diagnosis	RA	-0.234297388437779	0.21217692748914	77	10	0.273210981233096	0.791468573254134
HROV-vOTU70339	diagnosis	RA	0.328199012983423	0.297403066105826	77	22	0.273514856889323	0.79173543918566
HROV-vOTU28591	Sex	M	1.1999002331962	1.08749678463104	77	60	0.273596645320896	0.791773698148422
HROV-vOTU04247	Smoking_Status	Former_Smoker	1.85221507717802	1.67876470155749	77	66	0.273613699443567	0.791773698148422
HROV-vOTU01645	Smoking_Status	Former_Smoker	1.58964862441165	1.44083929102811	77	22	0.27363121422333	0.791773698148422
HROV-vOTU34240	Smoking_Status	Never_Smoker	1.04185750775411	0.944508384432374	77	55	0.273722224028552	0.791937540122809
HROV-vOTU37618	Smoking_Status	Never_Smoker	0.787730109832687	0.714252195920706	77	28	0.273806181855681	0.79208094060248
HROV-vOTU55435	Sex	M	-0.703817050296232	0.638353615356718	77	10	0.273945742443636	0.792385135453018
HROV-vOTU50724	Age	Age	-0.264044745352209	0.239531248416827	77	30	0.274036789786187	0.792447555044297
HROV-vOTU44418	Smoking_Status	Never_Smoker	0.863587803806667	0.783469267981114	77	46	0.274070550409371	0.792447555044297
HROV-vOTU11046	Smoking_Status	Former_Smoker	0.657541818318049	0.596457397311946	77	8	0.274005460177864	0.792447555044297
HROV-vOTU42685	Smoking_Status	Never_Smoker	1.04700709663174	0.950031977440962	77	19	0.274150671954534	0.792536573543186
HROV-vOTU40040	Smoking_Status	Never_Smoker	-0.63525146776562	0.576437289036693	77	12	0.274170164195335	0.792536573543186
HROV-vOTU21069	Smoking_Status	Never_Smoker	0.910042157548847	0.825881897504931	77	15	0.274224994402633	0.792595584976486
HROV-vOTU03509	Smoking_Status	Former_Smoker	0.697054770679445	0.632990610996448	77	8	0.274525135472782	0.793363517372087
HROV-vOTU12112	diagnosis	RA	-0.493463912470603	0.448242023032218	77	71	0.2746640904546	0.79338834834203
HROV-vOTU15370	diagnosis	RA	-0.462649658529249	0.420203671388556	77	23	0.274609765204006	0.79338834834203
HROV-vOTU66680	Smoking_Status	Never_Smoker	0.587560501042706	0.533667439587016	77	17	0.274621289864363	0.79338834834203
HROV-vOTU15676	Sex	M	0.391602826872951	0.355721223638494	77	8	0.274671528498958	0.79338834834203
HROV-vOTU73077	Sex	M	0.893999935713086	0.812156944567057	77	28	0.274713735180048	0.793410750087347
HROV-vOTU59291	Smoking_Status	Never_Smoker	-1.19384795404591	1.08499876440099	77	64	0.274908530722073	0.793645914799305
HROV-vOTU69519	Age	Age	-0.375658541482985	0.341362657840623	77	37	0.274845535682819	0.793645914799305
HROV-vOTU06750	Age	Age	-0.366989028036602	0.33354592258366	77	24	0.274933005135426	0.793645914799305
HROV-vOTU51876	Smoking_Status	Never_Smoker	0.525637764024581	0.477710391750443	77	11	0.274906235116957	0.793645914799305
HROV-vOTU37178	Age	Age	-0.316223912549337	0.287433919283596	77	26	0.274977669316721	0.793675363374368
HROV-vOTU16598	Age	Age	0.1521695848655	0.138501581322703	77	71	0.275617335033063	0.793796234033416
HROV-vOTU16763	Smoking_Status	Never_Smoker	0.555212320533198	0.50505633170122	77	75	0.275347500060633	0.793796234033416
HROV-vOTU14934	diagnosis	RA	-0.997098979553798	0.907481255985127	77	29	0.27558720454467	0.793796234033416
HROV-vOTU01981	Smoking_Status	Never_Smoker	1.06623564244379	0.970262400978517	77	64	0.275517718003392	0.793796234033416
HROV-vOTU05711	diagnosis	RA	-0.566386805974909	0.515687266803358	77	64	0.275777840577567	0.793796234033416
HROV-vOTU29426	Smoking_Status	Never_Smoker	1.64095000579693	1.4931112472862	77	53	0.275474758202354	0.793796234033416
HROV-vOTU14671	Smoking_Status	Never_Smoker	-0.799858111583322	0.727680792681646	77	66	0.275399275366977	0.793796234033416
HROV-vOTU20008	Sex	M	1.00013095799495	0.910409075040935	77	61	0.275675253863761	0.793796234033416
HROV-vOTU28099	Age	Age	0.203859582662815	0.185489351100508	77	10	0.275464929535588	0.793796234033416
HROV-vOTU65515	Smoking_Status	Never_Smoker	0.772239950038652	0.702407827905344	77	8	0.275299656229056	0.793796234033416
HROV-vOTU07463	Smoking_Status	Never_Smoker	1.45508123697474	1.32384112566815	77	20	0.275421933058233	0.793796234033416
HROV-vOTU20326	Sex	M	0.516009916265947	0.469671937839851	77	14	0.275627956712518	0.793796234033416
HROV-vOTU30080	Smoking_Status	Former_Smoker	1.49241657248436	1.35874048510233	77	14	0.275748428439493	0.793796234033416
HROV-vOTU73719	Smoking_Status	Never_Smoker	0.475303618071499	0.432748009743319	77	11	0.275767621218848	0.793796234033416
HROV-vOTU51564	Smoking_Status	Former_Smoker	1.20428478960624	1.09594906349914	77	33	0.275545302385623	0.793796234033416
HROV-vOTU17311	Age	Age	-0.132947661352265	0.120996784462344	77	12	0.275580336537121	0.793796234033416
HROV-vOTU41534	Smoking_Status	Former_Smoker	-1.17922446652674	1.07355475832556	77	37	0.2757278907498	0.793796234033416
HROV-vOTU49234	Age	Age	-0.272745061658554	0.248251665781335	77	27	0.275626542982103	0.793796234033416
HROV-vOTU47482	Sex	M	0.426344381555687	0.387912766760708	77	9	0.275449229470495	0.793796234033416
HROV-vOTU02279	Age	Age	-0.322089846065052	0.293102264733747	77	33	0.275524442623394	0.793796234033416
HROV-vOTU54276	Smoking_Status	Never_Smoker	0.635741608185994	0.578550543638597	77	14	0.275544755461292	0.793796234033416
HROV-vOTU13246	Age	Age	-0.338767819413854	0.308320698689558	77	17	0.275588455548631	0.793796234033416
HROV-vOTU19194	Age	Age	0.241885644943484	0.220421180615202	77	73	0.2761834711333	0.794368095441475
HROV-vOTU13507	Sex	M	0.651248662813701	0.593417314248514	77	28	0.276150728683023	0.794368095441475
HROV-vOTU45866	Smoking_Status	Former_Smoker	-1.72146815437382	1.56862242201602	77	12	0.276157369751847	0.794368095441475
HROV-vOTU15386	diagnosis	RA	0.652307062572439	0.594251622138624	77	30	0.276046479680236	0.794368095441475
HROV-vOTU52161	Smoking_Status	Former_Smoker	2.01912833053894	1.83944096379799	77	20	0.276050466706623	0.794368095441475
HROV-vOTU14235	diagnosis	RA	0.562546407595248	0.512543857445708	77	11	0.276106109553833	0.794368095441475
HROV-vOTU32755	diagnosis	RA	-0.538805749582127	0.491076714553605	77	73	0.276264497605943	0.794402719423756
HROV-vOTU22477	Smoking_Status	Former_Smoker	-1.08485844990126	0.98873423927926	77	11	0.276252849236796	0.794402719423756
HROV-vOTU75522	Smoking_Status	Former_Smoker	-1.96287707098562	1.78943774112998	77	43	0.276381144708256	0.794457509309585
HROV-vOTU60669	Sex	M	0.750821819098782	0.684690345020472	77	56	0.276527909872963	0.794457509309585
HROV-vOTU47756	Sex	M	1.01000063506892	0.921502485906772	77	13	0.27676650443729	0.794457509309585
HROV-vOTU06113	Age	Age	0.275778714145551	0.251600212596929	77	59	0.276739519877365	0.794457509309585
HROV-vOTU53580	Age	Age	-0.293928506704279	0.268068978473757	77	37	0.276580039149487	0.794457509309585
HROV-vOTU22902	diagnosis	RA	-0.9305262496127	0.848897952886662	77	39	0.276713850518553	0.794457509309585
HROV-vOTU58731	Age	Age	0.265918573842927	0.242526899925067	77	14	0.276587048780484	0.794457509309585
HROV-vOTU75544	diagnosis	RA	-0.777170413042335	0.708964309267608	77	26	0.276693292838291	0.794457509309585
HROV-vOTU11247	diagnosis	RA	0.362782175096248	0.330831129860254	77	16	0.276531319358488	0.794457509309585
HROV-vOTU51876	Age	Age	-0.156916712414958	0.143083364016063	77	11	0.276486918402459	0.794457509309585
HROV-vOTU72013	diagnosis	RA	-0.450623713590146	0.41100962063419	77	12	0.276616334785485	0.794457509309585
HROV-vOTU31244	diagnosis	RA	-0.256016244531715	0.233536475784667	77	11	0.276670354487738	0.794457509309585
HROV-vOTU06179	Smoking_Status	Former_Smoker	1.76656910583888	1.61064077137361	77	24	0.276430018407579	0.794457509309585
HROV-vOTU58189	Smoking_Status	Never_Smoker	0.337844673808934	0.308094656968838	77	10	0.276538626041352	0.794457509309585
HROV-vOTU68457	Age	Age	-0.146156284746386	0.133369245667187	77	9	0.276835972832884	0.79455788314323506
HROV-vOTU17878	Sex	M	-0.782704700915676	0.714659778765509	77	43	0.277124677700374	0.794872734901114
HROV-vOTU74367	Sex	M	0.554583734299081	0.506417077846164	77	74	0.277168356096382	0.794872734901114
HROV-vOTU56207	Smoking_Status	Never_Smoker	1.15031170729974	1.05023263904444	77	32	0.277090203194307	0.794872734901114
HROV-vOTU66549	Smoking_Status	Former_Smoker	1.73028628059382	1.57962612951921	77	59	0.277053316543908	0.794872734901114
HROV-vOTU60823	Smoking_Status	Former_Smoker	1.39349523185705	1.27249322718135	77	67	0.277177984779073	0.794872734901114
HROV-vOTU14738	diagnosis	RA	-0.711656433115215	0.649768560017125	77	59	0.277110324476415	0.794872734901114
HROV-vOTU33246	Smoking_Status	Former_Smoker	1.13014159530381	1.03202762009231	77	18	0.277187274597953	0.794872734901114
HROV-vOTU06347	diagnosis	RA	-0.709646124705086	0.648232449334705	77	61	0.277330405810923	0.794992375365096
HROV-vOTU46852	Age	Age	0.249019989258714	0.227470509784696	77	28	0.277332555088284	0.794992375365096
HROV-vOTU39268	Smoking_Status	Never_Smoker	-1.0148108946161	0.92693658669699	77	8	0.277304045167332	0.794992375365096
HROV-vOTU43081	Smoking_Status	Never_Smoker	0.811525266963986	0.741421265926483	77	12	0.277411656697209	0.795120156034441
HROV-vOTU16598	Smoking_Status	Former_Smoker	-0.71429465212117	0.652770818061474	77	71	0.277543685962619	0.795330771462939
HROV-vOTU30498	Age	Age	0.323784602939373	0.295902827778105	77	18	0.277554208000332	0.795330771462939
HROV-vOTU17996	Age	Age	0.260291645915655	0.237918702533498	77	73	0.277636969243275	0.795370584744519
HROV-vOTU71326	Smoking_Status	Never_Smoker	1.10767245168546	1.01246471117755	77	62	0.27763717458798	0.795370584744519
HROV-vOTU45052	Age	Age	-0.397627062886221	0.363494342744821	77	63	0.277695525204234	0.795407400676236
HROV-vOTU51134	Sex	M	-1.1020165606005	1.0075411801298	77	30	0.277753639437182	0.795407400676236
HROV-vOTU41476	diagnosis	RA	-0.79636131019584	0.72806209091179	77	48	0.277735624157955	0.795407400676236
HROV-vOTU19336	Age	Age	-0.373287980828427	0.341313937656931	77	50	0.277792407829131	0.795419514149556
HROV-vOTU08847	Age	Age	0.302400580826798	0.276524541790826	77	59	0.277837444616133	0.79544957104793
HROV-vOTU25800	Age	Age	-0.283088554861773	0.258884865505771	77	30	0.277873974256495	0.795455267511135
HROV-vOTU49084	Sex	M	0.597148804916974	0.546229154455175	77	15	0.277992440742037	0.795695489720248
HROV-vOTU21451	Smoking_Status	Former_Smoker	0.878892045570695	0.804106903933257	77	10	0.278086758688623	0.795866540648564
HROV-vOTU31882	Sex	M	-0.877184559286878	0.802664022436317	77	56	0.278157610074307	0.795871507020908
HROV-vOTU64068	Sex	M	0.733051466703261	0.670731674167976	77	31	0.278126366084107	0.795871507020908
HROV-vOTU01021	Smoking_Status	Former_Smoker	1.56735200654318	1.435298484092	77	72	0.278522932592856	0.79606936738941
HROV-vOTU44478	Age	Age	-0.232776396447983	0.213401837912778	77	72	0.279053711705036	0.79606936738941
HROV-vOTU21612	Age	Age	0.308646839661078	0.28285724956656	77	13	0.278884943017024	0.79606936738941
HROV-vOTU04421	Smoking_Status	Never_Smoker	0.578472772102936	0.530367615559424	77	75	0.279091983437395	0.79606936738941
HROV-vOTU04021	Age	Age	-0.241746766995035	0.221606979360409	77	72	0.279013690347238	0.79606936738941
HROV-vOTU24582	Age	Age	0.480206485801438	0.4399034088126	77	61	0.278691555172473	0.79606936738941
HROV-vOTU47688	Smoking_Status	Never_Smoker	0.860574316363075	0.787712050653008	77	38	0.278307184226437	0.79606936738941
HROV-vOTU08111	Smoking_Status	Never_Smoker	1.02157690802566	0.936689534138758	77	69	0.279125494644789	0.79606936738941
HROV-vOTU19005	Sex	M	-0.458978241307684	0.420687066609547	77	11	0.278952547177264	0.79606936738941
HROV-vOTU35661	Sex	M	1.02918912903234	0.943205193777842	77	55	0.278890995631576	0.79606936738941
HROV-vOTU60823	Age	Age	-0.294639298144423	0.269991119870265	77	67	0.278833710631892	0.79606936738941
HROV-vOTU43190	Sex	M	0.52141999669749	0.477573742132611	77	26	0.278607532278137	0.79606936738941
HROV-vOTU27530	Smoking_Status	Never_Smoker	1.15391695974945	1.05788241317939	77	33	0.279057692462265	0.79606936738941
HROV-vOTU27793	diagnosis	RA	0.431685717578031	0.395213748040515	77	9	0.278400752970894	0.79606936738941
HROV-vOTU07116	Smoking_Status	Never_Smoker	0.921684048419745	0.844284963747418	77	27	0.278667052792256	0.79606936738941
HROV-vOTU21646	Sex	M	0.67932758048051	0.622565958267783	77	19	0.278885648961883	0.79606936738941
HROV-vOTU54203	Smoking_Status	Former_Smoker	1.49332259958473	1.36850288372903	77	31	0.278870232730458	0.79606936738941
HROV-vOTU03725	Sex	M	0.705604311380623	0.646876354272626	77	38	0.279054629333698	0.79606936738941
HROV-vOTU49692	diagnosis	RA	-0.714651114069727	0.654109308988859	77	27	0.278282101870138	0.79606936738941
HROV-vOTU08391	diagnosis	RA	-0.372302079629404	0.340829429116939	77	8	0.278375796582883	0.79606936738941
HROV-vOTU28118	Sex	M	0.443574659733981	0.406583073100314	77	8	0.278969566190323	0.79606936738941
HROV-vOTU65053	Smoking_Status	Never_Smoker	0.856317690193851	0.785147254112219	77	18	0.279116272558017	0.79606936738941
HROV-vOTU12936	Smoking_Status	Former_Smoker	0.77026386932493	0.705257897985113	77	15	0.278449119841127	0.79606936738941
HROV-vOTU20454	Sex	M	0.319757449496713	0.292951728414263	77	11	0.278742144642595	0.79606936738941
HROV-vOTU35198	Sex	M	0.508406279687528	0.465776911318563	77	12	0.278732986551908	0.79606936738941
HROV-vOTU47048	Age	Age	0.106084748895819	0.0972061951526416	77	9	0.278814152037124	0.79606936738941
HROV-vOTU04128	Age	Age	-0.170965065781482	0.156800706233059	77	17	0.279252889083507	0.796091435260438
HROV-vOTU39739	Sex	M	0.507841107840914	0.465818708728149	77	20	0.279306070208612	0.796091435260438
HROV-vOTU17471	diagnosis	RA	-0.476647072592821	0.437194568957882	77	28	0.279293722364626	0.796091435260438
HROV-vOTU75354	diagnosis	RA	0.278153271013151	0.25507150939561	77	9	0.279183879645874	0.796091435260438
HROV-vOTU41868	Sex	M	-0.640977456965828	0.587864275020966	77	16	0.279245946029175	0.796091435260438
HROV-vOTU29342	Sex	M	0.747082607294692	0.685494861276212	77	54	0.279466925800864	0.796155776990833
HROV-vOTU01364	Sex	M	0.322500227930949	0.295912996232554	77	11	0.279465208276594	0.796155776990833
HROV-vOTU30877	Age	Age	-0.428883420467485	0.393465260542224	77	55	0.279391778001284	0.796155776990833
HROV-vOTU28412	Age	Age	-0.229968549481285	0.211004576376708	77	14	0.279453586166232	0.796155776990833
HROV-vOTU72148	Smoking_Status	Former_Smoker	2.02775673033243	1.86074366315787	77	62	0.279505487257746	0.796167145522063
HROV-vOTU61630	Smoking_Status	Former_Smoker	1.05659035703352	0.969667633593522	77	18	0.279555513124955	0.796211163401894
HROV-vOTU64011	Sex	M	-0.742522312432107	0.68197704523755	77	39	0.279933256975038	0.796688651913056
HROV-vOTU40887	diagnosis	RA	0.379426015428591	0.348493956449508	77	37	0.279941930052	0.796688651913056
HROV-vOTU02247	Smoking_Status	Never_Smoker	1.27436339637333	1.17045474940906	77	66	0.279934455252019	0.796688651913056
HROV-vOTU72046	Sex	M	-0.968140707656679	0.889258291499409	77	53	0.279965317409134	0.796688651913056
HROV-vOTU60614	diagnosis	RA	0.516430460452976	0.474225471973968	77	18	0.279837472531449	0.796688651913056
HROV-vOTU49753	Age	Age	0.363518755319885	0.3338085618064	77	24	0.279834860807157	0.796688651913056
HROV-vOTU09873	diagnosis	RA	-0.467450474063001	0.429340487390955	77	32	0.27993983740754	0.796688651913056
HROV-vOTU09867	diagnosis	RA	-0.286197343873833	0.262941242942205	77	12	0.280079172462975	0.796914176157933
HROV-vOTU09854	Sex	M	0.804167203899879	0.73902423813665	77	27	0.280210101829579	0.796991310996074
HROV-vOTU18920	Age	Age	-0.281749689076189	0.258925547245882	77	27	0.280209148925653	0.796991310996074
HROV-vOTU21114	Age	Age	-0.194960866867278	0.179158368410356	77	15	0.280185199313752	0.796991310996074
HROV-vOTU25638	Smoking_Status	Former_Smoker	-0.70704291929729	0.649962740903495	77	8	0.280353281053176	0.797264255401735
HROV-vOTU33700	Smoking_Status	Never_Smoker	1.12458674215554	1.03391272649467	77	44	0.280406264729933	0.797264255401735
HROV-vOTU59956	Age	Age	-0.153233440146181	0.140879500089197	77	10	0.280409920484327	0.797264255401735
HROV-vOTU20840	Smoking_Status	Never_Smoker	-0.695665304249924	0.639670523153229	77	9	0.280477741284272	0.797288554794826
HROV-vOTU19163	Sex	M	-0.31089966614146	0.285881019409323	77	9	0.280487706076756	0.797288554794826
HROV-vOTU10969	diagnosis	RA	0.406109068371461	0.373465892896102	77	20	0.280535149789329	0.797316550593264
HROV-vOTU38921	Age	Age	-0.185149490928219	0.170278411807405	77	17	0.280566796613453	0.797316550593264
HROV-vOTU19833	Sex	M	-0.830983707998068	0.764442370024234	77	35	0.280693312323723	0.797577665985853
HROV-vOTU27016	diagnosis	RA	0.389261848462366	0.358300871534847	77	63	0.280972111141143	0.797680931900953
HROV-vOTU15270	Smoking_Status	Never_Smoker	0.680670529719203	0.62630673325261	77	16	0.280800850140772	0.797680931900953
HROV-vOTU07169	diagnosis	RA	-0.58203950353867	0.535721475976557	77	44	0.280950766138838	0.797680931900953
HROV-vOTU50809	Age	Age	-0.322964363190259	0.297255211414225	77	28	0.280937888730096	0.797680931900953
HROV-vOTU39819	diagnosis	RA	-0.622082884507834	0.57257279956173	77	19	0.280946223310769	0.797680931900953
HROV-vOTU01844	Smoking_Status	Former_Smoker	0.97504271337602	0.897383052242118	77	18	0.280915200828071	0.797680931900953
HROV-vOTU72891	diagnosis	RA	-0.362331033928125	0.333475422819384	77	15	0.28091967920117	0.797680931900953
HROV-vOTU61921	Smoking_Status	Never_Smoker	1.75898829887275	1.61955460344466	77	42	0.2811112237075	0.797682538440576
HROV-vOTU57374	Smoking_Status	Former_Smoker	-2.28455027038002	2.10343322749903	77	65	0.28110613322651	0.797682538440576
HROV-vOTU17285	Smoking_Status	Former_Smoker	1.99401843604904	1.83571307219177	77	38	0.281048584829904	0.797682538440576
HROV-vOTU06473	Age	Age	0.204718078285271	0.188466980880688	77	12	0.281052370989443	0.797682538440576
HROV-vOTU11831	Sex	M	1.12045670408683	1.03250924357831	77	48	0.281513619266343	0.798055061753148
HROV-vOTU69838	Smoking_Status	Former_Smoker	-1.02271842136547	0.942454746761538	77	10	0.281519727385261	0.798055061753148
HROV-vOTU18061	Sex	M	-0.692651942926483	0.638178107226139	77	53	0.28143447683961	0.798055061753148
HROV-vOTU02568	Smoking_Status	Former_Smoker	1.30908375626793	1.2061574655510101	77	54	0.281445168882349	0.798055061753148
HROV-vOTU02754	Age	Age	-0.210831532076282	0.194220091328315	77	24	0.281359477554699	0.798055061753148
HROV-vOTU41114	Smoking_Status	Never_Smoker	-1.35871587876684	1.2519742615944	77	26	0.281478325435706	0.798055061753148
HROV-vOTU32311	Sex	M	0.300261380284192	0.276611252892446	77	10	0.281372418862977	0.798055061753148
HROV-vOTU64253	Sex	M	0.582968782385448	0.537096697991885	77	15	0.281412872422902	0.798055061753148
HROV-vOTU43123	Smoking_Status	Never_Smoker	1.01955274593399	0.939921207355019	77	51	0.281714585325102	0.798149292316726
HROV-vOTU75805	Sex	M	0.970952866806404	0.894917170811479	77	55	0.281607928193545	0.798149292316726
HROV-vOTU70480	Smoking_Status	Former_Smoker	1.24130608396668	1.14438261329753	77	22	0.281726252594123	0.798149292316726
HROV-vOTU52394	Smoking_Status	Never_Smoker	0.631231717644904	0.581836133608575	77	13	0.281637799554593	0.798149292316726
HROV-vOTU04671	Smoking_Status	Former_Smoker	1.61354568316901	1.48747628642405	77	43	0.281700337827567	0.798149292316726
HROV-vOTU13271	diagnosis	RA	0.52149560265664	0.48086330740399	77	15	0.281812653853442	0.798295869402801
HROV-vOTU08738	Age	Age	-0.250157198215549	0.230688989813668	77	8	0.281859772168387	0.798331146604102
HROV-vOTU53328	diagnosis	RA	-1.13684806063966	1.04846245087775	77	24	0.281899987781133	0.798346866527237
HROV-vOTU38461	diagnosis	RA	-0.282885780331234	0.260931460765519	77	9	0.281971283031058	0.798352427859019
HROV-vOTU59956	Smoking_Status	Never_Smoker	0.509956886007234	0.470352382612848	77	10	0.281943323605552	0.798352427859019
HROV-vOTU08559	Age	Age	0.153261643370974	0.141422375021192	77	76	0.282157377742723	0.798452510567761
HROV-vOTU28638	Smoking_Status	Never_Smoker	0.895179526667051	0.825990339208006	77	32	0.282135591801056	0.798452510567761
HROV-vOTU57768	Sex	M	0.505603022532321	0.466583496478069	77	21	0.282195916359137	0.798452510567761
HROV-vOTU04775	Smoking_Status	Never_Smoker	0.991616711074554	0.915006755818981	77	23	0.282152778199215	0.798452510567761
HROV-vOTU23948	Age	Age	-0.170143114381851	0.156967534250285	77	14	0.282059349892388	0.798452510567761
HROV-vOTU06225	Smoking_Status	Former_Smoker	1.8843482290179	1.73899335141712	77	38	0.282214652020042	0.798452510567761
HROV-vOTU29429	diagnosis	RA	0.517310923436063	0.477489759399139	77	65	0.28229780786894	0.798589671443519
HROV-vOTU56128	Sex	M	1.06247496046448	0.980780585758647	77	41	0.282342592387194	0.798618263654763
HROV-vOTU23121	Sex	M	0.837689019231219	0.773497767901321	77	22	0.282477888498185	0.798805175859834
HROV-vOTU70227	diagnosis	RA	0.567660384524639	0.524161321510939	77	18	0.282478043951476	0.798805175859834
HROV-vOTU31854	diagnosis	RA	-0.60618549560294	0.559965373817958	77	72	0.282675086343	0.799068029763017
HROV-vOTU05761	Smoking_Status	Never_Smoker	1.47997313500895	1.36708610614028	77	29	0.282660141845756	0.799068029763017
HROV-vOTU22105	Age	Age	-0.27519973698387	0.254213468495506	77	17	0.282669490518591	0.799068029763017
HROV-vOTU12014	Smoking_Status	Former_Smoker	-0.846216098201548	0.781849117691076	77	11	0.282769667368545	0.799237290070887
HROV-vOTU54102	Age	Age	0.279516052283597	0.2582841756401	77	18	0.282823950888908	0.799292623508597
HROV-vOTU17965	Smoking_Status	Former_Smoker	2.00275387338745	1.85268561870699	77	60	0.28335510977678	0.799680839476242
HROV-vOTU58536	diagnosis	RA	-0.507948697353455	0.469573554802087	77	59	0.28303584479052	0.799680839476242
HROV-vOTU67194	diagnosis	RA	-0.247567300574876	0.229135169876602	77	77	0.283601779069982	0.799680839476242
HROV-vOTU36535	Smoking_Status	Former_Smoker	1.37560015582131	1.27366540388891	77	65	0.283782859064906	0.799680839476242
HROV-vOTU01399	diagnosis	RA	-0.762491705561346	0.705699547039829	77	63	0.283586650074137	0.799680839476242
HROV-vOTU11025	Sex	M	-1.07019460520374	0.990277858787208	77	58	0.283487238927171	0.799680839476242
HROV-vOTU44933	Smoking_Status	Never_Smoker	0.794355332976603	0.735066405103951	77	66	0.283506424548066	0.799680839476242
HROV-vOTU35376	Sex	M	0.530582305869569	0.49142478902168	77	17	0.283938102639659	0.799680839476242
HROV-vOTU34791	Sex	M	0.535465372627346	0.4958554675348	77	18	0.28384948064703	0.799680839476242
HROV-vOTU14305	diagnosis	RA	-0.704196523263401	0.651893644581915	77	67	0.283694589730721	0.799680839476242
HROV-vOTU68572	Smoking_Status	Never_Smoker	1.43042366638407	1.32273813456688	77	29	0.283173727579663	0.799680839476242
HROV-vOTU48081	Smoking_Status	Never_Smoker	1.02832943099178	0.952228532554685	77	30	0.283833215071527	0.799680839476242
HROV-vOTU42795	Age	Age	0.150818172461586	0.139445460348666	77	73	0.283109428273454	0.799680839476242
HROV-vOTU34646	Age	Age	-0.335011046764964	0.310024865304287	77	40	0.283534619877067	0.799680839476242
HROV-vOTU21345	Age	Age	0.516701044073083	0.477702932559337	77	37	0.283074093324936	0.799680839476242
HROV-vOTU00966	Age	Age	-0.404059456622536	0.374173903210451	77	30	0.283854433658142	0.799680839476242
HROV-vOTU01535	Sex	M	-0.443265132842034	0.410163140401098	77	8	0.283485861027352	0.799680839476242
HROV-vOTU74783	Smoking_Status	Former_Smoker	1.03771946059891	0.959816449488968	77	19	0.283282624152257	0.799680839476242
HROV-vOTU02658	Age	Age	-0.259364286735927	0.240093223158011	77	23	0.283680135168396	0.799680839476242
HROV-vOTU23382	Smoking_Status	Never_Smoker	0.446426260736391	0.413483291116072	77	10	0.283942428708558	0.799680839476242
HROV-vOTU35245	Age	Age	0.274001457835022	0.253503724587512	77	22	0.283418139008	0.799680839476242
HROV-vOTU01747	Smoking_Status	Former_Smoker	1.78705519639343	1.65452272634491	77	51	0.283751664471009	0.799680839476242
HROV-vOTU08567	Smoking_Status	Former_Smoker	2.23132980714736	2.0643152167539	77	51	0.283397000331442	0.799680839476242
HROV-vOTU07783	Smoking_Status	Former_Smoker	-1.94682938020678	1.80337072050977	77	44	0.283996200176778	0.799680839476242
HROV-vOTU37867	Smoking_Status	Former_Smoker	1.25916947414719	1.16572508186082	77	44	0.283726573342023	0.799680839476242
HROV-vOTU10675	Smoking_Status	Never_Smoker	1.0992575677936	1.01651808075464	77	29	0.28318082608702	0.799680839476242
HROV-vOTU23269	Smoking_Status	Former_Smoker	1.18134406779922	1.09374064663781	77	18	0.283755158287512	0.799680839476242
HROV-vOTU20449	Smoking_Status	Never_Smoker	0.695668133490652	0.644347165356417	77	9	0.283952966530139	0.799680839476242
HROV-vOTU70645	Sex	M	0.399909521256871	0.369898352528841	77	14	0.283296286488194	0.799680839476242
HROV-vOTU51012	Sex	M	0.583899468722619	0.540880600243885	77	8	0.284003021540433	0.799680839476242
HROV-vOTU38723	Smoking_Status	Former_Smoker	0.937134241147661	0.86835570719893	77	10	0.284148785637031	0.799863018547551
HROV-vOTU59771	Sex	M	-0.557716053530953	0.516767147268007	77	12	0.284133271035029	0.799863018547551
HROV-vOTU41466	Smoking_Status	Never_Smoker	0.622082320375156	0.576454116747938	77	13	0.28417191566461403	0.799863018547551
HROV-vOTU59157	Age	Age	-0.394431125752003	0.365604769212395	77	51	0.284308069547623	0.799952943394228
HROV-vOTU64525	diagnosis	RA	-0.789319044682513	0.731579997291621	77	50	0.284273496492294	0.799952943394228
HROV-vOTU54353	diagnosis	RA	-0.415657967011114	0.385254543483366	77	17	0.284276157327563	0.799952943394228
HROV-vOTU65832	Age	Age	0.218898589972106	0.203183369064798	77	20	0.284973073058386	0.799980731438365
HROV-vOTU15017	Smoking_Status	Never_Smoker	0.770161001804913	0.714980645450844	77	22	0.285047411297578	0.799980731438365
HROV-vOTU24695	Sex	M	0.518835098948394	0.481105596928865	77	72	0.284495490076435	0.799980731438365
HROV-vOTU24576	Sex	M	0.669525895201842	0.621061914425618	77	41	0.284667598433804	0.799980731438365
HROV-vOTU57904	Smoking_Status	Never_Smoker	1.00254266840459	0.929492721666455	77	53	0.284420764785353	0.799980731438365
HROV-vOTU56860	Sex	M	0.525482951811972	0.487801289608045	77	23	0.285016112321125	0.799980731438365
HROV-vOTU36207	Age	Age	-0.465950113764593	0.432227560564782	77	38	0.28467366511535	0.799980731438365
HROV-vOTU19551	Age	Age	0.335532541261546	0.311441279051648	77	42	0.284969040927709	0.799980731438365
HROV-vOTU02979	Smoking_Status	Never_Smoker	1.03209251033988	0.957733953256055	77	24	0.284842226129034	0.799980731438365
HROV-vOTU19142	Smoking_Status	Former_Smoker	1.52174979405693	1.4125354161755	77	61	0.284985065824648	0.799980731438365
HROV-vOTU50143	Age	Age	-0.269700367981568	0.25013568320173	77	32	0.284586846968276	0.799980731438365
HROV-vOTU23614	Smoking_Status	Former_Smoker	1.54625730769694	1.4346484973524	77	30	0.284773452494189	0.799980731438365
HROV-vOTU04846	diagnosis	RA	0.377306716028355	0.350062859079615	77	19	0.284759984174373	0.799980731438365
HROV-vOTU11801	Smoking_Status	Former_Smoker	1.1499732076834	1.06730185707095	77	8	0.28492285022365	0.799980731438365
HROV-vOTU45888	Smoking_Status	Never_Smoker	-0.760615407603375	0.706105621252639	77	13	0.285038376967374	0.799980731438365
HROV-vOTU18294	Smoking_Status	Former_Smoker	0.799346704799383	0.741447372841173	77	12	0.284642982299664	0.799980731438365
HROV-vOTU12643	Age	Age	-0.240096900000719	0.222674074161161	77	10	0.284574736693856	0.799980731438365
HROV-vOTU13656	Smoking_Status	Former_Smoker	0.814547369549743	0.755807256907476	77	15	0.284807522066677	0.799980731438365
HROV-vOTU42317	Smoking_Status	Never_Smoker	0.736472981697448	0.683377887050676	77	11	0.28481785301649	0.799980731438365
HROV-vOTU22117	Smoking_Status	Never_Smoker	0.422915585702329	0.392313434523687	77	12	0.284680767522319	0.799980731438365
HROV-vOTU70426	Smoking_Status	Former_Smoker	-0.658349286779403	0.611010006714144	77	9	0.284914500689664	0.799980731438365
HROV-vOTU31186	Smoking_Status	Former_Smoker	1.36055797385482	1.26337819258737	77	38	0.285161352866145	0.800202992141747
HROV-vOTU21563	Smoking_Status	Former_Smoker	1.52417026799633	1.41571289569743	77	22	0.285299302452123	0.800492560364569
HROV-vOTU72092	Age	Age	0.293264080524456	0.272440369316422	77	38	0.285377297377295	0.800525152859353
HROV-vOTU10654	Smoking_Status	Former_Smoker	1.63126796970238	1.515836715605	77	64	0.285503315296358	0.800525152859353
HROV-vOTU10057	Sex	M	1.12318608341425	1.04368598743191	77	56	0.285493440205046	0.800525152859353
HROV-vOTU01193	Smoking_Status	Former_Smoker	1.10025981816547	1.02232583884241	77	18	0.285466972209524	0.800525152859353
HROV-vOTU14223	Sex	M	-0.647004699999473	0.60108034032343	77	33	0.28539105242023	0.800525152859353
HROV-vOTU25877	Sex	M	0.596972984365493	0.554748939434719	77	18	0.285519479183097	0.800525152859353
HROV-vOTU16373	diagnosis	RA	-0.850279681051894	0.791351865924799	77	43	0.286252442927102	0.800533409237451
HROV-vOTU25694	diagnosis	RA	-0.718768690682998	0.668843389838825	77	61	0.286172602439908	0.800533409237451
HROV-vOTU21960	Sex	M	0.934785643458463	0.869846392499667	77	71	0.286167368704781	0.800533409237451
HROV-vOTU00854	Age	Age	-0.185972804868601	0.173052774139209	77	73	0.286165818659188	0.800533409237451
HROV-vOTU41573	diagnosis	RA	0.656484094394819	0.610697801242135	77	70	0.286026071524231	0.800533409237451
HROV-vOTU03107	diagnosis	RA	0.493966678529546	0.459799614291527	77	13	0.286321914541419	0.800533409237451
HROV-vOTU51259	Smoking_Status	Former_Smoker	-1.68044154311995	1.56345884255945	77	30	0.286093090936395	0.800533409237451
HROV-vOTU59361	diagnosis	RA	0.354490632762637	0.329839695945306	77	18	0.286131736902098	0.800533409237451
HROV-vOTU29783	Sex	M	0.603098852131292	0.561211706926451	77	11	0.286175829201772	0.800533409237451
HROV-vOTU01633	Smoking_Status	Former_Smoker	1.71440000325039	1.59391118905584	77	28	0.285750739378752	0.800533409237451
HROV-vOTU36975	Age	Age	-0.372493879444054	0.34634828926359	77	33	0.285796898529924	0.800533409237451
HROV-vOTU16189	Smoking_Status	Former_Smoker	1.89821375695152	1.76508164857719	77	62	0.28582526589979	0.800533409237451
HROV-vOTU55324	Smoking_Status	Former_Smoker	0.88911728594046	0.827105486485159	77	14	0.286025741158605	0.800533409237451
HROV-vOTU49325	diagnosis	RA	-0.531667510976902	0.494129347644351	77	30	0.28558409743752	0.800533409237451
HROV-vOTU23360	Sex	M	0.724908158314248	0.674539089803275	77	11	0.28616032705323	0.800533409237451
HROV-vOTU33032	diagnosis	RA	-0.619182118680638	0.575612695863853	77	22	0.285706719240946	0.800533409237451
HROV-vOTU55043	Sex	M	-0.334738496165389	0.311579338590837	77	8	0.286313154986502	0.800533409237451
HROV-vOTU22687	diagnosis	RA	0.399956964140392	0.372291467766827	77	11	0.286320671907478	0.800533409237451
HROV-vOTU07922	diagnosis	RA	0.266336129142634	0.247882148045379	77	11	0.286260518946596	0.800533409237451
HROV-vOTU22787	Smoking_Status	Never_Smoker	1.27248960451783	1.1840759407592	77	17	0.286161624499779	0.800533409237451
HROV-vOTU08022	Sex	M	-0.411444444312457	0.382452757098641	77	9	0.285656798525054	0.800533409237451
HROV-vOTU13086	Smoking_Status	Never_Smoker	0.834096892526736	0.775503401039349	77	20	0.285767513757996	0.800533409237451
HROV-vOTU57667	Age	Age	0.257747713301342	0.239776345854294	77	13	0.286036381799805	0.800533409237451
HROV-vOTU22903	diagnosis	RA	-0.426641380584541	0.397202442942845	77	28	0.286407751400141	0.800676197468469
HROV-vOTU70177	Age	Age	0.145741701202756	0.135717840589205	77	13	0.28652241344524	0.800899524413629
HROV-vOTU31491	Smoking_Status	Never_Smoker	0.617942393491666	0.575548483935043	77	12	0.286611372239139	0.801050959061575
HROV-vOTU02836	Age	Age	-0.359402315087937	0.334770473388976	77	71	0.286646984707504	0.801053277249583
HROV-vOTU71479	diagnosis	RA	-0.491628904539956	0.458007622490902	77	57	0.286722961888124	0.801168382951165
HROV-vOTU50970	diagnosis	RA	-0.645535502950997	0.601550006721056	77	70	0.286850993710686	0.801428895445481
HROV-vOTU73241	Sex	M	0.937665460807199	0.873943323965825	77	35	0.286943186591253	0.801492005724264
HROV-vOTU05290	Age	Age	-0.314703160849044	0.29329562712801	77	26	0.286909205975579	0.801492005724264
HROV-vOTU50600	Age	Age	0.311933194662326	0.291764494084376	77	73	0.288634005238293	0.801557617717094
HROV-vOTU69410	Age	Age	0.264205833000503	0.246476413853568	77	10	0.287380938443524	0.801557617717094
HROV-vOTU51501	diagnosis	RA	0.355519613798115	0.332003632620103	77	71	0.287872365582147	0.801557617717094
HROV-vOTU03693	diagnosis	RA	-0.708795109042701	0.661510971508557	77	71	0.287582843451072	0.801557617717094
HROV-vOTU21960	Age	Age	0.360530662354654	0.33718924344186	77	71	0.288590673667958	0.801557617717094
HROV-vOTU01773	diagnosis	RA	-0.525904751046357	0.491128664250753	77	72	0.287882185624156	0.801557617717094
HROV-vOTU03488	Age	Age	0.236429168852181	0.220526247425938	77	76	0.287299757894211	0.801557617717094
HROV-vOTU61207	Smoking_Status	Never_Smoker	-0.936689414140228	0.876150026608147	77	15	0.288647244014434	0.801557617717094
HROV-vOTU27780	Sex	M	1.01078027179893	0.943294514825637	77	61	0.287554449525063	0.801557617717094
HROV-vOTU29992	Sex	M	0.966663360489382	0.901198517723181	77	70	0.287064131217594	0.801557617717094
HROV-vOTU58536	Age	Age	-0.257464915012683	0.240244318207408	77	59	0.287493359552225	0.801557617717094
HROV-vOTU43253	Age	Age	0.469915917382391	0.438351398423315	77	38	0.287347110158244	0.801557617717094
HROV-vOTU18330	diagnosis	RA	-0.456552742370953	0.426869663045953	77	73	0.288450609073158	0.801557617717094
HROV-vOTU38298	Smoking_Status	Former_Smoker	-1.70476339379781	1.59050668427355	77	48	0.287423242463531	0.801557617717094
HROV-vOTU10841	Smoking_Status	Former_Smoker	-1.42417972707	1.32880770450412	77	67	0.287451815244724	0.801557617717094
HROV-vOTU21945	Age	Age	0.282327614862233	0.263649000112712	77	44	0.287865207182002	0.801557617717094
HROV-vOTU37690	Age	Age	-0.137139165473149	0.12803700921623	77	16	0.287756466498065	0.801557617717094
HROV-vOTU52713	Age	Age	-0.293062120218092	0.274104729405568	77	47	0.288618579552791	0.801557617717094
HROV-vOTU29403	diagnosis	RA	0.545178790943343	0.509217479441732	77	61	0.287966056286638	0.801557617717094
HROV-vOTU00059	Age	Age	0.301057048428032	0.281026673214722	77	14	0.287673577868045	0.801557617717094
HROV-vOTU75934	Smoking_Status	Former_Smoker	1.18927059807981	1.11246442485989	77	41	0.288672118165244	0.801557617717094
HROV-vOTU73653	Sex	M	-0.81574335821463	0.762016744341834	77	45	0.288017392395709	0.801557617717094
HROV-vOTU10903	Smoking_Status	Never_Smoker	1.00299749048684	0.936941319425134	77	52	0.288019129512379	0.801557617717094
HROV-vOTU23315	Smoking_Status	Former_Smoker	-1.80407522939827	1.68646690892261	77	38	0.288361228336306	0.801557617717094
HROV-vOTU62550	diagnosis	RA	-0.641970663300869	0.600337196959258	77	18	0.288534023159301	0.801557617717094
HROV-vOTU09864	Age	Age	-0.326463633777698	0.304545750635777	77	28	0.287364168625833	0.801557617717094
HROV-vOTU21175	Age	Age	-0.28814757802311	0.269156353227795	77	10	0.287993929477421	0.801557617717094
HROV-vOTU14126	diagnosis	RA	-0.239780961976448	0.223535791361159	77	8	0.28704999645609097	0.801557617717094
HROV-vOTU34003	Smoking_Status	Never_Smoker	1.32515727715117	1.23564628859109	77	29	0.287153892274322	0.801557617717094
HROV-vOTU64505	Sex	M	0.434886911696564	0.40652484754394	77	26	0.288347547107185	0.801557617717094
HROV-vOTU51500	Age	Age	-0.203879361960014	0.19053225300933	77	16	0.28822032150381	0.801557617717094
HROV-vOTU46852	diagnosis	RA	-0.47610692918925	0.444606293664884	77	28	0.287863373157628	0.801557617717094
HROV-vOTU50559	Sex	M	-0.41615787199466	0.388275368364313	77	11	0.287434625973732	0.801557617717094
HROV-vOTU73871	Smoking_Status	Former_Smoker	-0.923536334837762	0.86324956690414	77	15	0.288316295927077	0.801557617717094
HROV-vOTU52112	Smoking_Status	Never_Smoker	1.37136780227853	1.28181839184253	77	40	0.288305467122946	0.801557617717094
HROV-vOTU33603	Age	Age	-0.204329367001136	0.191100875920707	77	28	0.288591095094967	0.801557617717094
HROV-vOTU75577	Sex	M	0.785683782890135	0.732649657195412	77	26	0.287177913230139	0.801557617717094
HROV-vOTU37931	Smoking_Status	Never_Smoker	0.792698774294185	0.739281939622387	77	26	0.287236647618933	0.801557617717094
HROV-vOTU60898	Smoking_Status	Never_Smoker	0.578240410563306	0.540328943480294	77	10	0.288170273775816	0.801557617717094
HROV-vOTU71610	Age	Age	-0.294954274189738	0.275014570263867	77	18	0.287125561006485	0.801557617717094
HROV-vOTU20279	Sex	M	-0.710657871364336	0.663325559661087	77	28	0.287637702153	0.801557617717094
HROV-vOTU41534	diagnosis	RA	-0.475966335987784	0.445213891992894	77	37	0.288657821861016	0.801557617717094
HROV-vOTU33140	Smoking_Status	Former_Smoker	1.5225730198513	1.42357708040344	77	20	0.288448981223948	0.801557617717094
HROV-vOTU57356	Smoking_Status	Former_Smoker	-0.604836740040092	0.565271024657215	77	9	0.288246007552998	0.801557617717094
HROV-vOTU30358	Sex	M	-0.829258902117036	0.775030039588005	77	13	0.288256836616109	0.801557617717094
HROV-vOTU69731	Age	Age	-0.165184603983027	0.154417896923471	77	9	0.288366609837434	0.801557617717094
HROV-vOTU40109	diagnosis	RA	-0.429733432694841	0.401406887171175	77	13	0.287989541329245	0.801557617717094
HROV-vOTU16981	Smoking_Status	Never_Smoker	-0.558487385797254	0.521495272153407	77	8	0.287825826573688	0.801557617717094
HROV-vOTU01395	Sex	M	0.740609338963502	0.691942899934409	77	8	0.288094595321299	0.801557617717094
HROV-vOTU44501	Age	Age	0.187146979306646	0.175121085999364	77	12	0.288837526893426	0.801791498399468
HROV-vOTU13727	Smoking_Status	Never_Smoker	0.963486083961926	0.90161720108902	77	29	0.288860792975267	0.801791498399468
HROV-vOTU11730	Smoking_Status	Former_Smoker	1.34479731457652	1.25840136363863	77	9	0.288844936570866	0.801791498399468
HROV-vOTU04654	Smoking_Status	Former_Smoker	-2.01859287215001	1.8893614127437	77	23	0.288959449384388	0.801968681528374
HROV-vOTU44485	diagnosis	RA	-0.562360768031549	0.526410694274878	77	71	0.289007236941805	0.802004240355528
HROV-vOTU06178	Smoking_Status	Never_Smoker	0.681170471255199	0.637671457053014	77	8	0.289041910332214	0.802004240355528
HROV-vOTU18970	Smoking_Status	Former_Smoker	1.61871238372993	1.51581830129917	77	71	0.289192048236984	0.802196890122142
HROV-vOTU73104	Sex	M	-0.877547929237291	0.821807119307765	77	26	0.289215839282855	0.802196890122142
HROV-vOTU49753	Sex	M	0.919551810707246	0.861125255090957	77	24	0.289206000749364	0.802196890122142
HROV-vOTU22252	Age	Age	0.283687474088931	0.265688415258426	77	74	0.289252638543295	0.802202344129587
HROV-vOTU15782	diagnosis	RA	-0.465760029247044	0.436253030120817	77	55	0.289300871798556	0.802239503614781
HROV-vOTU51823	Smoking_Status	Never_Smoker	-0.411938449990122	0.385917217583391	77	9	0.289395155643017	0.802404338364879
HROV-vOTU38618	Smoking_Status	Never_Smoker	-0.903275011656171	0.846590110746647	77	40	0.289605990664865	0.802698996872287
HROV-vOTU48486	Age	Age	0.33842118473723	0.317177714301823	77	71	0.289597098013414	0.802698996872287
HROV-vOTU40169	Sex	M	0.796195808318217	0.746177818282988	77	21	0.289572115164063	0.802698996872287
HROV-vOTU53131	Smoking_Status	Former_Smoker	-1.84203726428737	1.72749212485543	77	52	0.289897380228876	0.802816604457716
HROV-vOTU57265	Smoking_Status	Former_Smoker	-2.70874872579303	2.54193287995964	77	52	0.290203366402259	0.802816604457716
HROV-vOTU10215	Sex	M	0.82040469855782	0.769601832638861	77	74	0.290029922048779	0.802816604457716
HROV-vOTU28979	Smoking_Status	Former_Smoker	-1.57249379352562	1.47427722636057	77	30	0.289756956828087	0.802816604457716
HROV-vOTU30674	Sex	M	1.44886210994966	1.35897348370754	77	44	0.28997039210938	0.802816604457716
HROV-vOTU01546	Smoking_Status	Never_Smoker	1.01613108537651	0.953176912195877	77	25	0.290014300393256	0.802816604457716
HROV-vOTU61599	Smoking_Status	Former_Smoker	-1.42232752775387	1.33428163181865	77	15	0.290040872181008	0.802816604457716
HROV-vOTU04174	Age	Age	-0.211362057157618	0.198334557099586	77	9	0.290176925439581	0.802816604457716
HROV-vOTU53214	Smoking_Status	Never_Smoker	0.947190123027924	0.888811313031472	77	16	0.290178081982227	0.802816604457716
HROV-vOTU67952	Age	Age	-0.294121986725277	0.275794715687397	77	23	0.289832136043334	0.802816604457716
HROV-vOTU70587	Age	Age	0.121303504574143	0.113833806007371	77	9	0.290206175949218	0.802816604457716
HROV-vOTU35711	Smoking_Status	Former_Smoker	1.21764563641242	1.14223674922187	77	22	0.290026900295272	0.802816604457716
HROV-vOTU33140	diagnosis	RA	-0.629228759642263	0.590371648584405	77	20	0.290116943281878	0.802816604457716
HROV-vOTU16007	diagnosis	RA	-0.22042222162746	0.206650950116602	77	8	0.289747937759944	0.802816604457716
HROV-vOTU16682	Smoking_Status	Never_Smoker	0.652618297510585	0.612309474559255	77	10	0.290111218592136	0.802816604457716
HROV-vOTU42879	Age	Age	0.127452537912124	0.119504974640171	77	9	0.289809049146539	0.802816604457716
HROV-vOTU49546	Smoking_Status	Former_Smoker	0.889722000080014	0.835140008181322	77	43	0.290324141243354	0.803046477640458
HROV-vOTU53334	Age	Age	-0.330559200784209	0.310371932747717	77	72	0.290465450022679	0.803073832626283
HROV-vOTU34151	diagnosis	RA	-0.757181954676951	0.710936483858229	77	66	0.290462536170339	0.803073832626283
HROV-vOTU60079	Smoking_Status	Former_Smoker	-1.2355747235475	1.16015620065594	77	35	0.290481164079887	0.803073832626283
HROV-vOTU34617	Smoking_Status	Never_Smoker	0.555201814139533	0.521376379174492	77	14	0.290539598695523	0.803073832626283
HROV-vOTU37128	diagnosis	RA	-0.257654570949074	0.241895149744465	77	22	0.290417092005615	0.803073832626283
HROV-vOTU15866	Smoking_Status	Former_Smoker	1.0345758772266	0.971552203933418	77	15	0.290543255468614	0.803073832626283
HROV-vOTU45963	Age	Age	0.226094139715317	0.21234944232242	77	9	0.290607202233071	0.803089280282567
HROV-vOTU61220	Sex	M	-0.388252185880492	0.364658263209532	77	13	0.290618587141768	0.803089280282567
HROV-vOTU08351	Smoking_Status	Never_Smoker	0.695189140201335	0.653027291812626	77	9	0.290680526624328	0.803120953527993
HROV-vOTU46324	diagnosis	RA	-0.630632084139529	0.592409341701608	77	35	0.290699794555334	0.803120953527993
HROV-vOTU75309	Sex	M	0.98015527702394	0.920823241491486	77	62	0.290738977888932	0.803132860835086
HROV-vOTU61114	diagnosis	RA	-0.543220163656527	0.510494249181393	77	33	0.290886200624978	0.803443175868702
HROV-vOTU37661	Sex	M	0.782074699470215	0.735064718554336	77	20	0.290954941105607	0.803536670303648
HROV-vOTU05189	Smoking_Status	Former_Smoker	0.961431421385396	0.903759004752394	77	10	0.291017747236981	0.803593359255764
HROV-vOTU66601	Age	Age	-0.264696554458366	0.248832768281152	77	16	0.291045254431278	0.803593359255764
HROV-vOTU42910	diagnosis	RA	0.393638535349158	0.370158662185054	77	11	0.291189672718021	0.80360673010138
HROV-vOTU63816	Smoking_Status	Former_Smoker	2.48833986535991	2.33969347097771	77	31	0.291144433296801	0.80360673010138
HROV-vOTU03570	diagnosis	RA	-0.564349544411535	0.530613211012206	77	25	0.291123066014196	0.80360673010138
HROV-vOTU18348	diagnosis	RA	-0.23461902947735	0.22061205798428	77	10	0.291162891286587	0.80360673010138
HROV-vOTU03500	Smoking_Status	Former_Smoker	1.11120398902286	1.04504590353549	77	17	0.291246179644926	0.803666369185555
HROV-vOTU11438	diagnosis	RA	0.577789844181745	0.543491611570961	77	52	0.291335865882692	0.803691095205579
HROV-vOTU01236	diagnosis	RA	-0.7763842468585	0.730333798742533	77	65	0.291359832994849	0.803691095205579
HROV-vOTU53291	Age	Age	-0.198542511470833	0.186756393598854	77	13	0.29133479243015	0.803691095205579
HROV-vOTU15122	Sex	M	0.809990755429696	0.763185098214393	77	71	0.29213716693819203	0.803711843560892
HROV-vOTU09406	diagnosis	RA	-0.581973504267292	0.547909576142114	77	73	0.291757768708517	0.803711843560892
HROV-vOTU20479	diagnosis	RA	0.540609816806142	0.508607295317057	77	35	0.291419326441161	0.803711843560892
HROV-vOTU09082	Age	Age	0.144784048393625	0.136344683749915	77	77	0.291881034587312	0.803711843560892
HROV-vOTU39839	Smoking_Status	Never_Smoker	1.49188484626933	1.4039587289482	77	57	0.291552024244021	0.803711843560892
HROV-vOTU10841	Sex	M	0.772373277288578	0.72731910065891	77	67	0.291859273344236	0.803711843560892
HROV-vOTU05407	Sex	M	0.526337875559309	0.495868828923426	77	33	0.292084650568978	0.803711843560892
HROV-vOTU32187	Sex	M	0.72766945436606	0.68546128771448	77	54	0.292025780588337	0.803711843560892
HROV-vOTU70727	Smoking_Status	Never_Smoker	0.776764184225872	0.731001722362035	77	25	0.291563233897348	0.803711843560892
HROV-vOTU09667	Smoking_Status	Former_Smoker	2.11316579567828	1.99130012689915	77	54	0.292195963157142	0.803711843560892
HROV-vOTU43813	Sex	M	0.811679881610125	0.764430673089513	77	67	0.291920535333087	0.803711843560892
HROV-vOTU65765	Age	Age	0.302098943283471	0.284511673620429	77	21	0.291917846332604	0.803711843560892
HROV-vOTU42450	Smoking_Status	Never_Smoker	1.15398413292756	1.08574950617686	77	47	0.291453658137846	0.803711843560892
HROV-vOTU71826	Age	Age	0.249363265338591	0.234721346982193	77	17	0.291663442906148	0.803711843560892
HROV-vOTU34657	diagnosis	RA	0.764305739995837	0.719269664312533	77	33	0.291558179810769	0.803711843560892
HROV-vOTU10032	Sex	M	0.860087744532627	0.810501887752396	77	67	0.292204918199537	0.803711843560892
HROV-vOTU22961	Sex	M	0.731833410762091	0.689524266270005	77	48	0.292123388458361	0.803711843560892
HROV-vOTU72013	Smoking_Status	Former_Smoker	1.05192468542357	0.991077192075717	77	12	0.292107416367296	0.803711843560892
HROV-vOTU71791	diagnosis	RA	-0.266289708893986	0.250690207811282	77	17	0.291732754749048	0.803711843560892
HROV-vOTU59097	Smoking_Status	Former_Smoker	1.56284919887028	1.47107330777889	77	21	0.291660277389791	0.803711843560892
HROV-vOTU69300	Smoking_Status	Never_Smoker	1.60184287223268	1.50895493889495	77	35	0.292034126380371	0.803711843560892
HROV-vOTU25215	Smoking_Status	Former_Smoker	1.15017666759406	1.08266123337612	77	26	0.2916721742949	0.803711843560892
HROV-vOTU52028	diagnosis	RA	0.62594729480369	0.589761084567257	77	27	0.292124516550654	0.803711843560892
HROV-vOTU10594	Age	Age	0.185774992418931	0.174978914036469	77	9	0.291970301218002	0.803711843560892
HROV-vOTU21336	Smoking_Status	Never_Smoker	0.802342609509876	0.756264744338081	77	47	0.292318178612594	0.803851094004946
HROV-vOTU09277	Smoking_Status	Never_Smoker	0.902932256910633	0.851134427276443	77	24	0.292350142872488	0.803851094004946
HROV-vOTU61707	Sex	M	0.701140886536577	0.660981211910906	77	17	0.29239516345981	0.803851094004946
HROV-vOTU13053	Sex	M	0.854872443722889	0.805859216823272	77	29	0.292366538151032	0.803851094004946
HROV-vOTU61047	Smoking_Status	Former_Smoker	-0.663037188985708	0.625143790609219	77	14	0.292459347207218	0.803907166065998
HROV-vOTU20871	diagnosis	RA	0.530479852142583	0.500189455033225	77	14	0.292485373185714	0.803907166065998
HROV-vOTU64175	diagnosis	RA	-0.324522496707366	0.306018441814192	77	10	0.292526338443554	0.803923815555494
HROV-vOTU45767	Smoking_Status	Never_Smoker	0.981440822675234	0.925574451024055	77	64	0.292575348663358	0.803962567678931
HROV-vOTU62538	diagnosis	RA	-1.01916430431305	0.961381652789112	77	44	0.292690448793936	0.803979757550106
HROV-vOTU37302	Age	Age	0.305527329968505	0.288244665308794	77	41	0.292756154876908	0.803979757550106
HROV-vOTU65305	diagnosis	RA	0.338365742644562	0.319223026863008	77	9	0.292752417442756	0.803979757550106
HROV-vOTU56372	Sex	M	0.520330208612118	0.490860423339688	77	25	0.292720608779008	0.803979757550106
HROV-vOTU59437	diagnosis	RA	-0.267946573442503	0.25271702031321	77	12	0.292618400982664	0.803979757550106
HROV-vOTU43757	Sex	M	-0.689259592090433	0.650416068154263	77	20	0.292863369123153	0.804082426192919
HROV-vOTU08478	Smoking_Status	Never_Smoker	0.930304993560049	0.8778426848609	77	17	0.292844512125058	0.804082426192919
HROV-vOTU39607	Smoking_Status	Never_Smoker	-1.43179374534495	1.35168179077972	77	39	0.293067992156701	0.804128920621239
HROV-vOTU05854	Age	Age	-0.32863892876358197	0.310276401109562	77	37	0.293107401680351	0.804128920621239
HROV-vOTU17167	Sex	M	0.779257462807016	0.735632021907035	77	50	0.293052171132809	0.804128920621239
HROV-vOTU38904	Age	Age	0.2496539270086	0.235683215255979	77	25	0.293063856988568	0.804128920621239
HROV-vOTU73490	Sex	M	-0.349092505461085	0.329561518212666	77	10	0.293070161701071	0.804128920621239
HROV-vOTU01432	Smoking_Status	Former_Smoker	1.84655578490012	1.74357060012502	77	50	0.293159636019797	0.804128920621239
HROV-vOTU28238	Smoking_Status	Former_Smoker	2.06845006857185	1.95227809219217	77	41	0.292960624866436	0.804128920621239
HROV-vOTU29781	Sex	M	0.356059754006855	0.336183182630707	77	10	0.293133160090414	0.804128920621239
HROV-vOTU14674	diagnosis	RA	0.397031028274109	0.375017563628537	77	13	0.293325118017418	0.804196808247528
HROV-vOTU12820	Sex	M	0.838536027586498	0.792156985987767	77	67	0.2933939028613	0.804196808247528
HROV-vOTU62209	Sex	M	0.966498183634594	0.91271867003888	77	34	0.293224466340482	0.804196808247528
HROV-vOTU13353	Age	Age	0.149645592767003	0.141367221490243	77	8	0.293388676973098	0.804196808247528
HROV-vOTU01645	Age	Age	-0.323660285472209	0.305709928688144	77	22	0.293317366647642	0.804196808247528
HROV-vOTU44999	diagnosis	RA	-0.311809257793058	0.294491114219905	77	8	0.293276626866746	0.804196808247528
HROV-vOTU42214	Smoking_Status	Never_Smoker	0.792143783437071	0.748545045507742	77	47	0.293531091532696	0.80447709603689
HROV-vOTU49565	diagnosis	RA	-0.976705306680514	0.923098939574967	77	56	0.293609158114803	0.804499573037943
HROV-vOTU37639	Age	Age	-0.37875400319153	0.357957115342432	77	57	0.293597095707344	0.804499573037943
HROV-vOTU61881	Smoking_Status	Never_Smoker	0.525636761371621	0.496823794591478	77	11	0.293644398562212	0.804500416236943
HROV-vOTU58212	Smoking_Status	Former_Smoker	-0.734846556761349	0.695484871758898	77	75	0.294277930218015	0.804724628404305
HROV-vOTU11599	Smoking_Status	Never_Smoker	0.977703679689047	0.925803598289599	77	71	0.294521269073007	0.804724628404305
HROV-vOTU43365	Age	Age	0.276963867097855	0.262188130921451	77	75	0.294387015452602	0.804724628404305
HROV-vOTU08942	diagnosis	RA	-0.688114067097997	0.650699890135111	77	53	0.293869004459844	0.804724628404305
HROV-vOTU06005	Age	Age	0.425105724527473	0.402556159016542	77	26	0.294541024057235	0.804724628404305
HROV-vOTU03487	diagnosis	RA	0.799958993077953	0.757634182419933	77	67	0.29460976611997	0.804724628404305
HROV-vOTU31942	diagnosis	RA	0.965072202610239	0.912610748196054	77	49	0.293875043852893	0.804724628404305
HROV-vOTU49263	Sex	M	-0.366143917215606	0.346338219117822	77	77	0.294010518220988	0.804724628404305
HROV-vOTU69838	Sex	M	0.544990191115889	0.515849913048273	77	10	0.294326082468682	0.804724628404305
HROV-vOTU26829	diagnosis	RA	-0.53381906766499	0.504791313600267	77	35	0.29386623968215	0.804724628404305
HROV-vOTU41414	diagnosis	RA	0.297270066408575	0.281413355204176	77	9	0.294390998631723	0.804724628404305
HROV-vOTU27937	Age	Age	0.394698897106978	0.373468832785041	77	62	0.294164784751314	0.804724628404305
HROV-vOTU10006	Sex	M	-0.851248502466687	0.805388892123765	77	23	0.294121570490555	0.804724628404305
HROV-vOTU16998	Smoking_Status	Never_Smoker	0.721915833086425	0.683288984105668	77	25	0.294307524295883	0.804724628404305
HROV-vOTU48546	Age	Age	-0.515685451568161	0.488210277730038	77	24	0.294422453750195	0.804724628404305
HROV-vOTU63604	Smoking_Status	Former_Smoker	0.649901370486343	0.615533831826106	77	12	0.294623710174704	0.804724628404305
HROV-vOTU63466	Age	Age	-0.151502917825424	0.143422176596531	77	12	0.294392971053009	0.804724628404305
HROV-vOTU66013	diagnosis	RA	0.419586828882513	0.39731006005733	77	17	0.294516966844786	0.804724628404305
HROV-vOTU47996	Age	Age	-0.195443962259402	0.185025717716009	77	18	0.294408996038921	0.804724628404305
HROV-vOTU08341	Smoking_Status	Never_Smoker	0.867785421712699	0.82106565332518	77	18	0.294139506763376	0.804724628404305
HROV-vOTU56302	Smoking_Status	Never_Smoker	0.733842753422066	0.69460463506386	77	14	0.294326072685525	0.804724628404305
HROV-vOTU72684	diagnosis	RA	-0.46415628825683	0.439096436028791	77	18	0.294062446235292	0.804724628404305
HROV-vOTU14600	diagnosis	RA	0.281334769507845	0.266354668805376	77	10	0.29443885320419	0.804724628404305
HROV-vOTU70227	Sex	M	-0.73079002602943	0.691804400621461	77	18	0.294387893203509	0.804724628404305
HROV-vOTU38477	Smoking_Status	Never_Smoker	0.80124034595493	0.758701823580079	77	13	0.294517632420708	0.804724628404305
HROV-vOTU18413	Smoking_Status	Never_Smoker	0.582756071721861	0.551951961300332	77	15	0.294634740195619	0.804724628404305
HROV-vOTU08062	diagnosis	RA	-0.706269285404157	0.669069905085625	77	69	0.294730389703454	0.804794981606657
HROV-vOTU07961	Smoking_Status	Never_Smoker	0.630002500383578	0.596807774069241	77	14	0.294720485910036	0.804794981606657
HROV-vOTU19118	Age	Age	0.182869720381825	0.17333219343952	77	8	0.294991037957131	0.805106293246409
HROV-vOTU20117	Sex	M	-1.08769908891773	1.03101414318325	77	27	0.295011367091742	0.805106293246409
HROV-vOTU42695	diagnosis	RA	-0.402768568183862	0.381756197161474	77	13	0.294983417264111	0.805106293246409
HROV-vOTU05033	Smoking_Status	Former_Smoker	1.75318418066224	1.66215279629737	77	20	0.295107953060719	0.805106293246409
HROV-vOTU31817	Smoking_Status	Never_Smoker	1.28077294110851	1.21431162475969	77	23	0.295124069804003	0.805106293246409
HROV-vOTU74161	Age	Age	0.133405346900961	0.126445831450686	77	12	0.294984250574025	0.805106293246409
HROV-vOTU74773	Age	Age	-0.183986934695338	0.174402674167942	77	10	0.295022728471678	0.805106293246409
HROV-vOTU53729	diagnosis	RA	-0.417800866221174	0.396088128910197	77	20	0.295084881949769	0.805106293246409
HROV-vOTU28591	diagnosis	RA	-0.868845169439433	0.823966646148879	77	60	0.295244588590351	0.805127296430383
HROV-vOTU30121	Sex	M	0.825621179711294	0.783258434882416	77	63	0.295417832190185	0.805127296430383
HROV-vOTU69059	diagnosis	RA	-0.494682744069048	0.469274340046434	77	33	0.295391120760425	0.805127296430383
HROV-vOTU44878	diagnosis	RA	-0.451888647981479	0.428759019251778	77	73	0.295481368190603	0.805127296430383
HROV-vOTU73653	Smoking_Status	Never_Smoker	1.03983533371898	0.986214097286831	77	45	0.295288054295313	0.805127296430383
HROV-vOTU03570	Age	Age	0.286218778536124	0.271473569599121	77	25	0.295313204231227	0.805127296430383
HROV-vOTU32744	diagnosis	RA	-0.444063521756003	0.421291537674839	77	20	0.295432597446047	0.805127296430383
HROV-vOTU01715	Smoking_Status	Never_Smoker	1.72649880283427	1.63744546228108	77	28	0.295281353660453	0.805127296430383
HROV-vOTU13448	diagnosis	RA	0.387508742977033	0.367470811669837	77	20	0.295216014365175	0.805127296430383
HROV-vOTU42454	Smoking_Status	Never_Smoker	0.51731992395637	0.490837083019742	77	10	0.295477312111998	0.805127296430383
HROV-vOTU35300	Sex	M	0.74302027430829	0.705278531451797	77	68	0.295677957510379	0.805281854477769
HROV-vOTU01819	Sex	M	-0.714804955207227	0.678416201836012	77	33	0.295621303022481	0.805281854477769
HROV-vOTU59175	Sex	M	0.846333337098275	0.803316535044739	77	60	0.295661690780892	0.805281854477769
HROV-vOTU49012	Smoking_Status	Never_Smoker	-0.701139251370849	0.665513013938841	77	18	0.295669429889488	0.805281854477769
HROV-vOTU67194	Smoking_Status	Never_Smoker	-0.412294828363902	0.391396371621617	77	77	0.295731925502062	0.805333598712604
HROV-vOTU22458	Smoking_Status	Former_Smoker	1.22924519396727	1.16721204698652	77	25	0.295844849226846	0.805545859268652
HROV-vOTU52786	Smoking_Status	Former_Smoker	-2.93637588194608	2.7887483163664	77	60	0.295940225590582	0.80557339704074
HROV-vOTU57842	Smoking_Status	Former_Smoker	1.27853973386469	1.21431044752145	77	22	0.29595990066703	0.80557339704074
HROV-vOTU03762	Age	Age	-0.21451274870899	0.203719067051882	77	22	0.295919146267598	0.80557339704074
HROV-vOTU50051	Smoking_Status	Former_Smoker	1.70098747447003	1.61585106312594	77	44	0.296053381474986	0.805732613491956
HROV-vOTU09406	Smoking_Status	Former_Smoker	1.39024660291384	1.32118728363691	77	73	0.296243558918474	0.805926173828028
HROV-vOTU65305	Sex	M	-0.443319298387344	0.42132047081792	77	9	0.296269362221729	0.805926173828028
HROV-vOTU64208	Age	Age	-0.335093784901144	0.318440343351107	77	52	0.296231605044981	0.805926173828028
HROV-vOTU28506	Age	Age	-0.25609132575648	0.243373983954748	77	38	0.296250997743833	0.805926173828028
HROV-vOTU02633	Sex	M	0.841539818833989	0.799947155017778	77	47	0.296369464444184	0.805926173828028
HROV-vOTU69471	Age	Age	-0.287328340649974	0.273120060847349	77	19	0.296356781339429	0.805926173828028
HROV-vOTU04103	Age	Age	-0.266919580234615	0.25370581121872	77	9	0.296329021073572	0.805926173828028
HROV-vOTU66997	Smoking_Status	Former_Smoker	1.30284080461805	1.23957613524835	77	63	0.296805665226791	0.806406058182581
HROV-vOTU02014	Smoking_Status	Never_Smoker	1.32184107161768	1.25741961629937	77	48	0.296716413265653	0.806406058182581
HROV-vOTU70683	Sex	M	0.432164247000443	0.411081719709867	77	74	0.296692507713123	0.806406058182581
HROV-vOTU40737	diagnosis	RA	0.466373036864502	0.443706191978323	77	15	0.296783812704778	0.806406058182581
HROV-vOTU27418	Sex	M	0.455306604867937	0.433198155561696	77	13	0.296806541663482	0.806406058182581
HROV-vOTU73950	Sex	M	0.694753133201133	0.660936929641252	77	45	0.296747885787743	0.806406058182581
HROV-vOTU33603	Smoking_Status	Former_Smoker	0.946604020521566	0.900676179403136	77	28	0.296826059714014	0.806406058182581
HROV-vOTU02995	Smoking_Status	Never_Smoker	0.993834458789302	0.94514187574596	77	22	0.296586139906432	0.806406058182581
HROV-vOTU50896	Sex	M	0.970496337370973	0.923634255417007	77	59	0.296942834299822	0.806459519096346
HROV-vOTU03454	Age	Age	0.2771650535602	0.263773057176904	77	73	0.296927195056708	0.806459519096346
HROV-vOTU07299	Sex	M	0.705150907115933	0.671147830868682	77	27	0.296975937419794	0.806459519096346
HROV-vOTU09525	Smoking_Status	Former_Smoker	-1.75535394147546	1.6707434388351	77	47	0.296985809008081	0.806459519096346
HROV-vOTU50435	Sex	M	0.741233288817201	0.70597564147784	77	39	0.297305621114541	0.806582579998165
HROV-vOTU51082	Sex	M	0.65873611091646	0.627547512697705	77	17	0.297416381647608	0.806582579998165
HROV-vOTU08443	Age	Age	-0.273594229581566	0.260555846191101	77	17	0.297260460073817	0.806582579998165
HROV-vOTU15004	Smoking_Status	Never_Smoker	1.17464206374747	1.11846846522024	77	33	0.297176907732366	0.806582579998165
HROV-vOTU58577	Age	Age	-0.206625732953325	0.196746407346576	77	20	0.297181553209487	0.806582579998165
HROV-vOTU58577	Smoking_Status	Former_Smoker	0.973463967392946	0.927284093421602	77	20	0.297369785435314	0.806582579998165
HROV-vOTU74691	Smoking_Status	Never_Smoker	1.28353573382043	1.2226042756507	77	35	0.297353246464306	0.806582579998165
HROV-vOTU15709	diagnosis	RA	-0.708289081146312	0.67437459221007	77	65	0.297146506092159	0.806582579998165
HROV-vOTU06274	diagnosis	RA	0.576997398978608	0.549326355966843	77	32	0.297108897834639	0.806582579998165
HROV-vOTU56306	Sex	M	-0.350106784922659	0.333530168465448	77	9	0.297415779396917	0.806582579998165
HROV-vOTU57308	Sex	M	0.796302604990949	0.758445068821578	77	28	0.297317977699752	0.806582579998165
HROV-vOTU71677	Age	Age	0.399149237915835	0.38038994883829	77	53	0.297591444455819	0.806668890656168
HROV-vOTU66152	Smoking_Status	Former_Smoker	1.41033730096458	1.3443724395591	77	20	0.2977050155964	0.806668890656168
HROV-vOTU46316	Smoking_Status	Never_Smoker	0.409842568377585	0.390720865835225	77	75	0.297763449390712	0.806668890656168
HROV-vOTU06205	Smoking_Status	Never_Smoker	1.05618258594664	1.00635731854904	77	30	0.297502556436999	0.806668890656168
HROV-vOTU53287	diagnosis	RA	0.274971453315917	0.262079016885184	77	14	0.297647648521351	0.806668890656168
HROV-vOTU42028	diagnosis	RA	-0.287257152748394	0.273839815357709	77	9	0.297737177298269	0.806668890656168
HROV-vOTU37414	diagnosis	RA	-0.661784548304366	0.630800699015026	77	47	0.297681761169988	0.806668890656168
HROV-vOTU24834	Smoking_Status	Former_Smoker	-0.564968223550076	0.538437765105077	77	9	0.297611052898615	0.806668890656168
HROV-vOTU11217	Age	Age	-0.142651915235862	0.135955046354222	77	12	0.29761793496565	0.806668890656168
HROV-vOTU41963	Smoking_Status	Former_Smoker	-1.33976975434728	1.27737946561324	77	49	0.297807851480654	0.806694286003231
HROV-vOTU15676	diagnosis	RA	-0.282647255166455	0.269520266862057	77	8	0.297870661036974	0.806769531186817
HROV-vOTU18057	diagnosis	RA	0.48840389265914	0.465862874127992	77	14	0.298016751181276	0.80707029394459
HROV-vOTU06783	diagnosis	RA	0.450381591500881	0.429641564363895	77	14	0.298068278625716	0.807114927307494
HROV-vOTU22540	Smoking_Status	Former_Smoker	2.3225109846044	2.21577575331406	77	49	0.298115057123816	0.807146692400833
HROV-vOTU04949	diagnosis	RA	-0.665235010888347	0.634864574266791	77	63	0.298267378994292	0.807464175177917
HROV-vOTU35521	diagnosis	RA	-0.777469550755384	0.74365529714809	77	41	0.299352004345444	0.807522655478523
HROV-vOTU38906	Sex	M	1.10210100194305	1.05442743632669	77	40	0.29947018064372	0.807522655478523
HROV-vOTU66788	Smoking_Status	Former_Smoker	1.47571494759562	1.4097005700186	77	64	0.298729342775566	0.807522655478523
HROV-vOTU10339	Sex	M	-0.826982536299968	0.791586434964224	77	20	0.299698453398122	0.807522655478523
HROV-vOTU17993	Smoking_Status	Never_Smoker	1.25432799427317	1.20116034008203	77	67	0.29990592895156	0.807522655478523
HROV-vOTU42180	diagnosis	RA	0.533664150732654	0.509878215972174	77	48	0.298811083247678	0.807522655478523
HROV-vOTU74508	Smoking_Status	Never_Smoker	0.810878791507806	0.774461230879598	77	37	0.298640283344688	0.807522655478523
HROV-vOTU61314	Sex	M	-1.20298027365946	1.14986439543205	77	44	0.299020542751381	0.807522655478523
HROV-vOTU51944	diagnosis	RA	0.75389965339391	0.721378558021831	77	57	0.299530239651397	0.807522655478523
HROV-vOTU18437	diagnosis	RA	0.511991712990207	0.489828612559737	77	10	0.299454629575081	0.807522655478523
HROV-vOTU49179	diagnosis	RA	-0.670543017800856	0.641235572255388	77	30	0.29924453009218	0.807522655478523
HROV-vOTU01981	Age	Age	-0.304097853338996	0.290612075239998	77	64	0.298923571200401	0.807522655478523
HROV-vOTU43167	Sex	M	0.783541410448501	0.75069281074867	77	40	0.300138339090281	0.807522655478523
HROV-vOTU41050	Sex	M	1.09228723378261	1.04281942995243	77	33	0.298450944098259	0.807522655478523
HROV-vOTU64823	Smoking_Status	Former_Smoker	1.38305963066951	1.32490522918174	77	68	0.300076054992013	0.807522655478523
HROV-vOTU60000	diagnosis	RA	0.798797527946364	0.763538338861819	77	62	0.299027185616878	0.807522655478523
HROV-vOTU47152	Age	Age	-0.203065039367432	0.194241467745883	77	18	0.299372439021338	0.807522655478523
HROV-vOTU24078	Smoking_Status	Never_Smoker	0.810299481518866	0.774738165783333	77	38	0.299154453163298	0.807522655478523
HROV-vOTU61105	Smoking_Status	Never_Smoker	1.21997041995096	1.16567856158319	77	43	0.298845402153293	0.807522655478523
HROV-vOTU20980	diagnosis	RA	-0.515692441083452	0.493652635471971	77	31	0.299730137238551	0.807522655478523
HROV-vOTU04318	Sex	M	0.877673432724187	0.84089328397497	77	53	0.300146764766722	0.807522655478523
HROV-vOTU72850	Sex	M	0.913233924060166	0.872011884123316	77	29	0.298526146361996	0.807522655478523
HROV-vOTU19502	Age	Age	0.302282223749828	0.289261075030897	77	24	0.299560831684934	0.807522655478523
HROV-vOTU40750	Sex	M	0.703558721162427	0.672756620130556	77	36	0.299207721748993	0.807522655478523
HROV-vOTU04883	Smoking_Status	Former_Smoker	1.96004350617204	1.8712736594307	77	56	0.298450211533196	0.807522655478523
HROV-vOTU37071	diagnosis	RA	-0.739338273076091	0.70762271091311	77	39	0.299650490255795	0.807522655478523
HROV-vOTU29849	Sex	M	-0.584553162596897	0.559455594336557	77	25	0.299631751785807	0.807522655478523
HROV-vOTU38097	Sex	M	-0.884163121508539	0.846758844713321	77	36	0.299947318038009	0.807522655478523
HROV-vOTU60668	Age	Age	0.259507714729127	0.248471170169779	77	25	0.299835095641036	0.807522655478523
HROV-vOTU21438	Sex	M	0.507335863253181	0.484892738248329	77	12	0.298978577958456	0.807522655478523
HROV-vOTU13136	Sex	M	-0.723427946868434	0.690835772281714	77	38	0.29856939256843	0.807522655478523
HROV-vOTU65784	diagnosis	RA	-0.457434899613175	0.43818252161485	77	21	0.300056004421584	0.807522655478523
HROV-vOTU41636	Smoking_Status	Former_Smoker	1.41234875406671	1.34978498198544	77	49	0.298948238431597	0.807522655478523
HROV-vOTU13760	Age	Age	-0.230984696910946	0.22089218124301	77	12	0.299251347437711	0.807522655478523
HROV-vOTU38884	Age	Age	0.264865983824976	0.252805671971008	77	33	0.298327695436441	0.807522655478523
HROV-vOTU14222	Smoking_Status	Former_Smoker	-1.20788226379688	1.1540251064188	77	17	0.298802498405568	0.807522655478523
HROV-vOTU70587	Sex	M	0.30730959498246	0.293656833442527	77	9	0.298883477513176	0.807522655478523
HROV-vOTU51722	Sex	M	-0.710445725834873	0.68007700965667	77	16	0.299726264707694	0.807522655478523
HROV-vOTU01972	diagnosis	RA	-0.611631446010781	0.583863220828766	77	40	0.298394697346067	0.807522655478523
HROV-vOTU38162	Age	Age	0.245044439750452	0.234775801540161	77	48	0.300147369991149	0.807522655478523
HROV-vOTU36710	Sex	M	-0.598100580908674	0.572661504339626	77	13	0.299832923844725	0.807522655478523
HROV-vOTU68816	Sex	M	0.764086176468852	0.730873670586591	77	63	0.29936491079838	0.807522655478523
HROV-vOTU11782	Sex	M	0.480714765483487	0.459025199988881	77	14	0.298535750794071	0.807522655478523
HROV-vOTU62511	Smoking_Status	Never_Smoker	0.454156732118454	0.434553077078106	77	10	0.29951631128954	0.807522655478523
HROV-vOTU10675	Age	Age	0.318233293222594	0.304466532629895	77	29	0.299468687248427	0.807522655478523
HROV-vOTU50048	Smoking_Status	Former_Smoker	-0.985339500090903	0.941961636568178	77	14	0.299085915288221	0.807522655478523
HROV-vOTU03963	diagnosis	RA	-0.31307631547486803	0.299443629312731	77	11	0.29932613855881	0.807522655478523
HROV-vOTU29431	Age	Age	-0.28893354495246	0.276761604110093	77	9	0.30003625537049	0.807522655478523
HROV-vOTU05374	Smoking_Status	Never_Smoker	-0.60543262225538	0.580031010343071	77	14	0.300121873996975	0.807522655478523
HROV-vOTU03181	Smoking_Status	Never_Smoker	1.03652065598414	0.989913569663051	77	16	0.298613315686341	0.807522655478523
HROV-vOTU68414	Smoking_Status	Never_Smoker	0.740677982131635	0.709309445249683	77	15	0.299924084484454	0.807522655478523
HROV-vOTU18238	Smoking_Status	Former_Smoker	0.792504627446324	0.757603979524691	77	9	0.299078315899516	0.807522655478523
HROV-vOTU11477	Smoking_Status	Never_Smoker	0.706044775468533	0.67532769796627	77	8	0.299345413728421	0.807522655478523
HROV-vOTU56634	Smoking_Status	Former_Smoker	-1.95900976415681	1.87902167196302	77	22	0.30068494724463	0.807551218095857
HROV-vOTU36861	Smoking_Status	Never_Smoker	-1.14739911452424	1.09946237664208	77	52	0.300210747233358	0.807551218095857
HROV-vOTU32042	Sex	M	0.931467416597074	0.893705367171531	77	66	0.300830210922981	0.807551218095857
HROV-vOTU74196	Sex	M	0.998541457190675	0.957174254994728	77	57	0.300386412485078	0.807551218095857
HROV-vOTU55832	Smoking_Status	Never_Smoker	0.87624509654627	0.840772744763037	77	61	0.300859290111266	0.807551218095857
HROV-vOTU29020	diagnosis	RA	-0.739625454261803	0.709632964198668	77	56	0.300824946169014	0.807551218095857
HROV-vOTU49304	diagnosis	RA	-0.308753460728257	0.295876225057257	77	8	0.300246502286089	0.807551218095857
HROV-vOTU62538	Smoking_Status	Former_Smoker	2.41710214268144	2.31820225397441	77	44	0.300642014947822	0.807551218095857
HROV-vOTU15544	Sex	M	0.778847952666852	0.746912009886654	77	61	0.300598318359449	0.807551218095857
HROV-vOTU34657	Age	Age	0.383759645261925	0.367994424606954	77	33	0.300559852248098	0.807551218095857
HROV-vOTU63713	Sex	M	-0.935550654284733	0.897632113599136	77	48	0.300835044735607	0.807551218095857
HROV-vOTU44282	Smoking_Status	Never_Smoker	-0.728869409539585	0.699123574409159	77	15	0.300694926889251	0.807551218095857
HROV-vOTU49969	Smoking_Status	Former_Smoker	1.01706091692478	0.975827233415422	77	28	0.300829404464169	0.807551218095857
HROV-vOTU46976	Sex	M	-0.415950284031572	0.398634875535276	77	13	0.300285856401961	0.807551218095857
HROV-vOTU70292	Smoking_Status	Never_Smoker	-0.847864669586447	0.812606649163494	77	17	0.300307909595037	0.807551218095857
HROV-vOTU34202	Smoking_Status	Former_Smoker	0.644943558903977	0.618579740256877	77	11	0.30066152336652	0.807551218095857
HROV-vOTU42401	diagnosis	RA	-0.223339594760866	0.214234904010173	77	10	0.300717329918919	0.807551218095857
HROV-vOTU33484	Sex	M	-0.464735763245198	0.445837242890652	77	10	0.300767858277479	0.807551218095857
HROV-vOTU28412	Smoking_Status	Never_Smoker	-0.734374861059843	0.704477977123445	77	14	0.300745070062026	0.807551218095857
HROV-vOTU42319	Sex	M	-0.500815908578745	0.480139538593787	77	10	0.300457594595925	0.807551218095857
HROV-vOTU55676	Sex	M	-0.663451977277468	0.636701584764751	77	14	0.30094038395468	0.807674751483077
HROV-vOTU47859	Sex	M	-0.673689049228378	0.646580111290954	77	16	0.300980609407861	0.807688584789448
HROV-vOTU38803	Age	Age	0.262762672731533	0.252356005295439	77	37	0.301297778056183	0.807692681717366
HROV-vOTU51250	Age	Age	-0.32832028396883	0.315299224066815	77	22	0.301270397239448	0.807692681717366
HROV-vOTU04949	Sex	M	-0.872833827939669	0.837913993749863	77	63	0.301096618648321	0.807692681717366
HROV-vOTU61047	Age	Age	0.138189646499903	0.13263981960862	77	14	0.301019893384071	0.807692681717366
HROV-vOTU39751	Smoking_Status	Former_Smoker	0.814741885300186	0.782226008635061	77	22	0.30114559277957	0.807692681717366
HROV-vOTU16478	Smoking_Status	Former_Smoker	1.50197451526464	1.44242238443334	77	39	0.301275591820008	0.807692681717366
HROV-vOTU44644	Age	Age	-0.393977147198015	0.378196252217772	77	48	0.301072665303756	0.807692681717366
HROV-vOTU47996	Smoking_Status	Former_Smoker	0.90811530919185	0.872043394468398	77	18	0.301239369396852	0.807692681717366
HROV-vOTU53233	Smoking_Status	Never_Smoker	0.716874169843516	0.688361533299742	77	14	0.301213477371906	0.807692681717366
HROV-vOTU47360	Age	Age	0.351477613721659	0.33785283632609	77	31	0.301717493256489	0.807783523563933
HROV-vOTU30351	diagnosis	RA	-0.668244761690879	0.64221535333075	77	66	0.301623832865732	0.807783523563933
HROV-vOTU50950	diagnosis	RA	0.62609697857747	0.601769174254615	77	62	0.301671567344292	0.807783523563933
HROV-vOTU57404	diagnosis	RA	0.524964404594883	0.504305113894797	77	28	0.30142320765062	0.807783523563933
HROV-vOTU04146	Smoking_Status	Never_Smoker	1.04233202275752	1.00186474712758	77	34	0.301687791391033	0.807783523563933
HROV-vOTU67231	Age	Age	-0.225492121285098	0.216664420635624	77	52	0.301525629007433	0.807783523563933
HROV-vOTU15775	Age	Age	0.267076208845551	0.256619467454626	77	55	0.301523606150626	0.807783523563933
HROV-vOTU33272	Smoking_Status	Former_Smoker	0.938207232312725	0.90161741885143	77	67	0.301599966075762	0.807783523563933
HROV-vOTU16149	Sex	M	0.950038341949748	0.912893642235512	77	49	0.301550840954102	0.807783523563933
HROV-vOTU00742	Smoking_Status	Former_Smoker	1.82200226339317	1.75036364206162	77	46	0.301440724375039	0.807783523563933
HROV-vOTU37414	Smoking_Status	Former_Smoker	1.58242294605019	1.52106460324351	77	47	0.301712177230697	0.807783523563933
HROV-vOTU01894	diagnosis	RA	-0.445171111146453	0.428003069391025	77	76	0.30181693402688	0.807797728973755
HROV-vOTU27190	diagnosis	RA	-0.352776353905071	0.339152210174344	77	21	0.301789617538862	0.807797728973755
HROV-vOTU65332	Age	Age	-0.237421497711924	0.228270605576144	77	9	0.301828026826711	0.807797728973755
HROV-vOTU48056	Age	Age	-0.203392974734691	0.195670576328083	77	73	0.302114864366628	0.80818430696265
HROV-vOTU51606	diagnosis	RA	-0.312253673392301	0.300418769036943	77	22	0.302147932390292	0.80818430696265
HROV-vOTU30149	Sex	M	1.21756105684372	1.17134494670243	77	59	0.302119817750306	0.80818430696265
HROV-vOTU65910	Smoking_Status	Former_Smoker	2.18513887056375	2.10231015498998	77	53	0.302145987244067	0.80818430696265
HROV-vOTU12145	Sex	M	0.674489550999657	0.64886962931058	77	16	0.30210673842694	0.80818430696265
HROV-vOTU18091	Age	Age	0.297779683480677	0.286546894196479	77	63	0.302237575328812	0.808236339970105
HROV-vOTU72267	diagnosis	RA	0.724582636751864	0.697203521695507	77	29	0.302205542920487	0.808236339970105
HROV-vOTU56571	Smoking_Status	Never_Smoker	1.10436513948201	1.06288351481083	77	62	0.302317501999772	0.808260993171902
HROV-vOTU18061	Smoking_Status	Never_Smoker	0.85802956563325	0.82594017861097	77	53	0.302398554464768	0.808260993171902
HROV-vOTU72267	Sex	M	0.955898113481908	0.920190873770274	77	29	0.302420626681011	0.808260993171902
HROV-vOTU68255	Sex	M	0.509195401700386	0.490176268675663	77	13	0.302422274344867	0.808260993171902
HROV-vOTU23948	Smoking_Status	Never_Smoker	0.544460424271784	0.52406527337718	77	14	0.302368418548702	0.808260993171902
HROV-vOTU67718	Smoking_Status	Former_Smoker	1.61192438926244	1.55283833731533	77	57	0.302768966695863	0.80862452777522
HROV-vOTU70413	Smoking_Status	Former_Smoker	-1.67222506831008	1.61071661325587	77	66	0.302705796950163	0.80862452777522
HROV-vOTU59107	Smoking_Status	Former_Smoker	1.64858339070827	1.58808026578891	77	60	0.302746813245868	0.80862452777522
HROV-vOTU33751	Sex	M	-0.546235867286405	0.526180238519717	77	15	0.302738847471343	0.80862452777522
HROV-vOTU04830	Sex	M	0.901872333634378	0.868653254813259	77	32	0.302680359344528	0.80862452777522
HROV-vOTU04409	Smoking_Status	Never_Smoker	0.578614905694091	0.55735782759286	77	8	0.30272798321147	0.80862452777522
HROV-vOTU40697	Age	Age	-0.157921175699047	0.152199425017327	77	8	0.30298008879045	0.808644808739636
HROV-vOTU24052	Sex	M	0.981218542001655	0.945442798573237	77	41	0.302866130246509	0.808644808739636
HROV-vOTU21384	Smoking_Status	Never_Smoker	-0.874061673572445	0.842118726281875	77	19	0.302823849388462	0.808644808739636
HROV-vOTU60965	Smoking_Status	Never_Smoker	0.843484280725492	0.81293765639713	77	29	0.302988491774175	0.808644808739636
HROV-vOTU14975	diagnosis	RA	-0.544725115820721	0.524961403574365	77	41	0.30295503990789	0.808644808739636
HROV-vOTU30770	Smoking_Status	Former_Smoker	1.25819790439128	1.21271806043623	77	30	0.303022349084805	0.808644808739636
HROV-vOTU64337	Smoking_Status	Former_Smoker	-1.58819692046854	1.53059246356958	77	19	0.302960837454848	0.808644808739636
HROV-vOTU25911	Smoking_Status	Never_Smoker	0.958656985900624	0.924306553869768	77	23	0.303179154190275	0.808746209234162
HROV-vOTU27263	diagnosis	RA	-0.387718393252448	0.373842607706683	77	11	0.303200815046798	0.808746209234162
HROV-vOTU14223	Smoking_Status	Former_Smoker	1.13903365171156	1.09817023439111	77	33	0.303157409419926	0.808746209234162
HROV-vOTU01116	Sex	M	0.727816606149293	0.701627607888969	77	26	0.303103922125151	0.808746209234162
HROV-vOTU06110	Smoking_Status	Former_Smoker	1.01750225129771	0.981215123142885	77	21	0.303263206894531	0.808758197492409
HROV-vOTU06834	Smoking_Status	Never_Smoker	-0.539753272680405	0.520517462128915	77	10	0.30327554466107	0.808758197492409
HROV-vOTU18061	diagnosis	RA	-0.501359913985311	0.483530141962825	77	53	0.303313033904644	0.808764521341202
HROV-vOTU74076	Smoking_Status	Former_Smoker	1.2134253363227	1.17051005498676	77	30	0.303410439527878	0.808930588368493
HROV-vOTU02898	Sex	M	-0.521483683672302	0.503163040563887	77	10	0.303527487375914	0.809148979542459
HROV-vOTU71497	Smoking_Status	Former_Smoker	1.39375139881236	1.34516592998148	77	15	0.303662900209948	0.809345098206581
HROV-vOTU25315	Sex	M	-0.56391364305018	0.544265471120456	77	13	0.303671341450415	0.809345098206581
HROV-vOTU01040	Age	Age	0.232059786653338	0.224053279146293	77	26	0.303840684934122	0.809702727844576
HROV-vOTU07148	Smoking_Status	Former_Smoker	1.95798155108896	1.89118977528755	77	53	0.304034197650876	0.809716501823983
HROV-vOTU48382	Smoking_Status	Never_Smoker	1.03905719777321	1.00345667995804	77	67	0.303959772973169	0.809716501823983
HROV-vOTU74953	diagnosis	RA	0.442594833429101	0.427468752122424	77	21	0.304002719831499	0.809716501823983
HROV-vOTU51003	diagnosis	RA	0.516370251810656	0.498778482641695	77	13	0.304056278302468	0.809716501823983
HROV-vOTU37364	Sex	M	0.736644406411348	0.711549095103195	77	47	0.30405680884819	0.809716501823983
HROV-vOTU07448	Smoking_Status	Never_Smoker	1.22964777979855	1.18742069890115	77	27	0.303920774223064	0.809716501823983
HROV-vOTU20188	Sex	M	0.588425327456691	0.568422742500179	77	9	0.304093404304957	0.809720326181428
HROV-vOTU01367	Smoking_Status	Never_Smoker	0.674234936682196	0.651470940128538	77	10	0.304208020963326	0.809884683641302
HROV-vOTU50574	Sex	M	-0.778579692608275	0.752320071622939	77	38	0.304225462361307	0.809884683641302
HROV-vOTU34455	Sex	M	0.628887054527403	0.607765181440781	77	25	0.304295736083847	0.809978132456195
HROV-vOTU23447	Smoking_Status	Former_Smoker	-1.38748721497315	1.34125305849854	77	24	0.304426787303125	0.809988895969668
HROV-vOTU17187	diagnosis	RA	0.789846001361876	0.763635900898566	77	68	0.304495509547454	0.809988895969668
HROV-vOTU34476	Age	Age	-0.23874860476905	0.230847583322845	77	60	0.304540356399005	0.809988895969668
HROV-vOTU04143	Smoking_Status	Former_Smoker	0.545016820125865	0.526871900523342	77	8	0.30444159333658	0.809988895969668
HROV-vOTU66684	Age	Age	0.481068171953536	0.465056478335042	77	39	0.30444595081988	0.809988895969668
HROV-vOTU23303	Sex	M	-0.567639823132935	0.548861074558673	77	34	0.304545976995283	0.809988895969668
HROV-vOTU58500	Smoking_Status	Never_Smoker	0.318269124345579	0.307660044483421	77	8	0.304421099693574	0.809988895969668
HROV-vOTU43245	Smoking_Status	Former_Smoker	-0.956614223702995	0.925303081457832	77	75	0.304720165938421	0.810011758125778
HROV-vOTU07214	diagnosis	RA	-0.483104721420772	0.467310389747652	77	47	0.304738934170562	0.810011758125778
HROV-vOTU17468	diagnosis	RA	-0.647429099185231	0.626480828887117	77	60	0.304906293147736	0.810011758125778
HROV-vOTU04808	Sex	M	0.680432264442408	0.658067269029953	77	49	0.304651879069672	0.810011758125778
HROV-vOTU24172	Age	Age	-0.248753663251908	0.240608506372879	77	20	0.304713885325875	0.810011758125778
HROV-vOTU02735	Smoking_Status	Never_Smoker	0.779578132225547	0.7543490766196	77	43	0.304903136801502	0.810011758125778
HROV-vOTU26654	Age	Age	-0.236250576931572	0.228558593761959	77	20	0.304805829181074	0.810011758125778
HROV-vOTU17471	Smoking_Status	Never_Smoker	0.771843648635504	0.746792245271405	77	28	0.304856437686232	0.810011758125778
HROV-vOTU03165	Smoking_Status	Former_Smoker	0.709721205524134	0.686353898684986	77	20	0.30462417178326	0.810011758125778
HROV-vOTU56648	Age	Age	-0.257722780591439	0.24936181141831	77	16	0.30486381111961	0.810011758125778
HROV-vOTU25694	Sex	M	0.911866163670209	0.882760290445083	77	61	0.305123067227167	0.810027001526416
HROV-vOTU09333	Smoking_Status	Former_Smoker	-1.54002368294114	1.4907381926858	77	58	0.305081385442516	0.810027001526416
HROV-vOTU63713	Smoking_Status	Former_Smoker	1.69463093216048	1.63996857401415	77	48	0.304955840177973	0.810027001526416
HROV-vOTU35480	Sex	M	-0.555569880300547	0.537782022211815	77	21	0.305074320594905	0.810027001526416
HROV-vOTU56248	Smoking_Status	Never_Smoker	-0.732142716675935	0.708679288913156	77	8	0.305059296114828	0.810027001526416
HROV-vOTU25012	Sex	M	-0.559275847788881	0.54140062045575	77	16	0.305102061565125	0.810027001526416
HROV-vOTU66335	Smoking_Status	Never_Smoker	-1.27578050972874	1.23532355112451	77	32	0.305225942220103	0.810095089384908
HROV-vOTU62011	Smoking_Status	Former_Smoker	-1.48662689777673	1.43999726850786	77	53	0.305397190621082	0.810095089384908
HROV-vOTU27614	diagnosis	RA	-0.467068503170893	0.452260980166717	77	75	0.305230120410862	0.810095089384908
HROV-vOTU05373	Smoking_Status	Never_Smoker	-1.51618352575378	1.46853592751843	77	65	0.305367478491812	0.810095089384908
HROV-vOTU39839	Age	Age	-0.434120308104598	0.420512388565677	77	57	0.305407150529453	0.810095089384908
HROV-vOTU52875	Smoking_Status	Never_Smoker	1.1570166937848	1.12075137503821	77	32	0.305408214894388	0.810095089384908
HROV-vOTU66879	Age	Age	-0.268075521125802	0.259701002865306	77	62	0.305459961011934	0.810095089384908
HROV-vOTU73571	diagnosis	RA	-0.836014870036577	0.809966613235159	77	63	0.305500471181412	0.810095089384908
HROV-vOTU04013	diagnosis	RA	-0.380292545480408	0.368418046835932	77	15	0.305467273844737	0.810095089384908
HROV-vOTU60429	Smoking_Status	Never_Smoker	0.543228341773908	0.526295823854174	77	12	0.305494267932907	0.810095089384908
HROV-vOTU74699	Smoking_Status	Former_Smoker	-1.43444383954057	1.39042414395967	77	18	0.305733310980892	0.810116752917724
HROV-vOTU09663	Smoking_Status	Former_Smoker	-1.51379191980535	1.46751332761891	77	72	0.305790927026118	0.810116752917724
HROV-vOTU02552	diagnosis	RA	0.681688000846425	0.660825389745142	77	39	0.305774566365684	0.810116752917724
HROV-vOTU37291	Age	Age	0.304079027256073	0.294686734516407	77	44	0.30563422963831	0.810116752917724
HROV-vOTU02203	Sex	M	-0.675156478254477	0.654562832568554	77	73	0.305825230128819	0.810116752917724
HROV-vOTU17122	Smoking_Status	Never_Smoker	1.18909637828025	1.15225261058216	77	60	0.305586172143034	0.810116752917724
HROV-vOTU09867	Sex	M	0.358073155075362	0.347038023423668	77	12	0.305668695779702	0.810116752917724
HROV-vOTU51625	Age	Age	-0.307388982217486	0.297844194072869	77	23	0.305553228029073	0.810116752917724
HROV-vOTU23394	Age	Age	-0.192111867718535	0.18620521774633	77	8	0.305704460729463	0.810116752917724
HROV-vOTU30514	Sex	M	0.504000481462173	0.48873845289725	77	27	0.305934289931873	0.810126100624472
HROV-vOTU23360	Smoking_Status	Former_Smoker	1.27099857370309	1.23237893616125	77	11	0.305883046517443	0.810126100624472
HROV-vOTU10032	Age	Age	-0.323997054689789	0.314184804002087	77	67	0.305932692838565	0.810126100624472
HROV-vOTU08556	diagnosis	RA	-0.491495435820386	0.478405824024536	77	74	0.307737956361594	0.810715695572937
HROV-vOTU73912	diagnosis	RA	-0.505347273287711	0.491894073953054	77	73	0.307743147561567	0.810715695572937
HROV-vOTU34499	diagnosis	RA	-0.59124989467583	0.576306598886678	77	64	0.308407538640417	0.810715695572937
HROV-vOTU72092	Smoking_Status	Never_Smoker	-0.933233031237095	0.909592784945791	77	38	0.308379218084599	0.810715695572937
HROV-vOTU52792	Smoking_Status	Never_Smoker	-0.755162671567133	0.734249804354972	77	76	0.307214261594134	0.810715695572937
HROV-vOTU04745	diagnosis	RA	-0.595553370925704	0.580989674750296	77	74	0.308811393379779	0.810715695572937
HROV-vOTU12134	Smoking_Status	Former_Smoker	-0.400010970475289	0.38961123269994	77	77	0.308050432511946	0.810715695572937
HROV-vOTU66467	Sex	M	0.650890870424124	0.634308812646671	77	77	0.308308072585837	0.810715695572937
HROV-vOTU66841	Age	Age	-0.245487692983844	0.239400625237247	77	63	0.308643118408396	0.810715695572937
HROV-vOTU07618	diagnosis	RA	-0.858766284967722	0.835405501212122	77	38	0.30745642181847	0.810715695572937
HROV-vOTU09663	diagnosis	RA	0.62374061954359294	0.608592449592144	77	72	0.308894116472785	0.810715695572937
HROV-vOTU22514	Age	Age	-0.241834913028392	0.234707900271378	77	66	0.306335750102362	0.810715695572937
HROV-vOTU28419	Sex	M	0.719508842132556	0.69971440867798	77	69	0.307304212903484	0.810715695572937
HROV-vOTU49565	Smoking_Status	Former_Smoker	-2.28410458179729	2.22589024468671	77	56	0.308302760399547	0.810715695572937
HROV-vOTU35741	Age	Age	-0.311597392051247	0.303183321029916	77	67	0.307554989208087	0.810715695572937
HROV-vOTU33206	Smoking_Status	Former_Smoker	-1.32099462347755	1.28330034120614	77	23	0.306798479300655	0.810715695572937
HROV-vOTU38803	Smoking_Status	Former_Smoker	-1.2229378911282	1.18937729408023	77	37	0.307338002049969	0.810715695572937
HROV-vOTU09844	Sex	M	0.484601660278392	0.47144005071198	77	74	0.307477686137898	0.810715695572937
HROV-vOTU50560	diagnosis	RA	0.483033357468642	0.46874202047255	77	62	0.306278324057447	0.810715695572937
HROV-vOTU02525	Age	Age	-0.15330056834358	0.14889228997144	77	73	0.306689231546434	0.810715695572937
HROV-vOTU43876	Age	Age	0.202870608932564	0.196878965541109	77	11	0.306304217138456	0.810715695572937
HROV-vOTU22815	diagnosis	RA	0.588485632275459	0.572476250144764	77	52	0.307455609156594	0.810715695572937
HROV-vOTU33368	Smoking_Status	Former_Smoker	-1.18272426712213	1.15195783918569	77	72	0.308043255836885	0.810715695572937
HROV-vOTU12311	diagnosis	RA	-0.818215174164277	0.794575446351902	77	55	0.30662197635592	0.810715695572937
HROV-vOTU50928	diagnosis	RA	-0.400878268601379	0.389005322683965	77	44	0.306263140385828	0.810715695572937
HROV-vOTU14470	Smoking_Status	Former_Smoker	2.67740406647891	2.60999221863252	77	57	0.308454841995894	0.810715695572937
HROV-vOTU20267	Sex	M	0.478383520072376	0.466720165183273	77	21	0.308847474926534	0.810715695572937
HROV-vOTU09408	Age	Age	-0.230393963266352	0.224603917244202	77	73	0.308477993909549	0.810715695572937
HROV-vOTU45833	Smoking_Status	Former_Smoker	-1.25575015673906	1.22046941994778	77	67	0.307015620367481	0.810715695572937
HROV-vOTU43325	Sex	M	-0.642645589806642	0.624514917050578	77	13	0.306957712584237	0.810715695572937
HROV-vOTU15022	Sex	M	-0.579789165527384	0.565718240959191	77	13	0.308902470144963	0.810715695572937
HROV-vOTU59361	Age	Age	-0.173076652422367	0.168753355166088	77	18	0.308552855335733	0.810715695572937
HROV-vOTU73089	Smoking_Status	Never_Smoker	1.03662372058756	1.00875200140927	77	54	0.307612236459391	0.810715695572937
HROV-vOTU06722	diagnosis	RA	0.355014233017393	0.34597220473415	77	22	0.30831125622572	0.810715695572937
HROV-vOTU06783	Sex	M	0.583300796633533	0.567054287905195	77	14	0.307135478547321	0.810715695572937
HROV-vOTU72768	diagnosis	RA	0.728379619302586	0.707217800211911	77	33	0.306542140529895	0.810715695572937
HROV-vOTU34520	Age	Age	-0.277400712294529	0.270405226234845	77	47	0.308435175878797	0.810715695572937
HROV-vOTU17684	Smoking_Status	Former_Smoker	-1.13519576148266	1.10653388782188	77	24	0.308420190940164	0.810715695572937
HROV-vOTU16189	diagnosis	RA	-0.752991678267249	0.731997007468875	77	62	0.307121171454228	0.810715695572937
HROV-vOTU75944	Age	Age	0.125726805188245	0.122177111441391	77	8	0.30694741765586	0.810715695572937
HROV-vOTU16803	diagnosis	RA	-0.485437633940943	0.473603073383705	77	42	0.308848264882211	0.810715695572937
HROV-vOTU35604	Smoking_Status	Never_Smoker	-0.538534633422434	0.522751903560867	77	10	0.306416757973698	0.810715695572937
HROV-vOTU41561	Age	Age	0.195839954099875	0.190289110330171	77	8	0.306892871507289	0.810715695572937
HROV-vOTU73786	Sex	M	-0.420703290861853	0.408335705965671	77	17	0.306371943766734	0.810715695572937
HROV-vOTU01535	diagnosis	RA	0.319123006417486	0.310769421984863	77	8	0.307962634745456	0.810715695572937
HROV-vOTU10893	Smoking_Status	Never_Smoker	-1.05333137131343	1.02561580351102	77	16	0.307895760160192	0.810715695572937
HROV-vOTU56079	Sex	M	0.538177641858298	0.52296728406394	77	36	0.306932930269372	0.810715695572937
HROV-vOTU70043	diagnosis	RA	-0.245993603032582	0.239377640538969	77	8	0.30760836806322	0.810715695572937
HROV-vOTU23010	Sex	M	0.637442167727303	0.621718990320595	77	31	0.30870702149058	0.810715695572937
HROV-vOTU35221	Smoking_Status	Never_Smoker	1.08650505054535	1.0574202409813	77	39	0.307670399150744	0.810715695572937
HROV-vOTU66093	Smoking_Status	Former_Smoker	-1.83834928979599	1.78494610270098	77	42	0.30654399516164	0.810715695572937
HROV-vOTU72521	Smoking_Status	Never_Smoker	1.20294099975407	1.17367235922765	77	18	0.308872018258585	0.810715695572937
HROV-vOTU16108	Age	Age	0.280829398985209	0.273230714871334	77	13	0.307527851561028	0.810715695572937
HROV-vOTU25943	Smoking_Status	Never_Smoker	0.867569308869345	0.845211927337194	77	26	0.308163075340472	0.810715695572937
HROV-vOTU06110	Age	Age	0.213949413710344	0.208189218042283	77	21	0.307594397555539	0.810715695572937
HROV-vOTU70480	Sex	M	0.642603609617602	0.626374553889167	77	22	0.30841686008238	0.810715695572937
HROV-vOTU64261	Smoking_Status	Never_Smoker	1.04729594556439	1.02092187580948	77	46	0.308452402223878	0.810715695572937
HROV-vOTU07555	Smoking_Status	Former_Smoker	2.36085452307675	2.30158258857686	77	66	0.308490275129005	0.810715695572937
HROV-vOTU15726	diagnosis	RA	-0.313592443459426	0.30479925144227	77	12	0.307042869147966	0.810715695572937
HROV-vOTU30080	diagnosis	RA	-0.577669791160817	0.563483264257745	77	14	0.308760124450339	0.810715695572937
HROV-vOTU24158	diagnosis	RA	-0.565714672738835	0.549462859169666	77	37	0.306703000518471	0.810715695572937
HROV-vOTU32409	diagnosis	RA	-0.412822884078083	0.40246912001702	77	24	0.308502951526661	0.810715695572937
HROV-vOTU48924	Smoking_Status	Never_Smoker	0.738390898701473	0.717388868901715	77	9	0.306843851576526	0.810715695572937
HROV-vOTU73516	Sex	M	0.396164063335129	0.385578045900483	77	14	0.307694006553165	0.810715695572937
HROV-vOTU35715	Age	Age	-0.168127955982511	0.164037392027465	77	16	0.308872431066776	0.810715695572937
HROV-vOTU14008	Smoking_Status	Never_Smoker	0.524997387998822	0.51046775533094	77	11	0.307222936785795	0.810715695572937
HROV-vOTU18575	Smoking_Status	Never_Smoker	0.781040575110358	0.761245918090002	77	26	0.308373109741228	0.810715695572937
HROV-vOTU06411	Smoking_Status	Never_Smoker	-0.533889267483226	0.520970772852346	77	11	0.308937948082852	0.810715695572937
HROV-vOTU53512	Age	Age	-0.321178091606993	0.312368362244234	77	31	0.30734450912229	0.810715695572937
HROV-vOTU71296	Smoking_Status	Never_Smoker	0.441164698698043	0.428773084199072	77	12	0.307019048165486	0.810715695572937
HROV-vOTU65452	Sex	M	-0.673016543225523	0.656306110493878	77	15	0.308626699672097	0.810715695572937
HROV-vOTU42879	Sex	M	0.31657968806328	0.308286735411359	77	9	0.307953376137125	0.810715695572937
HROV-vOTU39786	diagnosis	RA	0.357564817277294	0.347908075230075	77	8	0.307553040798261	0.810715695572937
HROV-vOTU03678	Smoking_Status	Never_Smoker	0.700524001718851	0.680475923799224	77	12	0.306757002597531	0.810715695572937
HROV-vOTU08738	Sex	M	-0.609865430806935	0.595107908931298	77	8	0.30893743527579	0.810715695572937
HROV-vOTU08856	Smoking_Status	Never_Smoker	0.455677819846413	0.444161354275946	77	9	0.308407939842589	0.810715695572937
HROV-vOTU23111	diagnosis	RA	-0.32490463275106	0.316074468665359	77	8	0.307468769506808	0.810715695572937
HROV-vOTU05414	Smoking_Status	Never_Smoker	0.514504579102854	0.500299365398788	77	13	0.307255593129893	0.810715695572937
HROV-vOTU40521	Sex	M	0.330499808169028	0.322233450517409	77	10	0.308536799568963	0.810715695572937
HROV-vOTU74783	Sex	M	-0.538290534284452	0.525352791433775	77	19	0.309017715944106	0.810832630533527
HROV-vOTU19280	diagnosis	RA	-0.83516318153606	0.817409074279481	77	64	0.310382230910042	0.810866284807505
HROV-vOTU72030	Age	Age	-0.222166965746296	0.217251618028882	77	72	0.309956893633326	0.810866284807505
HROV-vOTU65577	diagnosis	RA	0.719802871092115	0.703299443936317	77	53	0.309562253800047	0.810866284807505
HROV-vOTU37702	diagnosis	RA	0.288291797756632	0.281812988606614	77	12	0.309785673799677	0.810866284807505
HROV-vOTU45542	diagnosis	RA	-0.668373839145668	0.654199876673895	77	47	0.310407559029348	0.810866284807505
HROV-vOTU29943	Age	Age	0.19421441712228	0.189735191746793	77	76	0.309495595108253	0.810866284807505
HROV-vOTU29841	Age	Age	0.334286917392984	0.326835420167432	77	69	0.309875273870972	0.810866284807505
HROV-vOTU52417	Age	Age	-0.152104323886673	0.148888419105135	77	74	0.310438907214406	0.810866284807505
HROV-vOTU31651	diagnosis	RA	0.785688411286737	0.768388705151253	77	37	0.310008972303697	0.810866284807505
HROV-vOTU16599	Smoking_Status	Former_Smoker	0.661618716738173	0.647079550070838	77	8	0.310030281330785	0.810866284807505
HROV-vOTU18440	diagnosis	RA	0.710376113205679	0.69391290638908	77	56	0.309440510674674	0.810866284807505
HROV-vOTU63613	Smoking_Status	Never_Smoker	0.964131188414718	0.941879980632799	77	63	0.309487864198776	0.810866284807505
HROV-vOTU73506	Smoking_Status	Former_Smoker	-2.10312188742177	2.05764458705503	77	58	0.310202843290574	0.810866284807505
HROV-vOTU04595	diagnosis	RA	0.510921252739693	0.49978635701061	77	38	0.310119352130651	0.810866284807505
HROV-vOTU05205	Smoking_Status	Former_Smoker	-0.816723868988886	0.798349159434652	77	54	0.309773403319027	0.810866284807505
HROV-vOTU17004	Smoking_Status	Never_Smoker	0.618104410945606	0.604557916680208	77	10	0.31005923291755	0.810866284807505
HROV-vOTU19088	Sex	M	0.762581452604721	0.745514904608589	77	34	0.309831430048346	0.810866284807505
HROV-vOTU15928	Sex	M	0.488382401278527	0.477521295972565	77	20	0.309900713960189	0.810866284807505
HROV-vOTU17618	Smoking_Status	Former_Smoker	1.21792770376811	1.19192622499219	77	15	0.310337715899239	0.810866284807505
HROV-vOTU53502	diagnosis	RA	-0.545082932223329	0.532157274513556	77	33	0.309175986083874	0.810866284807505
HROV-vOTU61603	Sex	M	1.16383580421205	1.13715267217308	77	50	0.309562655371797	0.810866284807505
HROV-vOTU66534	diagnosis	RA	-0.416529876672021	0.406988600998466	77	20	0.309572636642536	0.810866284807505
HROV-vOTU71761	Sex	M	-0.253062826186944	0.247660168830276	77	8	0.310337654806154	0.810866284807505
HROV-vOTU34617	Age	Age	-0.15976905853508	0.156162159205806	77	14	0.309735253881991	0.810866284807505
HROV-vOTU24461	Age	Age	-0.294886245540774	0.287923727502258	77	27	0.309226325989372	0.810866284807505
HROV-vOTU35709	Smoking_Status	Former_Smoker	1.18703868333393	1.15894281926788	77	35	0.309197790879157	0.810866284807505
HROV-vOTU42481	Smoking_Status	Never_Smoker	0.645838428538724	0.631141967047191	77	21	0.309646831363063	0.810866284807505
HROV-vOTU64916	Age	Age	-0.360053739895098	0.352042119686193	77	51	0.309894700089823	0.810866284807505
HROV-vOTU72529	Sex	M	-0.53330123808815	0.521717458847597	77	18	0.310155130540832	0.810866284807505
HROV-vOTU01116	Smoking_Status	Never_Smoker	0.928492824899514	0.908057523779731	77	26	0.31001359993048	0.810866284807505
HROV-vOTU57817	Smoking_Status	Former_Smoker	2.21538196121598	2.16813216124523	77	37	0.310347969094533	0.810866284807505
HROV-vOTU75354	Smoking_Status	Never_Smoker	0.445306970423302	0.43569943162918	77	9	0.310226711894699	0.810866284807505
HROV-vOTU24040	diagnosis	RA	0.549473121362328	0.536831164000163	77	19	0.309523068030055	0.810866284807505
HROV-vOTU16567	Smoking_Status	Never_Smoker	0.793351536791809	0.775488630505373	77	10	0.309764714401858	0.810866284807505
HROV-vOTU09525	diagnosis	RA	-0.708054935786707	0.692874008667746	77	47	0.310292867356483	0.810866284807505
HROV-vOTU31601	Sex	M	-0.553631498950869	0.541787766315429	77	19	0.310316189797947	0.810866284807505
HROV-vOTU05881	Age	Age	0.137346877571028	0.134129291162213	77	8	0.30931689682443	0.810866284807505
HROV-vOTU15817	diagnosis	RA	0.428929438921223	0.419543876156741	77	9	0.310076333606407	0.810866284807505
HROV-vOTU08459	Smoking_Status	Former_Smoker	0.913182037735	0.893355907722383	77	9	0.310159969240616	0.810866284807505
HROV-vOTU72113	Smoking_Status	Former_Smoker	-0.899009057441136	0.878828639796675	77	14	0.309798298184296	0.810866284807505
HROV-vOTU75686	Smoking_Status	Never_Smoker	0.725092859790006	0.709851602134126	77	31	0.310499273073132	0.810931986717422
HROV-vOTU19145	Age	Age	0.484457160529098	0.474443671828551	77	54	0.310671083541424	0.811007266333062
HROV-vOTU09380	Sex	M	0.879185623200142	0.860976819715731	77	38	0.310650735125971	0.811007266333062
HROV-vOTU18853	Smoking_Status	Former_Smoker	1.11701391507547	1.0938763529528	77	17	0.310649374040939	0.811007266333062
HROV-vOTU34214	diagnosis	RA	0.446912697578605	0.43770538566987	77	13	0.310704173289475	0.811007266333062
HROV-vOTU46569	diagnosis	RA	-0.279238889408646	0.273414827996203	77	17	0.310579153547611	0.811007266333062
HROV-vOTU26399	Age	Age	-0.198974336691883	0.1948954252262	77	28	0.310754368643594	0.811046363311647
HROV-vOTU14113	Smoking_Status	Never_Smoker	1.06616435769496	1.04447891910711	77	54	0.310832831111091	0.811139429252028
HROV-vOTU73516	diagnosis	RA	-0.298190251472826	0.292141966577905	77	14	0.310860469065497	0.811139429252028
HROV-vOTU28659	diagnosis	RA	0.375197847239409	0.36774403018244	77	73	0.311064853793422	0.811580784282599
HROV-vOTU54798	diagnosis	RA	-0.475836841580705	0.466436884732389	77	65	0.311119635917107	0.811623509112279
HROV-vOTU02792	Age	Age	-0.135743920292513	0.133078140145766	77	23	0.311176613602347	0.811623509112279
HROV-vOTU38660	Smoking_Status	Never_Smoker	0.585292817868641	0.573895215475912	77	8	0.311257439534505	0.811623509112279
HROV-vOTU41084	Smoking_Status	Never_Smoker	-0.760135753797584	0.745274331993984	77	11	0.311219383835721	0.811623509112279
HROV-vOTU04103	diagnosis	RA	-0.505734925178328	0.495884941366525	77	9	0.3112558520019	0.811623509112279
HROV-vOTU43876	Smoking_Status	Former_Smoker	-0.94618224997759	0.927908852505648	77	11	0.311336096200451	0.81173670276196
HROV-vOTU26832	Smoking_Status	Never_Smoker	1.12877354530189	1.10706396885823	77	40	0.311375221386972	0.811746813282994
HROV-vOTU36749	diagnosis	RA	-0.629536276018879	0.617597634578878	77	71	0.311506814073833	0.811843569639998
HROV-vOTU07478	Age	Age	-0.280663733935443	0.275347638866485	77	51	0.31151809053012	0.811843569639998
HROV-vOTU74563	Sex	M	-1.00991534730453	0.990732871069868	77	26	0.311492143910007	0.811843569639998
HROV-vOTU64497	Smoking_Status	Former_Smoker	-1.014295168782	0.995236906550033	77	21	0.31159226412470997	0.811944992395573
HROV-vOTU08073	Smoking_Status	Former_Smoker	-1.07211364408859	1.05204923938234	77	22	0.311628907535309	0.811948607369404
HROV-vOTU59157	Sex	M	0.960887600336665	0.943149865440206	77	51	0.311753760775962	0.812182026093937
HROV-vOTU50244	Sex	M	-0.596813954045193	0.585887723358486	77	23	0.311828215982613	0.812284109725097
HROV-vOTU38195	Smoking_Status	Never_Smoker	-1.30861414625928	1.28501564576876	77	73	0.311962474789068	0.812358185706946
HROV-vOTU43698	Smoking_Status	Former_Smoker	-1.07685417145223	1.05743216700023	77	15	0.311961167345251	0.812358185706946
HROV-vOTU24665	Sex	M	0.341699905414385	0.33552993586363	77	9	0.311950982498102	0.812358185706946
HROV-vOTU01280	Sex	M	-1.10159829391808	1.08182357082974	77	62	0.312002716876309	0.812371121499309
HROV-vOTU39116	Smoking_Status	Former_Smoker	1.04414155309503	1.02560697408278	77	70	0.312100502132324	0.812390429678625
HROV-vOTU24679	Smoking_Status	Never_Smoker	0.429579329224877	0.42194514125788	77	9	0.312090578628042	0.812390429678625
HROV-vOTU66731	Smoking_Status	Never_Smoker	0.662986889939785	0.651239147958784	77	8	0.312115958393247	0.812390429678625
HROV-vOTU17325	Age	Age	-0.335897211114205	0.330087636045922	77	66	0.312323144898318	0.812470577997092
HROV-vOTU23159	Smoking_Status	Former_Smoker	1.39579970540604	1.37130556937886	77	71	0.312199560992459	0.812470577997092
HROV-vOTU45737	diagnosis	RA	-0.687512901205267	0.675598274180786	77	67	0.312306353012915	0.812470577997092
HROV-vOTU50916	Smoking_Status	Former_Smoker	1.49961641107693	1.4736323109497	77	40	0.312307759492999	0.812470577997092
HROV-vOTU00884	diagnosis	RA	0.41687191526219203	0.409624585430654	77	15	0.312279470575295	0.812470577997092
HROV-vOTU61101	Smoking_Status	Former_Smoker	-2.3968511140649	2.35612371791985	77	34	0.312471566168871	0.812494258357604
HROV-vOTU22577	Sex	M	0.723197426074777	0.711215415322391	77	61	0.312678708573449	0.812494258357604
HROV-vOTU72585	Sex	M	-0.634493269184443	0.623944608060029	77	25	0.312650751637066	0.812494258357604
HROV-vOTU49611	Smoking_Status	Never_Smoker	0.651698493174951	0.640759019567583	77	72	0.312572205450374	0.812494258357604
HROV-vOTU08015	Smoking_Status	Never_Smoker	0.971320987219172	0.95475906689586	77	39	0.31244278898736	0.812494258357604
HROV-vOTU47873	Sex	M	0.824290237600653	0.810856438994464	77	36	0.312810927450087	0.812494258357604
HROV-vOTU05854	Sex	M	0.814226846533298	0.800419388910513	77	37	0.312488323851245	0.812494258357604
HROV-vOTU66684	Smoking_Status	Former_Smoker	-2.23010106476135	2.19185438107191	77	39	0.312394264985106	0.812494258357604
HROV-vOTU74563	Age	Age	0.390432639526837	0.384049954255755	77	26	0.312786355587083	0.812494258357604
HROV-vOTU67489	diagnosis	RA	0.3461512894597	0.340427550899939	77	13	0.312694701242525	0.812494258357604
HROV-vOTU08091	Smoking_Status	Never_Smoker	0.578208286717058	0.568819945017174	77	12	0.312840453554901	0.812494258357604
HROV-vOTU19642	Sex	M	-0.263889019081804	0.259615608428022	77	8	0.312861445206914	0.812494258357604
HROV-vOTU46976	Smoking_Status	Former_Smoker	0.740416509557521	0.728303564990149	77	13	0.31278053795317	0.812494258357604
HROV-vOTU30954	Age	Age	0.285802818260424	0.281023059165824	77	22	0.312602558226963	0.812494258357604
HROV-vOTU02807	Sex	M	-0.520809773499371	0.512156024231744	77	13	0.312655334903244	0.812494258357604
HROV-vOTU08878	Age	Age	-0.341777712416999	0.336289301628777	77	41	0.312927633005547	0.812574516644237
HROV-vOTU14986	Sex	M	0.396682120681029	0.391335912259683	77	76	0.314186308992269	0.812933658100719
HROV-vOTU20963	Age	Age	0.387223096906103	0.381279405416369	77	21	0.313273643509093	0.812933658100719
HROV-vOTU13481	Age	Age	-0.329382511911303	0.324753562161639	77	57	0.313905649071334	0.812933658100719
HROV-vOTU01449	Age	Age	0.136997104965123	0.134983779446913	77	77	0.313592358226835	0.812933658100719
HROV-vOTU74408	Age	Age	0.359901048779313	0.354499717278599	77	69	0.313440342299	0.812933658100719
HROV-vOTU39462	Smoking_Status	Never_Smoker	-1.33282748899304	1.31277121807716	77	68	0.313420788236073	0.812933658100719
HROV-vOTU20487	Smoking_Status	Former_Smoker	1.90403204123025	1.87893609708057	77	54	0.314330881985945	0.812933658100719
HROV-vOTU34854	Age	Age	-0.354046536094903	0.349261477089454	77	46	0.314167787972148	0.812933658100719
HROV-vOTU48991	diagnosis	RA	0.497816357756525	0.49053981692728	77	16	0.313630975476393	0.812933658100719
HROV-vOTU27563	diagnosis	RA	0.488974626364262	0.482035928572561	77	55	0.313838939474753	0.812933658100719
HROV-vOTU56271	Smoking_Status	Never_Smoker	0.883410738202742	0.869598318540898	77	40	0.313134171982089	0.812933658100719
HROV-vOTU18898	diagnosis	RA	0.314054999020454	0.309833699943312	77	9	0.314203860223206	0.812933658100719
HROV-vOTU69959	Smoking_Status	Former_Smoker	-0.970166117298823	0.957415178877605	77	10	0.314349078841371	0.812933658100719
HROV-vOTU66207	Age	Age	0.358718232075821	0.353400962841264	77	31	0.313530499611548	0.812933658100719
HROV-vOTU50222	Sex	M	1.02526295340434	1.0111152676164	77	49	0.314029573252658	0.812933658100719
HROV-vOTU65612	Smoking_Status	Former_Smoker	1.46951569494108	1.45042023360671	77	20	0.314421449306925	0.812933658100719
HROV-vOTU24358	diagnosis	RA	0.573552601542703	0.566037865187106	77	13	0.314369020117592	0.812933658100719
HROV-vOTU31176	Age	Age	0.139781218632577	0.137762803822546	77	8	0.313717319595099	0.812933658100719
HROV-vOTU30481	diagnosis	RA	-0.58398298003109	0.576235497816874	77	26	0.314288909519903	0.812933658100719
HROV-vOTU10154	Age	Age	-0.195708490115625	0.192679768717203	77	28	0.313212087625363	0.812933658100719
HROV-vOTU03709	Age	Age	-0.227287219673382	0.224278769953248	77	21	0.314303657653617	0.812933658100719
HROV-vOTU02943	Smoking_Status	Former_Smoker	1.59151368155499	1.56843758843888	77	43	0.313688240599018	0.812933658100719
HROV-vOTU30268	Smoking_Status	Former_Smoker	0.943938460767242	0.931505751184084	77	21	0.314335419409836	0.812933658100719
HROV-vOTU49583	Sex	M	0.647591610363103	0.639207576630181	77	46	0.314444770205846	0.812933658100719
HROV-vOTU49399	Smoking_Status	Former_Smoker	1.19844510521472	1.18054431526472	77	23	0.313475042889367	0.812933658100719
HROV-vOTU50822	Sex	M	-0.95310162977483	0.94046449946499	77	18	0.314292644088407	0.812933658100719
HROV-vOTU20422	diagnosis	RA	-0.661570870482942	0.653043998279653	77	44	0.314472835046025	0.812933658100719
HROV-vOTU10976	Smoking_Status	Never_Smoker	-0.641769531701693	0.633148447291826	77	10	0.314207741970513	0.812933658100719
HROV-vOTU44375	Smoking_Status	Former_Smoker	1.40919080804662	1.38912098254099	77	35	0.3138136979001	0.812933658100719
HROV-vOTU49629	Smoking_Status	Never_Smoker	0.991775691484647	0.977493377533972	77	36	0.313736362556874	0.812933658100719
HROV-vOTU67200	Sex	M	0.424648796168932	0.418827001681478	77	10	0.31407313098607	0.812933658100719
HROV-vOTU49322	diagnosis	RA	0.471035767840633	0.464118315918431	77	27	0.313597477198091	0.812933658100719
HROV-vOTU61652	Sex	M	0.388166990398386	0.383168009901873	77	14	0.314477896657373	0.812933658100719
HROV-vOTU05942	Sex	M	0.373849483219156	0.368576504884301	77	9	0.313880731483446	0.812933658100719
HROV-vOTU54284	Age	Age	-0.169627229031781	0.167353813272084	77	8	0.314222780756816	0.812933658100719
HROV-vOTU48814	Smoking_Status	Former_Smoker	1.56019106390547	1.5384818400003	77	22	0.313973356508743	0.812933658100719
HROV-vOTU23394	diagnosis	RA	-0.369122757862284	0.363950526165428	77	8	0.313925720962536	0.812933658100719
HROV-vOTU44958	Smoking_Status	Never_Smoker	0.715258269895196	0.704419844352895	77	14	0.313369445669298	0.812933658100719
HROV-vOTU42808	Age	Age	0.200032806891786	0.197333713862685	77	13	0.31417854544154	0.812933658100719
HROV-vOTU60901	Sex	M	0.549700553288001	0.541664025989263	77	9	0.313629556791249	0.812933658100719
HROV-vOTU69059	Age	Age	0.243190325854514	0.24009123325568	77	33	0.314543573807384	0.813012177865774
HROV-vOTU07510	diagnosis	RA	-0.471479661422068	0.465528870281217	77	73	0.314602927214019	0.813043053173845
HROV-vOTU51003	Age	Age	-0.258397768153786	0.255186211560155	77	13	0.314696733651396	0.813043053173845
HROV-vOTU43627	Sex	M	-0.262823176786947	0.259539227388043	77	9	0.314664539988506	0.813043053173845
HROV-vOTU28588	Age	Age	-0.186444940878162	0.184102871856577	77	16	0.314632027636084	0.813043053173845
HROV-vOTU46996	Sex	M	-1.05669538043324	1.04400576383918	77	43	0.314901011270222	0.813265315989558
HROV-vOTU23522	Age	Age	-0.204798698439374	0.202349004917372	77	18	0.314924015978935	0.813265315989558
HROV-vOTU34569	Smoking_Status	Former_Smoker	1.34949308012641	1.33333098902524	77	38	0.314916747541309	0.813265315989558
HROV-vOTU35144	Smoking_Status	Never_Smoker	0.831054070863842	0.821055724235184	77	19	0.314890240366391	0.813265315989558
HROV-vOTU09635	Age	Age	-0.235212004842601	0.232421486604914	77	16	0.314971490007228	0.81329671654518
HROV-vOTU43434	Smoking_Status	Former_Smoker	-0.920903520406616	0.913199166008465	77	75	0.316669351859517	0.813364464321171
HROV-vOTU32399	Age	Age	0.258597222990161	0.255824977290924	77	73	0.315527217251766	0.813364464321171
HROV-vOTU63277	diagnosis	RA	-0.428258640370019	0.425436921191171	77	72	0.317529807283054	0.813364464321171
HROV-vOTU67651	Smoking_Status	Never_Smoker	0.995948834076601	0.98792457533552	77	56	0.316819151060922	0.813364464321171
HROV-vOTU07535	Smoking_Status	Former_Smoker	1.26586128335645	1.25575152420412	77	72	0.316853268774491	0.813364464321171
HROV-vOTU24513	diagnosis	RA	-0.49812007724198	0.493577518108028	77	73	0.316304174638487	0.813364464321171
HROV-vOTU27815	diagnosis	RA	-0.614996910554647	0.609618735165714	77	66	0.316485682089591	0.813364464321171
HROV-vOTU07532	Smoking_Status	Never_Smoker	0.644768374471785	0.637830655141132	77	73	0.315507936700154	0.813364464321171
HROV-vOTU34489	diagnosis	RA	0.262728337579993	0.2601428578477	77	77	0.315954177925359	0.813364464321171
HROV-vOTU22887	Sex	M	-0.344109870248522	0.341904145414191	77	75	0.317616325760352	0.813364464321171
HROV-vOTU02401	Age	Age	-0.11384537725529	0.113165293236202	77	77	0.317827237103951	0.813364464321171
HROV-vOTU48092	Smoking_Status	Never_Smoker	-0.586571464203697	0.58133441156985	77	72	0.316396867473774	0.813364464321171
HROV-vOTU39627	Age	Age	0.412034291094129	0.408479338980638	77	68	0.316542510640294	0.813364464321171
HROV-vOTU41573	Smoking_Status	Former_Smoker	-1.48256952959841	1.47259001170816	77	70	0.317460915531299	0.813364464321171
HROV-vOTU50950	Smoking_Status	Never_Smoker	1.03430416719026	1.02790973329775	77	62	0.317726383568298	0.813364464321171
HROV-vOTU38803	Smoking_Status	Never_Smoker	-0.851196643390157	0.842537404535215	77	37	0.315792973811219	0.813364464321171
HROV-vOTU59876	Smoking_Status	Former_Smoker	-1.04710521837596	1.03996304916432	77	8	0.317417546994231	0.813364464321171
HROV-vOTU20282	Age	Age	0.423633534258167	0.419092086312085	77	52	0.315527263433159	0.813364464321171
HROV-vOTU38298	Sex	M	0.877567571515744	0.870559289562157	77	48	0.316853479819418	0.813364464321171
HROV-vOTU32825	Smoking_Status	Former_Smoker	-1.28873280323697	1.27708725981301	77	68	0.316344411048014	0.813364464321171
HROV-vOTU21901	Smoking_Status	Former_Smoker	2.41717952962385	2.39143367474959	77	33	0.315560790921658	0.813364464321171
HROV-vOTU67231	Sex	M	0.562876956924835	0.558928756887892	77	52	0.317323940348487	0.813364464321171
HROV-vOTU50288	Age	Age	-0.193734277224536	0.191882844473132	77	17	0.316092138321191	0.813364464321171
HROV-vOTU35084	Smoking_Status	Former_Smoker	1.63034125075159	1.61355220688196	77	67	0.315732361244337	0.813364464321171
HROV-vOTU35072	Smoking_Status	Never_Smoker	-0.85404500723622	0.844348621002703	77	18	0.31521959155692	0.813364464321171
HROV-vOTU40093	Sex	M	0.911291885656801	0.906008015010224	77	59	0.317912086070234	0.813364464321171
HROV-vOTU47801	Sex	M	0.594418465031834	0.588670216789726	77	23	0.316036918115995	0.813364464321171
HROV-vOTU15261	Smoking_Status	Never_Smoker	1.41286083669789	1.40037406796494	77	47	0.316440652044234	0.813364464321171
HROV-vOTU71347	diagnosis	RA	0.914104111209744	0.907580465713158	77	51	0.317264736796557	0.813364464321171
HROV-vOTU07406	Smoking_Status	Former_Smoker	-0.782170220775118	0.777357035092738	77	9	0.317740272117181	0.813364464321171
HROV-vOTU68572	diagnosis	RA	0.783341222553035	0.774370559212156	77	29	0.315171809002224	0.813364464321171
HROV-vOTU73110	Age	Age	-0.227582061012293	0.225995226988171	77	66	0.317344139950686	0.813364464321171
HROV-vOTU73089	Smoking_Status	Former_Smoker	1.43976428127246	1.42401597765981	77	54	0.315421424365523	0.813364464321171
HROV-vOTU50916	Age	Age	-0.314682700559705	0.312667784324177	77	40	0.317619679408184	0.813364464321171
HROV-vOTU34848	Smoking_Status	Former_Smoker	1.91611232915386	1.89691187289785	77	46	0.315866993551364	0.813364464321171
HROV-vOTU04280	Sex	M	0.851552847438172	0.845935789107668	77	34	0.31752621170256	0.813364464321171
HROV-vOTU23491	Smoking_Status	Former_Smoker	1.21719676388157	1.21018200752658	77	37	0.317929088485418	0.813364464321171
HROV-vOTU44351	Smoking_Status	Never_Smoker	-0.669755122358652	0.663657096557919	77	16	0.316311228972295	0.813364464321171
HROV-vOTU66687	diagnosis	RA	-0.519452404431082	0.51435003510378	77	23	0.315963055532546	0.813364464321171
HROV-vOTU31912	diagnosis	RA	-0.61232458649299	0.605138010155912	77	25	0.315033384162123	0.813364464321171
HROV-vOTU19646	Smoking_Status	Never_Smoker	0.534747608576315	0.528780273627956	77	12	0.315314024894633	0.813364464321171
HROV-vOTU37604	Smoking_Status	Never_Smoker	0.865590808154053	0.860164219990471	77	46	0.317684374638809	0.813364464321171
HROV-vOTU26839	Smoking_Status	Never_Smoker	1.24649644922635	1.23598137109442	77	52	0.316635612537681	0.813364464321171
HROV-vOTU66693	diagnosis	RA	-0.280803758668367	0.27897290585179	77	11	0.317563074623616	0.813364464321171
HROV-vOTU25170	Age	Age	-0.353321525130067	0.351217343156457	77	57	0.317836093691241	0.813364464321171
HROV-vOTU67613	Smoking_Status	Never_Smoker	-0.34842453566693	0.345438632312973	77	8	0.316570660623094	0.813364464321171
HROV-vOTU27263	Smoking_Status	Former_Smoker	-0.907976239842754	0.90145549720347	77	11	0.31724297268928	0.813364464321171
HROV-vOTU22903	Smoking_Status	Never_Smoker	0.683264574103321	0.678479846855441	77	28	0.317329542781948	0.813364464321171
HROV-vOTU43064	Sex	M	-0.558710330916619	0.552275314610342	77	22	0.315139810832012	0.813364464321171
HROV-vOTU18475	Sex	M	0.173249049372046	0.171917151163255	77	10	0.316997935254128	0.813364464321171
HROV-vOTU69926	Sex	M	-0.623934678142946	0.617992773413008	77	8	0.316108282400421	0.813364464321171
HROV-vOTU60366	Age	Age	0.189700927317342	0.187807213079002	77	11	0.315885387275123	0.813364464321171
HROV-vOTU75635	diagnosis	RA	-0.715380542838501	0.710623890320659	77	55	0.317500637232423	0.813364464321171
HROV-vOTU29773	diagnosis	RA	0.408381696162822	0.403983484321435	77	26	0.315503158397954	0.813364464321171
HROV-vOTU59294	diagnosis	RA	-0.244364370421718	0.242069106834119	77	11	0.316171582212374	0.813364464321171
HROV-vOTU64915	Smoking_Status	Former_Smoker	0.967170643616491	0.956962516144903	77	64	0.315607688845238	0.813364464321171
HROV-vOTU67177	diagnosis	RA	-0.719347037610083	0.711378515656776	77	54	0.315353734209914	0.813364464321171
HROV-vOTU30268	Smoking_Status	Never_Smoker	0.667132055475072	0.659864991385417	77	21	0.315443343856739	0.813364464321171
HROV-vOTU66937	Smoking_Status	Former_Smoker	0.797009793602434	0.789481647991202	77	19	0.316146020729698	0.813364464321171
HROV-vOTU70292	Sex	M	0.632201994259658	0.627875706633707	77	17	0.317406740971081	0.813364464321171
HROV-vOTU45043	Sex	M	0.725778838506507	0.719599399540583	77	12	0.316597563987806	0.813364464321171
HROV-vOTU10989	diagnosis	RA	-0.462841658562792	0.458488389322119	77	12	0.316165405113461	0.813364464321171
HROV-vOTU59862	Smoking_Status	Former_Smoker	0.436784469664284	0.433145815598839	77	11	0.316686570330898	0.813364464321171
HROV-vOTU31244	Sex	M	0.310052847165609	0.308228697966011	77	11	0.317870937855723	0.813364464321171
HROV-vOTU20279	Smoking_Status	Former_Smoker	1.22328335210991	1.21189188277007	77	28	0.316210668933489	0.813364464321171
HROV-vOTU44071	Sex	M	-0.773000581581531	0.768297888117018	77	14	0.317774088917529	0.813364464321171
HROV-vOTU73719	Smoking_Status	Former_Smoker	0.615578102396304	0.610893539060203	77	11	0.317035580977932	0.813364464321171
HROV-vOTU33481	Smoking_Status	Never_Smoker	1.11532907123974	1.108676900178	77	43	0.317831800258591	0.813364464321171
HROV-vOTU02442	Smoking_Status	Never_Smoker	1.14832543899659	1.13789769815113	77	33	0.316322884135413	0.813364464321171
HROV-vOTU01160	Smoking_Status	Never_Smoker	0.335909318351862	0.332605127510081	77	9	0.315956279372082	0.813364464321171
HROV-vOTU23074	Smoking_Status	Never_Smoker	0.626252432976286	0.619140566104941	77	12	0.315218256763789	0.813364464321171
HROV-vOTU11805	Smoking_Status	Former_Smoker	-0.927793284938102	0.921978773476597	77	9	0.317685437029972	0.813364464321171
HROV-vOTU15575	Sex	M	-0.892908503550386	0.886182575449178	77	12	0.317073065429642	0.813364464321171
HROV-vOTU04255	diagnosis	RA	-0.393741118976165	0.391349391200084	77	10	0.317778595171914	0.813364464321171
HROV-vOTU13656	diagnosis	RA	-0.317052750055539	0.313440826222118	77	15	0.315200781728238	0.813364464321171
HROV-vOTU72389	Smoking_Status	Former_Smoker	0.896584991222689	0.890627015081243	77	10	0.317502540133137	0.813364464321171
HROV-vOTU72389	Smoking_Status	Never_Smoker	0.634980643291916	0.630907095192012	77	10	0.317613768100557	0.813364464321171
HROV-vOTU02638	diagnosis	RA	0.719211081980743	0.71320909398297	77	25	0.316679451992583	0.813364464321171
HROV-vOTU44298	Age	Age	0.106993874466047	0.106253049951334	77	8	0.3173676520738	0.813364464321171
HROV-vOTU39835	diagnosis	RA	0.320426522356749	0.318532659299481	77	11	0.317857840561115	0.813364464321171
HROV-vOTU39835	Smoking_Status	Never_Smoker	0.5485160923004	0.544100354214251	77	11	0.316822330795948	0.813364464321171
HROV-vOTU27814	diagnosis	RA	0.640588906733349	0.633813840158879	77	24	0.315597160183477	0.813364464321171
HROV-vOTU37360	diagnosis	RA	-0.569647618042914	0.564727194454729	77	18	0.316537733632659	0.813364464321171
HROV-vOTU59318	Smoking_Status	Never_Smoker	-0.458117800668295	0.455575649264857	77	76	0.318032470197487	0.813474293972865
HROV-vOTU48623	diagnosis	RA	0.44536239121487	0.442900416042607	77	8	0.318042663609712	0.813474293972865
HROV-vOTU21463	Smoking_Status	Former_Smoker	-1.25006272512694	1.24340741198029	77	57	0.318141249351402	0.81348207171668
HROV-vOTU52099	Sex	M	1.00479972520991	0.999391655210551	77	55	0.31811310563619	0.81348207171668
HROV-vOTU04693	Sex	M	0.659084073742992	0.655589341142436	77	16	0.318151672598877	0.81348207171668
HROV-vOTU05208	diagnosis	RA	-0.477876962094028	0.47547022088569	77	74	0.318280203142073	0.813630045328221
HROV-vOTU66910	Age	Age	-0.312844012136382	0.311248362010363	77	51	0.318249221420474	0.813630045328221
HROV-vOTU33624	diagnosis	RA	-0.66997280982925	0.666684130098118	77	63	0.318341847616132	0.813697308612598
HROV-vOTU53230	Sex	M	0.506372327927586	0.5039731470173	77	68	0.318424273012984	0.813817668126625
HROV-vOTU11370	Sex	M	0.663736744823166	0.660816594575939	77	70	0.318587643456004	0.813869855046405
HROV-vOTU01179	Sex	M	0.792279862901287	0.788859194560198	77	63	0.318627249968811	0.813869855046405
HROV-vOTU02493	diagnosis	RA	0.527268474801261	0.525016746814386	77	23	0.318649907386076	0.813869855046405
HROV-vOTU70406	Age	Age	-0.255852163371939	0.254763149949641	77	36	0.318656729611525	0.813869855046405
HROV-vOTU50690	Sex	M	0.574495731699304	0.571990730929228	77	21	0.318606570353188	0.813869855046405
HROV-vOTU58016	Smoking_Status	Never_Smoker	0.669171456243498	0.666280031909164	77	15	0.318625608048507	0.813869855046405
HROV-vOTU50049	diagnosis	RA	-0.747355851720878	0.74430566393872	77	56	0.318741230553994	0.813910885148582
HROV-vOTU42401	Sex	M	0.283911290781377	0.282753883735126	77	10	0.318743476906429	0.813910885148582
HROV-vOTU04280	diagnosis	RA	0.643434200514226	0.640942469770001	77	34	0.318841948101662	0.814037484427699
HROV-vOTU10006	Smoking_Status	Former_Smoker	1.47707982238517	1.471440752768	77	23	0.318868400351114	0.814037484427699
HROV-vOTU12145	Smoking_Status	Former_Smoker	1.18994814367111	1.18548098333387	77	16	0.318899096157477	0.814037484427699
HROV-vOTU20731	Smoking_Status	Former_Smoker	1.24395048403338	1.23995697528943	77	24	0.319161300220712	0.814616507157598
HROV-vOTU41648	Sex	M	0.894028434297925	0.891611698851545	77	21	0.319405731677107	0.814788879100993
HROV-vOTU03762	Smoking_Status	Former_Smoker	0.962922231216669	0.960146886296809	77	22	0.319319465967159	0.814788879100993
HROV-vOTU04671	Sex	M	0.816411014051181	0.81416589565691	77	43	0.319383186284337	0.814788879100993
HROV-vOTU16249	Smoking_Status	Never_Smoker	0.424943045791476	0.423684083922504	77	9	0.319280692765442	0.814788879100993
HROV-vOTU44398	diagnosis	RA	-0.450061066578909	0.448799267187605	77	18	0.319357341315695	0.814788879100993
HROV-vOTU73181	Smoking_Status	Never_Smoker	0.908124060506329	0.905812925430827	77	44	0.31948197508693	0.814893109563849
HROV-vOTU49510	diagnosis	RA	-0.681740689847837	0.680087846165635	77	29	0.319540029955877	0.814950929112275
HROV-vOTU54041	Smoking_Status	Never_Smoker	0.762915637261887	0.76123684252396	77	27	0.319647897665879	0.815075663312352
HROV-vOTU29546	diagnosis	RA	-0.573233685593234	0.571986359366959	77	66	0.319659721712426	0.815075663312352
HROV-vOTU02550	Sex	M	0.921541028605643	0.919682817700497	77	65	0.31973654522535	0.815181294867686
HROV-vOTU12311	Smoking_Status	Former_Smoker	1.91940939259983	1.9159785141955	77	55	0.319846777761228	0.815192975593071
HROV-vOTU03824	Smoking_Status	Former_Smoker	1.2627387884676	1.26046852812569	77	24	0.319841761280158	0.815192975593071
HROV-vOTU33134	diagnosis	RA	-0.675044371543504	0.673888146207106	77	50	0.319882714738801	0.815192975593071
HROV-vOTU64423	Smoking_Status	Former_Smoker	0.983271591079945	0.981578522400966	77	25	0.319878353910124	0.815192975593071
HROV-vOTU36919	Smoking_Status	Former_Smoker	-1.58577694974764	1.58387696134929	77	35	0.320130401247281	0.815686291978738
HROV-vOTU25790	Smoking_Status	Former_Smoker	0.853841694164985	0.852848356837895	77	12	0.320147129535207	0.815686291978738
HROV-vOTU08533	Age	Age	-0.0826831621266916	0.0825985150645838	77	8	0.32021429872731	0.815767179169242
HROV-vOTU23716	Smoking_Status	Former_Smoker	1.14188046860973	1.14082806398203	77	62	0.320263415969372	0.815802065012128
HROV-vOTU64126	Smoking_Status	Never_Smoker	0.479481373925976	0.479097856968713	77	10	0.32032198994994	0.815861029478779
HROV-vOTU72472	Age	Age	-0.0940372024068121	0.0939944907182485	77	8	0.320488201195869	0.816013628915519
HROV-vOTU09662	Sex	M	-0.525667293005754	0.52540092993222	77	11	0.320462953160268	0.816013628915519
HROV-vOTU62933	Smoking_Status	Former_Smoker	0.867770198555193	0.867253035685938	77	8	0.320420038516149	0.816013628915519
HROV-vOTU32103	Sex	M	-0.801610874766949	0.801815688340122	77	59	0.320829284926207	0.816197485141395
HROV-vOTU32570	Smoking_Status	Never_Smoker	1.54768723333386	1.54810727832169	77	49	0.320836923345325	0.816197485141395
HROV-vOTU72559	Age	Age	-0.291728058351727	0.291736329402691	77	43	0.320720142457925	0.816197485141395
HROV-vOTU69341	Sex	M	0.547913970448622	0.547874675381819	77	25	0.320672052680957	0.816197485141395
HROV-vOTU31026	Sex	M	0.505791100022922	0.505965791406842	77	12	0.320872464078016	0.816197485141395
HROV-vOTU16478	Smoking_Status	Never_Smoker	1.02169306013809	1.02179082959858	77	39	0.320752501706049	0.816197485141395
HROV-vOTU10505	Sex	M	0.572120950127063	0.572266869796174	77	30	0.320829067722341	0.816197485141395
HROV-vOTU06436	diagnosis	RA	-0.437389529040543	0.437326339646749	77	35	0.320637087785101	0.816197485141395
HROV-vOTU59099	diagnosis	RA	-0.20886229197786	0.208937434556041	77	13	0.32087937605168	0.816197485141395
HROV-vOTU21097	diagnosis	RA	-0.615926372607861	0.616210518053052	77	35	0.320928160673325	0.816230798541171
HROV-vOTU49004	Age	Age	-0.361432496497425	0.361641416326167	77	54	0.320984213332677	0.816230798541171
HROV-vOTU49708	Smoking_Status	Former_Smoker	0.959049261487812	0.959632749683245	77	19	0.320998799061545	0.816230798541171
HROV-vOTU08111	diagnosis	RA	-0.547896523943623	0.548366134916579	77	69	0.321118231553337	0.816264113981606
HROV-vOTU71829	Smoking_Status	Former_Smoker	-0.751701418365534	0.752266115582202	77	12	0.321067386321196	0.816264113981606
HROV-vOTU09977	diagnosis	RA	-0.44499904532337903	0.445361870597355	77	63	0.321098172393822	0.816264113981606
HROV-vOTU62918	Age	Age	-0.149485370711011	0.149640752152935	77	19	0.321205765972994	0.816306421359309
HROV-vOTU23940	Sex	M	-0.259466216740752	0.25972560302543	77	11	0.321186683200929	0.816306421359309
HROV-vOTU54484	diagnosis	RA	-0.414281642535841	0.415100189664392	77	73	0.32165506828695	0.816475522175889
HROV-vOTU01835	Age	Age	0.176065714535572	0.176317953722146	77	68	0.321394485903031	0.816475522175889
HROV-vOTU08173	Sex	M	0.290492334862148	0.291119170355276	77	77	0.321742355661626	0.816475522175889
HROV-vOTU00289	Smoking_Status	Former_Smoker	1.24948591999351	1.25154838359732	77	8	0.321499088606403	0.816475522175889
HROV-vOTU02585	Smoking_Status	Former_Smoker	1.33547701371197	1.33887045640232	77	53	0.321926051120199	0.816475522175889
HROV-vOTU56168	Smoking_Status	Never_Smoker	-0.943480667148207	0.945860513619077	77	37	0.321917142541478	0.816475522175889
HROV-vOTU37292	diagnosis	RA	-0.62428887663518	0.625759176371585	77	66	0.321836964939568	0.816475522175889
HROV-vOTU03889	Sex	M	0.681413415471039	0.682986808215254	77	29	0.321814841126274	0.816475522175889
HROV-vOTU21543	Sex	M	-0.796294868962791	0.798326573327754	77	31	0.321931060384945	0.816475522175889
HROV-vOTU58814	Smoking_Status	Former_Smoker	1.30185136058807	1.30396124865304	77	20	0.321484711433834	0.816475522175889
HROV-vOTU01038	diagnosis	RA	0.289253656980626	0.290008403874949	77	9	0.321958785546172	0.816475522175889
HROV-vOTU55788	diagnosis	RA	0.438456746878998	0.439428567494895	77	24	0.321770463551407	0.816475522175889
HROV-vOTU67577	Smoking_Status	Former_Smoker	1.09675155081615	1.09966494863635	77	70	0.321981358766888	0.816475522175889
HROV-vOTU03278	Smoking_Status	Never_Smoker	0.525437653928092	0.526109871094916	77	13	0.321320919309424	0.816475522175889
HROV-vOTU15154	Smoking_Status	Former_Smoker	0.794235596783554	0.795717367229075	77	11	0.321602228955041	0.816475522175889
HROV-vOTU41694	diagnosis	RA	-0.663069287541966	0.664719963544651	77	29	0.321901341154917	0.816475522175889
HROV-vOTU60965	Smoking_Status	Former_Smoker	1.14521066893989	1.14759248054385	77	29	0.32170493456921	0.816475522175889
HROV-vOTU73302	Sex	M	-0.860789682482418	0.862161287009998	77	34	0.321471634078914	0.816475522175889
HROV-vOTU74611	Sex	M	-0.615029180665049	0.616565012449146	77	13	0.321905042608972	0.816475522175889
HROV-vOTU48623	Smoking_Status	Never_Smoker	-0.754967825138019	0.756538666334535	77	8	0.321705352208764	0.816475522175889
HROV-vOTU62816	Smoking_Status	Former_Smoker	-1.67543882915719	1.68040854579914	77	40	0.32212982993194	0.816762081177208
HROV-vOTU03488	Smoking_Status	Never_Smoker	-0.734022741401908	0.736267844787833	77	76	0.322174104717899	0.816784415637738
HROV-vOTU60555	Age	Age	0.235063953422585	0.235921010180801	77	71	0.322455449209244	0.817227797434675
HROV-vOTU35828	Smoking_Status	Former_Smoker	1.5892186010868	1.59494370521451	77	53	0.322434576389248	0.817227797434675
HROV-vOTU23061	Sex	M	0.733928860699164	0.73657038240582	77	47	0.322432990244086	0.817227797434675
HROV-vOTU59313	diagnosis	RA	0.278502110881272	0.279554173031048	77	76	0.322518414875638	0.817297435583841
HROV-vOTU29861	diagnosis	RA	-0.612829257435895	0.615514345704624	77	28	0.322807431928043	0.817389810108552
HROV-vOTU60533	diagnosis	RA	-0.77098339539741	0.774282808310733	77	55	0.322758639254043	0.817389810108552
HROV-vOTU60217	Smoking_Status	Never_Smoker	-0.850043848980151	0.853764786664091	77	76	0.322805463427462	0.817389810108552
HROV-vOTU04039	Age	Age	-0.326604952011333	0.327909168899431	77	24	0.322621658780326	0.817389810108552
HROV-vOTU51492	Age	Age	-0.364473462652659	0.366040241900987	77	59	0.32276785538801	0.817389810108552
HROV-vOTU75092	Smoking_Status	Former_Smoker	0.995988733309809	1.00041793510887	77	24	0.322838806458853	0.817389810108552
HROV-vOTU47642	diagnosis	RA	0.303665404145032	0.304928320548599	77	11	0.322700939267831	0.817389810108552
HROV-vOTU14008	Sex	M	0.392836480614878	0.394422446483884	77	11	0.322642699698693	0.817389810108552
HROV-vOTU53131	Sex	M	0.940108021664564	0.945537879097469	77	52	0.323474073601629	0.817651009345102
HROV-vOTU66575	Age	Age	0.31146125932484803	0.313229331396262	77	52	0.32342673273125	0.817651009345102
HROV-vOTU41480	diagnosis	RA	0.449618117038577	0.452221192566521	77	32	0.323480640663529	0.817651009345102
HROV-vOTU09478	Age	Age	0.325926582007863	0.32785883357788	77	72	0.323547027996527	0.817651009345102
HROV-vOTU31699	diagnosis	RA	-0.496180728915607	0.499093592430767	77	52	0.32351935968798	0.817651009345102
HROV-vOTU41492	Smoking_Status	Never_Smoker	1.09997221175471	1.10603050003717	77	63	0.323345960958843	0.817651009345102
HROV-vOTU20351	Smoking_Status	Never_Smoker	0.66966931681752	0.673089734430726	77	63	0.323154734836649	0.817651009345102
HROV-vOTU35376	Smoking_Status	Former_Smoker	-0.893083171981963	0.897830189314056	77	17	0.323254021841197	0.817651009345102
HROV-vOTU30479	diagnosis	RA	-0.800834130789012	0.805257251371006	77	54	0.323353353171317	0.817651009345102
HROV-vOTU75110	Smoking_Status	Never_Smoker	0.786099438931446	0.790366046558252	77	27	0.323307675911238	0.817651009345102
HROV-vOTU09307	Sex	M	-0.462021101723174	0.464605319875104	77	9	0.323386875856298	0.817651009345102
HROV-vOTU41142	Smoking_Status	Never_Smoker	0.72146723983151	0.72579581515357	77	18	0.323581037740828	0.817651009345102
HROV-vOTU66226	Smoking_Status	Never_Smoker	0.980798214980399	0.986476852237211	77	32	0.323480777563886	0.817651009345102
HROV-vOTU34003	Age	Age	0.368015396443013	0.370099605867349	77	29	0.323420366048626	0.817651009345102
HROV-vOTU49358	Sex	M	0.681667426542439	0.685550549982775	77	31	0.323436197143795	0.817651009345102
HROV-vOTU16733	diagnosis	RA	-0.557651131783916	0.560425492397057	77	60	0.323091363879962	0.817651009345102
HROV-vOTU05761	diagnosis	RA	-0.795712583106094	0.800333191308238	77	29	0.323488932535465	0.817651009345102
HROV-vOTU58622	Age	Age	-0.202345014964711	0.203402708287936	77	31	0.323211890902042	0.817651009345102
HROV-vOTU14210	Smoking_Status	Former_Smoker	-1.28773812525354	1.29576340734523	77	12	0.323692031759162	0.817841743435381
HROV-vOTU18901	Sex	M	0.61682259364651	0.620799237847379	77	60	0.323794650893457	0.817921554247704
HROV-vOTU06429	Smoking_Status	Former_Smoker	-0.725943851808887	0.730616908734196	77	23	0.323789987707709	0.817921554247704
HROV-vOTU64354	Smoking_Status	Former_Smoker	-1.11179362751558	1.11917775490687	77	14	0.323887579909134	0.817976857693535
HROV-vOTU16041	Sex	M	0.665451218780317	0.669858351685278	77	60	0.323878576239291	0.817976857693535
HROV-vOTU70703	Age	Age	-0.195359205405701	0.196703083076703	77	22	0.324000879631213	0.818173273893293
HROV-vOTU09198	Smoking_Status	Never_Smoker	1.12655694137631	1.13448134523133	77	60	0.324074928881198	0.818270541841245
HROV-vOTU68141	Sex	M	-0.507516886270368	0.511181606111343	77	13	0.324164010245071	0.818402381068235
HROV-vOTU25865	diagnosis	RA	-0.841700572771543	0.84783874444092	77	32	0.324198216347612	0.818402381068235
HROV-vOTU39035	Age	Age	0.418679052933064	0.42236404975394	77	52	0.324917489634747	0.818692531069939
HROV-vOTU70497	Smoking_Status	Former_Smoker	-1.20631321206267	1.21632468987058	77	73	0.3246781959887	0.818692531069939
HROV-vOTU30321	Smoking_Status	Former_Smoker	-1.10438300026905	1.11403476061628	77	72	0.324887966591149	0.818692531069939
HROV-vOTU48056	Sex	M	0.500346695656609	0.504770980236387	77	73	0.324936996771945	0.818692531069939
HROV-vOTU02525	diagnosis	RA	-0.288616269133109	0.291019918415519	77	73	0.324691991324908	0.818692531069939
HROV-vOTU48856	Sex	M	1.14222498465928	1.15245175803738	77	45	0.32498983571235	0.818692531069939
HROV-vOTU12599	Smoking_Status	Never_Smoker	1.02068760492334	1.0299759140183	77	64	0.325059683200327	0.818692531069939
HROV-vOTU36525	diagnosis	RA	-0.269033558755697	0.271383933437013	77	75	0.324886469797156	0.818692531069939
HROV-vOTU54041	diagnosis	RA	-0.441783135595219	0.445650869233612	77	27	0.324895264028239	0.818692531069939
HROV-vOTU54368	diagnosis	RA	0.309472076536518	0.311964505987691	77	14	0.32456122015354	0.818692531069939
HROV-vOTU39613	Sex	M	0.791920073657179	0.798067982533534	77	30	0.32442271568042	0.818692531069939
HROV-vOTU19606	Sex	M	0.754722023330726	0.761430689575993	77	46	0.324959137533813	0.818692531069939
HROV-vOTU13136	diagnosis	RA	-0.518718603155748	0.523427418242676	77	38	0.325049079706467	0.818692531069939
HROV-vOTU59729	diagnosis	RA	0.423967442370852	0.427257302352762	77	19	0.324421001457678	0.818692531069939
HROV-vOTU07631	Age	Age	-0.320405970271698	0.323074671441512	77	34	0.324692439637316	0.818692531069939
HROV-vOTU02568	Age	Age	0.253709407511886	0.255916336454957	77	54	0.324868504159377	0.818692531069939
HROV-vOTU60923	diagnosis	RA	0.203085831862308	0.204909296887471	77	9	0.325001937488512	0.818692531069939
HROV-vOTU25644	Smoking_Status	Never_Smoker	0.537626567486327	0.542363345290171	77	18	0.32492180111905	0.818692531069939
HROV-vOTU08391	Smoking_Status	Never_Smoker	0.576958053540246	0.582186497036129	77	8	0.325041604701537	0.818692531069939
HROV-vOTU54618	Smoking_Status	Never_Smoker	0.892310709126606	0.899959055131845	77	15	0.32480787919171	0.818692531069939
HROV-vOTU22702	Sex	M	0.295397352110388	0.297977348409589	77	9	0.324885337695818	0.818692531069939
HROV-vOTU52240	Age	Age	0.484755408133142	0.489354533440016	77	58	0.325244151456862	0.818790594975459
HROV-vOTU37292	Smoking_Status	Former_Smoker	1.49457928180327	1.50890786078688	77	66	0.325291517491162	0.818790594975459
HROV-vOTU06176	diagnosis	RA	-0.88566406121488	0.894259116171765	77	53	0.32534749173341	0.818790594975459
HROV-vOTU31636	Smoking_Status	Former_Smoker	-0.822671824417709	0.830565690935157	77	15	0.325295501084546	0.818790594975459
HROV-vOTU56171	Sex	M	0.858956104561989	0.866915699480868	77	22	0.325138979872624	0.818790594975459
HROV-vOTU25614	Age	Age	-0.205339875033483	0.207288953649886	77	11	0.325246267876849	0.818790594975459
HROV-vOTU75446	Sex	M	-0.356015372440607	0.359453641219357	77	8	0.325325122768234	0.818790594975459
HROV-vOTU29751	Age	Age	-0.358703077357954	0.362392503477452	77	55	0.32562381553737	0.819362163285519
HROV-vOTU71045	diagnosis	RA	0.565985531669063	0.571833069440552	77	16	0.325645761205052	0.819362163285519
HROV-vOTU47976	Smoking_Status	Former_Smoker	0.724371435947039	0.731913843276144	77	74	0.325684161097622	0.819369262625981
HROV-vOTU28659	Sex	M	0.480282624334398	0.485359998805585	77	73	0.325759906078223	0.819470304421789
HROV-vOTU52589	diagnosis	RA	-0.36550006350383	0.36939680552721	77	9	0.32580258282204	0.819488147923939
HROV-vOTU70773	Smoking_Status	Former_Smoker	-0.591115181137165	0.597746439882769	77	77	0.32606723756324	0.819535274137512
HROV-vOTU22888	diagnosis	RA	-0.366762682886172	0.370759707493041	77	68	0.32591511514217	0.819535274137512
HROV-vOTU50460	diagnosis	RA	-0.490743155992765	0.49612430675169	77	35	0.325947049461542	0.819535274137512
HROV-vOTU38578	Age	Age	0.174196700251881	0.176134165931963	77	12	0.326021652505812	0.819535274137512
HROV-vOTU20224	diagnosis	RA	0.151442466910291	0.153104684542549	77	8	0.325952083599824	0.819535274137512
HROV-vOTU64808	diagnosis	RA	-0.771206382278867	0.779863104599099	77	38	0.326070417582372	0.819535274137512
HROV-vOTU47859	diagnosis	RA	-0.48448152941516	0.489896111231014	77	16	0.326047192757495	0.819535274137512
HROV-vOTU51501	Sex	M	0.432979888381459	0.438188711457804	77	71	0.326452891621331	0.819570821765589
HROV-vOTU00314	diagnosis	RA	-0.488697462605762	0.494413631928296	77	73	0.326294561437306	0.819570821765589
HROV-vOTU29058	diagnosis	RA	0.696614477967393	0.70539442753126	77	62	0.326725128729044	0.819570821765589
HROV-vOTU01537	Smoking_Status	Former_Smoker	-1.17991487111876	1.19475427699997	77	22	0.32671228501379	0.819570821765589
HROV-vOTU25189	Smoking_Status	Never_Smoker	0.886499292204764	0.896809355028402	77	56	0.326262901882585	0.819570821765589
HROV-vOTU15544	Smoking_Status	Never_Smoker	0.954761813662258	0.966665311559899	77	61	0.326660479762505	0.819570821765589
HROV-vOTU01674	Age	Age	-0.294914602727076	0.298294412721707	77	63	0.326182252670217	0.819570821765589
HROV-vOTU06722	Smoking_Status	Never_Smoker	0.584011770803437	0.590971109707002	77	22	0.326398888978876	0.819570821765589
HROV-vOTU09645	Smoking_Status	Former_Smoker	1.45816459085251	1.47572880941873	77	37	0.326460134768467	0.819570821765589
HROV-vOTU59666	Smoking_Status	Never_Smoker	0.84323596079534	0.853247058163269	77	25	0.326377901638335	0.819570821765589
HROV-vOTU61707	diagnosis	RA	0.49458148325982	0.50080743230007	77	17	0.326717809767998	0.819570821765589
HROV-vOTU33631	Smoking_Status	Former_Smoker	1.19189954343296	1.20621824224772	77	32	0.326444901284359	0.819570821765589
HROV-vOTU47902	Sex	M	0.621539260846173	0.628877620531819	77	33	0.326346804756017	0.819570821765589
HROV-vOTU73396	diagnosis	RA	-0.463197928710565	0.468997429222576	77	24	0.326685660130965	0.819570821765589
HROV-vOTU07267	Smoking_Status	Former_Smoker	-1.89467450266267	1.9178886736784	77	33	0.326558352560395	0.819570821765589
HROV-vOTU17130	Age	Age	-0.313621866180665	0.317482255300736	77	37	0.326585279366197	0.819570821765589
HROV-vOTU75876	Smoking_Status	Never_Smoker	0.976063629777162	0.988359201161037	77	14	0.326721976929276	0.819570821765589
HROV-vOTU65452	Smoking_Status	Never_Smoker	0.839510709469659	0.84940172655077	77	15	0.326334995016756	0.819570821765589
HROV-vOTU52191	Smoking_Status	Never_Smoker	-1.49178248050612	1.51095966509349	77	60	0.326844437012394	0.819691105999148
HROV-vOTU58942	Smoking_Status	Never_Smoker	-0.432542682689329	0.438101035961923	77	8	0.326842160292429	0.819691105999148
HROV-vOTU12384	diagnosis	RA	-0.383374844941044	0.388331837581179	77	54	0.326879857468353	0.819691105999148
HROV-vOTU04446	Age	Age	0.27727700793439	0.280984216594204	77	18	0.327088602041685	0.820051574791234
HROV-vOTU19549	diagnosis	RA	-0.546079971057002	0.553388254580626	77	36	0.327094822667489	0.820051574791234
HROV-vOTU07160	Sex	M	0.813810146812171	0.824874011336405	77	42	0.32719531100328	0.820214217089967
HROV-vOTU74196	diagnosis	RA	-0.715439935141614	0.725224820720403	77	57	0.327233988480732	0.820221893198876
HROV-vOTU57710	diagnosis	RA	-0.722852170000902	0.732864150596666	77	55	0.327316417429969	0.820249955757582
HROV-vOTU23270	diagnosis	RA	-0.510045884920094	0.517106984659079	77	26	0.327313283384041	0.820249955757582
HROV-vOTU54766	Age	Age	0.244523326189324	0.248014265024581	77	23	0.32751818216875	0.820338062735432
HROV-vOTU02503	Smoking_Status	Former_Smoker	-0.959185209568061	0.972727943115847	77	9	0.327443564818252	0.820338062735432
HROV-vOTU26102	Smoking_Status	Former_Smoker	-0.777114381033995	0.788192567808567	77	11	0.327508251344764	0.820338062735432
HROV-vOTU11253	Smoking_Status	Never_Smoker	0.406297827961495	0.411991910726766	77	8	0.327394079726072	0.820338062735432
HROV-vOTU08478	Sex	M	-0.668718357228573	0.678281548197587	77	17	0.327529678109088	0.820338062735432
HROV-vOTU26158	Sex	M	0.520576675259093	0.528340299127335	77	30	0.327819829575961	0.820351045869214
HROV-vOTU09591	Smoking_Status	Former_Smoker	1.05142628552673	1.06703535218909	77	26	0.327787687628956	0.820351045869214
HROV-vOTU61440	diagnosis	RA	0.364593444698632	0.369871770169503	77	18	0.327613283498157	0.820351045869214
HROV-vOTU65654	Smoking_Status	Never_Smoker	0.546849347510455	0.554998520111418	77	12	0.327814402710297	0.820351045869214
HROV-vOTU11960	Sex	M	0.400341029016282	0.406227221039539	77	10	0.327720140766459	0.820351045869214
HROV-vOTU18349	Age	Age	-0.224676234994404	0.227938541402409	77	22	0.327633525698607	0.820351045869214
HROV-vOTU11697	Smoking_Status	Never_Smoker	0.535468753510111	0.543437904425161	77	10	0.327805183824529	0.820351045869214
HROV-vOTU06556	Smoking_Status	Never_Smoker	1.01816480478768	1.03323347673587	77	20	0.327766015631397	0.820351045869214
HROV-vOTU66220	Sex	M	0.853110762081003	0.86604895569526	77	55	0.327939295392497	0.82047169721773
HROV-vOTU05414	Sex	M	0.380809136478238	0.386565650061471	77	13	0.327915929933318	0.82047169721773
HROV-vOTU50652	diagnosis	RA	-0.450340900719396	0.45756734542936	77	73	0.328355921742593	0.820533515378897
HROV-vOTU33520	diagnosis	RA	-0.34760253404915	0.353042109089613	77	73	0.328167797671762	0.820533515378897
HROV-vOTU00255	Smoking_Status	Never_Smoker	1.06936037482948	1.08647214309525	77	34	0.328334767322061	0.820533515378897
HROV-vOTU40093	Smoking_Status	Never_Smoker	1.15434653182423	1.17256987237162	77	59	0.328233015435576	0.820533515378897
HROV-vOTU41729	Age	Age	0.376287326030004	0.382259701602528	77	56	0.328273279257265	0.820533515378897
HROV-vOTU05854	diagnosis	RA	-0.59691003534315	0.606455935055377	77	37	0.328330189603223	0.820533515378897
HROV-vOTU75194	Smoking_Status	Never_Smoker	0.960438753672454	0.975257459567434	77	46	0.328063842837324	0.820533515378897
HROV-vOTU32342	Smoking_Status	Former_Smoker	1.28877149088709	1.30854198380113	77	35	0.328021954772413	0.820533515378897
HROV-vOTU24435	Smoking_Status	Never_Smoker	0.739849959920237	0.751447456178214	77	17	0.328180396659663	0.820533515378897
HROV-vOTU54503	Smoking_Status	Former_Smoker	-0.852583501204251	0.865880189864675	77	9	0.328142690608501	0.820533515378897
HROV-vOTU17386	Smoking_Status	Former_Smoker	0.599050100474108	0.608581616157955	77	13	0.32829181797586	0.820533515378897
HROV-vOTU31978	Sex	M	-0.667980857182902	0.679383391466166	77	61	0.328839648853845	0.820557052805089
HROV-vOTU55083	diagnosis	RA	0.622848915234647	0.633540087042244	77	67	0.328884426432442	0.820557052805089
HROV-vOTU09249	Age	Age	-0.292986035630269	0.298046665767284	77	21	0.328935266122176	0.820557052805089
HROV-vOTU47170	Smoking_Status	Never_Smoker	1.09465472480793	1.11377951606863	77	39	0.329028987453054	0.820557052805089
HROV-vOTU06769	Sex	M	0.633840731067148	0.644361728836416	77	49	0.32861695169328897	0.820557052805089
HROV-vOTU43948	Sex	M	-0.522726668997841	0.531853806640703	77	30	0.3290240578216	0.820557052805089
HROV-vOTU18787	diagnosis	RA	-0.432081979413354	0.439188875133208	77	53	0.328545691589591	0.820557052805089
HROV-vOTU13413	Age	Age	-0.155579083449146	0.158238004474656	77	19	0.328849250573157	0.820557052805089
HROV-vOTU50704	Age	Age	0.397079929098877	0.40394000975456	77	28	0.328937024540321	0.820557052805089
HROV-vOTU63227	Age	Age	0.206793820736612	0.210241959387838	77	16	0.328652620472711	0.820557052805089
HROV-vOTU14922	Smoking_Status	Former_Smoker	1.10118877057607	1.12032625821086	77	16	0.32898548160581	0.820557052805089
HROV-vOTU67948	Smoking_Status	Former_Smoker	-1.07763203094185	1.09646474506609	77	19	0.329031321717422	0.820557052805089
HROV-vOTU30174	diagnosis	RA	-0.403523725169379	0.410147499138885	77	32	0.328530001722212	0.820557052805089
HROV-vOTU07204	Age	Age	-0.273882135530505	0.278347504840352	77	25	0.328477603329257	0.820557052805089
HROV-vOTU46374	Age	Age	0.221362305516464	0.224953663625959	77	21	0.328439741481416	0.820557052805089
HROV-vOTU37691	Smoking_Status	Never_Smoker	0.327881628675312	0.333619323266646	77	10	0.329042309277247	0.820557052805089
HROV-vOTU14589	Age	Age	-0.258584705476961	0.262993592639009	77	23	0.32883016294171	0.820557052805089
HROV-vOTU00181	Sex	M	0.480092824375804	0.488446513693304	77	18	0.328995501694611	0.820557052805089
HROV-vOTU14606	Sex	M	0.457069046548581	0.464904770822265	77	9	0.328874254038265	0.820557052805089
HROV-vOTU04572	diagnosis	RA	-0.468181520528711	0.476464705259903	77	73	0.329133408249863	0.820628505813271
HROV-vOTU71167	Sex	M	-0.833454364937534	0.848215620228535	77	53	0.329142227885244	0.820628505813271
HROV-vOTU26021	Smoking_Status	Former_Smoker	-1.45437163309143	1.48156122884693	77	63	0.329606560833132	0.820703700188275
HROV-vOTU31978	Smoking_Status	Never_Smoker	-0.863419652927238	0.879268707809269	77	61	0.329446698132919	0.820703700188275
HROV-vOTU66501	Smoking_Status	Former_Smoker	-1.15261684486437	1.17434391362786	77	73	0.329679709841637	0.820703700188275
HROV-vOTU37579	Sex	M	-0.473067313470335	0.481590798055879	77	36	0.329286913630572	0.820703700188275
HROV-vOTU24576	Smoking_Status	Never_Smoker	0.789346948099341	0.803788131747049	77	41	0.329417902099472	0.820703700188275
HROV-vOTU34282	diagnosis	RA	-0.79173205177325	0.806028441526903	77	50	0.329305609207666	0.820703700188275
HROV-vOTU72910	diagnosis	RA	-0.709001905124827	0.721737030283786	77	49	0.329260750005004	0.820703700188275
HROV-vOTU60571	Age	Age	-0.31706157263734	0.32294998528528	77	40	0.329548433366282	0.820703700188275
HROV-vOTU09691	Sex	M	0.930086513497234	0.947795686228142	77	61	0.329769352918079	0.820703700188275
HROV-vOTU29546	Age	Age	-0.287204985693504	0.292640996335431	77	66	0.329716049818215	0.820703700188275
HROV-vOTU60030	diagnosis	RA	-0.363084266062541	0.369760126382221	77	11	0.329461033242403	0.820703700188275
HROV-vOTU25355	Smoking_Status	Former_Smoker	1.17961083328809	1.20131377275082	77	37	0.329466626843428	0.820703700188275
HROV-vOTU05763	Smoking_Status	Never_Smoker	1.3450763393535	1.36995235404243	77	47	0.329511786586138	0.820703700188275
HROV-vOTU75708	Smoking_Status	Former_Smoker	1.18334645980277	1.20480095929905	77	18	0.329340175966617	0.820703700188275
HROV-vOTU23687	Smoking_Status	Former_Smoker	1.34037598303548	1.36592237805104	77	34	0.329778204148602	0.820703700188275
HROV-vOTU51131	Smoking_Status	Former_Smoker	1.40254801694105	1.42899497375358	77	27	0.329682612083936	0.820703700188275
HROV-vOTU10461	Sex	M	-0.575581004064294	0.58652996462123	77	9	0.329760914335871	0.820703700188275
HROV-vOTU59691	Age	Age	-0.411449294639207	0.41936914257349	77	60	0.329867542551613	0.820837331708659
HROV-vOTU64916	diagnosis	RA	-0.67500646133595	0.688089819624338	77	51	0.329930649930338	0.820905668528055
HROV-vOTU51082	Age	Age	-0.2385874810789	0.243263951951656	77	17	0.330033411532584	0.821072644225496
HROV-vOTU50600	Sex	M	0.737835404273874	0.752664260722614	77	73	0.330267570784194	0.821123763053402
HROV-vOTU44410	Smoking_Status	Never_Smoker	0.905963780650403	0.924184311758331	77	22	0.330274154767088	0.821123763053402
HROV-vOTU52590	Age	Age	-0.290034872387693	0.29587391771519	77	48	0.330283785773348	0.821123763053402
HROV-vOTU19606	Smoking_Status	Former_Smoker	-1.36368942046958	1.39112937614017	77	46	0.33027890409538	0.821123763053402
HROV-vOTU15898	Smoking_Status	Former_Smoker	1.69748881658092	1.73186278747379	77	56	0.330339195166729	0.821123763053402
HROV-vOTU51722	Age	Age	0.258411781924092	0.263626606198086	77	16	0.330306420869711	0.821123763053402
HROV-vOTU15604	diagnosis	RA	-0.979217697150907	0.998541619256827	77	43	0.33009625108329	0.821123763053402
HROV-vOTU11782	Smoking_Status	Former_Smoker	0.822280552075301	0.838636331362921	77	14	0.330170068829046	0.821123763053402
HROV-vOTU59503	Smoking_Status	Former_Smoker	-1.36602648350937	1.3955814893674101	77	76	0.330991237744121	0.821199115948771
HROV-vOTU02021	diagnosis	RA	-0.475321018723027	0.485632097122882	77	73	0.331018094771196	0.821199115948771
HROV-vOTU66084	Smoking_Status	Never_Smoker	-1.05755897031274	1.08025714014376	77	58	0.330909912745906	0.821199115948771
HROV-vOTU70497	Age	Age	-0.252691958010127	0.258073566231412	77	73	0.330831993151915	0.821199115948771
HROV-vOTU48102	Age	Age	0.273104941041188	0.278987657795882	77	32	0.330946280176839	0.821199115948771
HROV-vOTU10171	Sex	M	0.371411324078472	0.379575669216745	77	75	0.331153981320722	0.821199115948771
HROV-vOTU00162	diagnosis	RA	-0.583792922740005	0.596206079020769	77	69	0.330815924034079	0.821199115948771
HROV-vOTU47932	Sex	M	-1.04582755778073	1.06880627860319	77	51	0.331149213904011	0.821199115948771
HROV-vOTU21463	Sex	M	0.666461639393856	0.680575494534489	77	57	0.330775637889075	0.821199115948771
HROV-vOTU43750	Sex	M	0.741835603753375	0.757473801814308	77	39	0.330730061566478	0.821199115948771
HROV-vOTU53580	Smoking_Status	Never_Smoker	0.875834317982738	0.894998084532478	77	37	0.331106336866479	0.821199115948771
HROV-vOTU68572	Age	Age	0.388116102758963	0.396185273074469	77	29	0.330593710096923	0.821199115948771
HROV-vOTU26417	diagnosis	RA	0.621127239800738	0.634109430030172	77	23	0.330645661280082	0.821199115948771
HROV-vOTU21384	diagnosis	RA	0.48242928868793	0.493001548796697	77	19	0.331122340521375	0.821199115948771
HROV-vOTU04957	Smoking_Status	Former_Smoker	2.03501053535141	2.07835475498286	77	56	0.330833005001793	0.821199115948771
HROV-vOTU16021	Smoking_Status	Former_Smoker	1.20588215395352	1.23172775565353	77	30	0.33089587463636	0.821199115948771
HROV-vOTU13358	Sex	M	-0.747110786423305	0.763048571022014	77	43	0.330848665719433	0.821199115948771
HROV-vOTU05258	Sex	M	-0.686541809775809	0.701349378918978	77	18	0.330959544617721	0.821199115948771
HROV-vOTU06399	Age	Age	0.21094796495667	0.215430726788326	77	9	0.330810097956379	0.821199115948771
HROV-vOTU13448	Sex	M	0.474845902667307	0.484999396522294	77	20	0.330872253557524	0.821199115948771
HROV-vOTU03584	Age	Age	-0.10930888966101	0.111688957647445	77	10	0.331056132032802	0.821199115948771
HROV-vOTU24359	Age	Age	-0.237043545036107	0.242126682330231	77	13	0.330901026430944	0.821199115948771
HROV-vOTU14235	Sex	M	0.66176299044563	0.676471310531523	77	11	0.331268653655803	0.82139503592734
HROV-vOTU06705	Sex	M	0.617207422575827	0.632034230079826	77	50	0.332112000284102	0.821691741453582
HROV-vOTU59792	diagnosis	RA	-0.941891985751689	0.963164949017812	77	53	0.331437494213054	0.821691741453582
HROV-vOTU73002	Sex	M	-0.828436166966138	0.848292647926627	77	56	0.332086777793768	0.821691741453582
HROV-vOTU21061	diagnosis	RA	-0.459776205054739	0.470684447281756	77	73	0.331972541398122	0.821691741453582
HROV-vOTU71167	diagnosis	RA	0.628254488291267	0.642669835615118	77	53	0.331606429463156	0.821691741453582
HROV-vOTU49413	Smoking_Status	Former_Smoker	1.20048052939309	1.22854930691832	77	25	0.331811201007137	0.821691741453582
HROV-vOTU64807	Age	Age	-0.272332092107554	0.278822636495246	77	43	0.332023248086219	0.821691741453582
HROV-vOTU37824	Smoking_Status	Never_Smoker	-0.783142891746691	0.80151347086225	77	25	0.331846972421758	0.821691741453582
HROV-vOTU11143	Age	Age	0.286250797151953	0.292908589143952	77	36	0.331753616233601	0.821691741453582
HROV-vOTU01273	Sex	M	-0.860699123650946	0.881499494961871	77	37	0.332179734396271	0.821691741453582
HROV-vOTU50212	Sex	M	0.780859332608375	0.799234378732385	77	52	0.33188184911222	0.821691741453582
HROV-vOTU06240	Smoking_Status	Never_Smoker	0.920077023523679	0.941768189285818	77	23	0.331902286783231	0.821691741453582
HROV-vOTU30890	Age	Age	-0.270749568620953	0.277110098747651	77	30	0.331863300787334	0.821691741453582
HROV-vOTU65851	Age	Age	0.273769164020613	0.280328219929561	77	20	0.33208195273802	0.821691741453582
HROV-vOTU60366	Smoking_Status	Never_Smoker	0.612924370735482	0.627029270317248	77	11	0.331638069110007	0.821691741453582
HROV-vOTU39986	diagnosis	RA	0.382147607636262	0.3911810069137	77	12	0.331931907694342	0.821691741453582
HROV-vOTU31921	Age	Age	-0.275898378628435	0.282583149309908	77	38	0.332208936373179	0.821691741453582
HROV-vOTU51360	Age	Age	-0.198428690426561	0.20309808820547	77	21	0.331881868780856	0.821691741453582
HROV-vOTU61630	Smoking_Status	Never_Smoker	0.670649950821934	0.686898308329886	77	18	0.332208313855392	0.821691741453582
HROV-vOTU71494	Sex	M	-0.505037820318865	0.516605109413251	77	8	0.331587051682942	0.821691741453582
HROV-vOTU44999	Sex	M	-0.379626659466186	0.388678523958956	77	8	0.332028373286125	0.821691741453582
HROV-vOTU49234	Smoking_Status	Never_Smoker	-0.809970895353666	0.828834304593145	77	27	0.331767885049439	0.821691741453582
HROV-vOTU60377	Smoking_Status	Never_Smoker	0.590316064769544	0.604135739316386	77	8	0.331824976091636	0.821691741453582
HROV-vOTU23301	diagnosis	RA	-0.50583109893795	0.518134512144988	77	73	0.332253041386319	0.821712579803149
HROV-vOTU42137	diagnosis	RA	-0.666441776917136	0.682949721981524	77	54	0.332462633492925	0.82173014886917
HROV-vOTU42657	Smoking_Status	Former_Smoker	-2.02705506511743	2.07717327998063	77	50	0.33244124805417	0.82173014886917
HROV-vOTU08876	Smoking_Status	Former_Smoker	-0.769766791822977	0.788680743767594	77	11	0.332369238819555	0.82173014886917
HROV-vOTU10529	diagnosis	RA	0.503871172364778	0.516294812146992	77	34	0.332409253122259	0.82173014886917
HROV-vOTU63816	Smoking_Status	Never_Smoker	1.61761976288921	1.65740448742127	77	31	0.33238029798183	0.82173014886917
HROV-vOTU09462	Sex	M	0.475295399209451	0.487080357389568	77	8	0.332474230445633	0.82173014886917
HROV-vOTU28979	Age	Age	-0.305198679476707	0.312804619185287	77	30	0.332533396406789	0.821788187493116
HROV-vOTU69656	Sex	M	0.844476400225895	0.86572151851631	77	47	0.332644189937723	0.821818206547965
HROV-vOTU37432	Sex	M	0.51102109800877	0.523886405440602	77	18	0.332652597544078	0.821818206547965
HROV-vOTU08300	Smoking_Status	Never_Smoker	-0.611301205742053	0.626667271390085	77	53	0.33263431019107	0.821818206547965
HROV-vOTU05302	Sex	M	0.606875049005277	0.622312468575685	77	57	0.332775260146655	0.822033062445293
HROV-vOTU32378	Smoking_Status	Never_Smoker	1.07046429589378	1.09804287234928	77	27	0.332927743468274	0.822033153337751
HROV-vOTU70488	Smoking_Status	Never_Smoker	-0.735093316061384	0.754651903075899	77	52	0.333322609607167	0.822033153337751
HROV-vOTU65577	Age	Age	-0.350733885652107	0.359823703179672	77	53	0.33299954579704	0.822033153337751
HROV-vOTU04981	Age	Age	-0.245154561018739	0.251613425761864	77	74	0.333200570489751	0.822033153337751
HROV-vOTU60083	diagnosis	RA	-0.457853568873222	0.469827199726438	77	68	0.333109584384197	0.822033153337751
HROV-vOTU01761	diagnosis	RA	-0.678954579305465	0.697065035538171	77	63	0.333353991181481	0.822033153337751
HROV-vOTU40468	Age	Age	0.292871907774144	0.300678798868271	77	64	0.333345712284562	0.822033153337751
HROV-vOTU21814	diagnosis	RA	0.493215622172455	0.506167515472656	77	59	0.3331603335584	0.822033153337751
HROV-vOTU17535	Smoking_Status	Former_Smoker	-0.843109387205626	0.864661012650901	77	24	0.332833573219974	0.822033153337751
HROV-vOTU14865	diagnosis	RA	-0.52512015825199	0.5389893251311	77	26	0.333231134965787	0.822033153337751
HROV-vOTU35221	Sex	M	-0.795749216830394	0.817035501368806	77	39	0.333389519952585	0.822033153337751
HROV-vOTU69449	Smoking_Status	Former_Smoker	0.480341961438043	0.493209313132209	77	12	0.3334072495021	0.822033153337751
HROV-vOTU46374	Smoking_Status	Never_Smoker	0.731573089578326	0.751049596264665	77	21	0.333330015453646	0.822033153337751
HROV-vOTU35144	Sex	M	0.617878307862037	0.634404042313092	77	19	0.333387623851964	0.822033153337751
HROV-vOTU02503	Age	Age	0.201037565362516	0.206388451491159	77	9	0.333327009203564	0.822033153337751
HROV-vOTU52324	Smoking_Status	Never_Smoker	0.547923047704298	0.562613102379719	77	10	0.333417789202255	0.822033153337751
HROV-vOTU34727	Smoking_Status	Former_Smoker	-0.88491821281496	0.908136104143894	77	11	0.333149676602144	0.822033153337751
HROV-vOTU40204	Age	Age	0.307690188149288	0.315831553445975	77	13	0.333253687889134	0.822033153337751
HROV-vOTU24693	Age	Age	0.18014525086047	0.185033370908415	77	12	0.333569244877786	0.822318530243569
HROV-vOTU51043	Age	Age	0.162712056644999	0.167156687249271	77	77	0.333654141136586	0.822423263108731
HROV-vOTU69623	Smoking_Status	Never_Smoker	1.20632385059588	1.23944317871721	77	65	0.333719032260282	0.822423263108731
HROV-vOTU73925	Sex	M	0.737191411374876	0.757486882505654	77	41	0.333754573035788	0.822423263108731
HROV-vOTU15925	Smoking_Status	Never_Smoker	0.531941646059168	0.546524632590122	77	9	0.333700280083122	0.822423263108731
HROV-vOTU37364	Age	Age	-0.268409755763663	0.275826517323492	77	47	0.333801974617178	0.822452067554681
HROV-vOTU73241	Age	Age	0.329592472697826	0.338777387318088	77	35	0.333911894241684	0.82263488707595
HROV-vOTU63677	Sex	M	-0.557296914181321	0.572916842639556	77	19	0.333986884835876	0.822728370422773
HROV-vOTU69471	diagnosis	RA	0.519239878489545	0.533831388050272	77	19	0.334021288035299	0.822728370422773
HROV-vOTU15717	Smoking_Status	Former_Smoker	-0.959991859684218	0.987060266374987	77	11	0.334065574679049	0.822749458331567
HROV-vOTU22759	Age	Age	0.208322923974235	0.214214521590688	77	13	0.334105076547574	0.822758758863411
HROV-vOTU52324	diagnosis	RA	-0.320255068598921	0.329370577081402	77	10	0.334190150691498	0.822792299596451
HROV-vOTU01630	Age	Age	-0.111853572548645	0.115034474675912	77	9	0.334178391837277	0.822792299596451
HROV-vOTU50559	Age	Age	0.146325308307043	0.150511951115464	77	11	0.334259530193269	0.822875144879848
HROV-vOTU50950	Sex	M	0.771846225925947	0.794233656362982	77	62	0.334443028482201	0.822881879546327
HROV-vOTU10654	Sex	M	0.806125633580241	0.829688895543406	77	64	0.334548112817727	0.822881879546327
HROV-vOTU37690	Smoking_Status	Former_Smoker	-0.586528482620854	0.603450317678957	77	16	0.334371063842327	0.822881879546327
HROV-vOTU49079	Age	Age	0.35439910032282	0.364726894366504	77	50	0.334506797282998	0.822881879546327
HROV-vOTU61538	Age	Age	-0.365683788381103	0.376358934909637	77	36	0.334530397394116	0.822881879546327
HROV-vOTU06820	Age	Age	0.23985564798662	0.246812607888473	77	19	0.334442906511388	0.822881879546327
HROV-vOTU29940	Age	Age	-0.245806481829665	0.252921073208836	77	8	0.334414484450505	0.822881879546327
HROV-vOTU44958	Sex	M	0.528969499623866	0.544283151011841	77	14	0.334417330333314	0.822881879546327
HROV-vOTU48328	Sex	M	-0.898383907645387	0.924776895384396	77	57	0.334617170513394	0.822909424830404
HROV-vOTU40575	Sex	M	0.958904149106071	0.98710308697951	77	57	0.334630775663775	0.822909424830404
HROV-vOTU07805	Smoking_Status	Former_Smoker	1.82063506706528	1.8757550663184	77	46	0.335035324655199	0.823164192194961
HROV-vOTU03430	Smoking_Status	Never_Smoker	-1.07561974151642	1.10777330518564	77	40	0.334857223374046	0.823164192194961
HROV-vOTU31267	diagnosis	RA	-0.454064596894454	0.46792196090599	77	63	0.335148712671435	0.823164192194961
HROV-vOTU19005	diagnosis	RA	0.309319619461179	0.318743113773971	77	11	0.335123900734429	0.823164192194961
HROV-vOTU19606	Smoking_Status	Never_Smoker	0.956596332662873	0.985455615959293	77	46	0.334985720650604	0.823164192194961
HROV-vOTU25856	Smoking_Status	Never_Smoker	0.531426880858809	0.547240490698217	77	15	0.33479373419534	0.823164192194961
HROV-vOTU42183	Smoking_Status	Former_Smoker	1.15527993932107	1.19001491653651	77	26	0.334937977348796	0.823164192194961
HROV-vOTU45378	Age	Age	0.278236559499319	0.286594493088956	77	19	0.334925234107265	0.823164192194961
HROV-vOTU13532	Smoking_Status	Never_Smoker	0.580085347374331	0.597806826960117	77	14	0.335163292670958	0.823164192194961
HROV-vOTU63563	Smoking_Status	Never_Smoker	0.947962226256741	0.976698974601018	77	26	0.335053538566965	0.823164192194961
HROV-vOTU69731	diagnosis	RA	0.292875433901076	0.301820086004351	77	9	0.335159112264381	0.823164192194961
HROV-vOTU52028	Age	Age	-0.292813758534677	0.301734942732965	77	27	0.335124767624926	0.823164192194961
HROV-vOTU36861	diagnosis	RA	-0.62431530312009	0.643658236792151	77	52	0.335364915320177	0.823346377327352
HROV-vOTU75110	Age	Age	-0.229609420096773	0.236729689574575	77	27	0.335377823447588	0.823346377327352
HROV-vOTU21132	Sex	M	0.345238023110219	0.355886409983165	77	9	0.335300167318192	0.823346377327352
HROV-vOTU47545	Age	Age	-0.10116087552444	0.104298486375877	77	8	0.335380476148845	0.823346377327352
HROV-vOTU22252	Sex	M	0.664378693256466	0.685395854216637	77	74	0.335668293219247	0.823446238639066
HROV-vOTU15831	diagnosis	RA	-0.402898660940788	0.415737848028382	77	74	0.335776588049212	0.823446238639066
HROV-vOTU50804	Sex	M	0.618906569037753	0.63906178827007	77	74	0.336101607849686	0.823446238639066
HROV-vOTU29337	Smoking_Status	Never_Smoker	-0.365086547015511	0.376652913905639	77	76	0.335690098216218	0.823446238639066
HROV-vOTU14817	Smoking_Status	Former_Smoker	-1.3950181036834	1.43910047772892	77	73	0.335652260055029	0.823446238639066
HROV-vOTU71614	Smoking_Status	Former_Smoker	1.20177861966084	1.24105296450885	77	13	0.336154761534251	0.823446238639066
HROV-vOTU61919	Sex	M	0.539150214838218	0.556286700508012	77	76	0.335738067875282	0.823446238639066
HROV-vOTU54818	Sex	M	-1.11833722766928	1.15392846225684	77	37	0.335757091815396	0.823446238639066
HROV-vOTU18440	Smoking_Status	Never_Smoker	1.14802161427372	1.18530469996536	77	56	0.336059804856516	0.823446238639066
HROV-vOTU31267	Smoking_Status	Former_Smoker	1.09297334106918	1.12831126047538	77	63	0.335992828709993	0.823446238639066
HROV-vOTU24574	Sex	M	0.988635959425697	1.02095122391129	77	47	0.336157799512194	0.823446238639066
HROV-vOTU19142	Sex	M	0.748597552473611	0.773147224432308	77	61	0.336207771685764	0.823446238639066
HROV-vOTU47628	diagnosis	RA	-0.512565656418834	0.528830729161347	77	51	0.335714062481594	0.823446238639066
HROV-vOTU69573	Smoking_Status	Never_Smoker	0.667571041516356	0.689047719225715	77	15	0.335918164132092	0.823446238639066
HROV-vOTU10893	Age	Age	0.29756394793183	0.307191473931881	77	16	0.336003321880757	0.823446238639066
HROV-vOTU68446	Age	Age	0.211227808381435	0.217987580687275	77	18	0.335839509368766	0.823446238639066
HROV-vOTU16624	Age	Age	-0.212252993751071	0.219069502052265	77	21	0.335891949876986	0.823446238639066
HROV-vOTU44352	Smoking_Status	Never_Smoker	0.890337751192942	0.918455330614403	77	12	0.335643390908467	0.823446238639066
HROV-vOTU55238	Smoking_Status	Former_Smoker	-0.597119048826671	0.616532399985388	77	9	0.336076427031073	0.823446238639066
HROV-vOTU37450	diagnosis	RA	-0.23258054592839	0.239869121367075	77	11	0.335530308116607	0.823446238639066
HROV-vOTU28132	Sex	M	0.584594043089662	0.603733073091347	77	18	0.336182108239455	0.823446238639066
HROV-vOTU05358	Smoking_Status	Former_Smoker	0.574309945803459	0.592742635754184	77	8	0.335882811193042	0.823446238639066
HROV-vOTU71677	Smoking_Status	Never_Smoker	1.22887855525281	1.27000251026437	77	53	0.336519285098879	0.823493694844899
HROV-vOTU11852	Smoking_Status	Never_Smoker	0.47362359992769	0.489576426356408	77	76	0.336620479516712	0.823493694844899
HROV-vOTU20558	Smoking_Status	Never_Smoker	1.39717643370687	1.44369148808464	77	48	0.336439179766538	0.823493694844899
HROV-vOTU06779	Sex	M	-0.620522615835417	0.641152410948971	77	12	0.336417648162967	0.823493694844899
HROV-vOTU58173	Age	Age	0.122383668723424	0.126437843204482	77	10	0.336362319499723	0.823493694844899
HROV-vOTU67786	diagnosis	RA	-0.877610805422994	0.907053902047158	77	57	0.3365585477264	0.823493694844899
HROV-vOTU72129	Age	Age	-0.21944184802019	0.226791863729478	77	29	0.336532996118894	0.823493694844899
HROV-vOTU31098	Age	Age	-0.234643411915193	0.242538411077051	77	15	0.336603898952647	0.823493694844899
HROV-vOTU22674	diagnosis	RA	-0.528893279642937	0.546586512230745	77	12	0.336514032606804	0.823493694844899
HROV-vOTU03678	diagnosis	RA	0.385634799971919	0.39837100622744	77	12	0.336315775715449	0.823493694844899
HROV-vOTU15157	diagnosis	RA	0.252212781568353	0.260702416404851	77	8	0.336610311817474	0.823493694844899
HROV-vOTU53921	diagnosis	RA	-0.416622430387452	0.430721186205976	77	74	0.336693899139098	0.823585820198984
HROV-vOTU32094	Age	Age	0.295013896677525	0.305064155895741	77	26	0.33679904008954	0.823669368391856
HROV-vOTU33603	Smoking_Status	Never_Smoker	0.616976218335102	0.638025775586918	77	28	0.33682235282853	0.823669368391856
HROV-vOTU61935	Smoking_Status	Never_Smoker	0.363190570843776	0.375591818578884	77	11	0.336835350044051	0.823669368391856
HROV-vOTU56072	Smoking_Status	Never_Smoker	1.45890685670164	1.50996498862769	77	33	0.337230768512962	0.824461210069376
HROV-vOTU03023	Sex	M	0.790452421505148	0.818078577863946	77	33	0.337208634833122	0.824461210069376
HROV-vOTU01077	Age	Age	0.227665860073175	0.235731827665487	77	8	0.337430817641483	0.824577580286879
HROV-vOTU30449	Smoking_Status	Never_Smoker	0.555454673336427	0.575120118630119	77	8	0.337419347698478	0.824577580286879
HROV-vOTU47637	diagnosis	RA	-0.272158603554082	0.281858551484256	77	16	0.337528999103969	0.824577580286879
HROV-vOTU30602	Sex	M	0.498555045018427	0.516116956229604	77	18	0.337336540411255	0.824577580286879
HROV-vOTU58966	Smoking_Status	Former_Smoker	-0.933744867450727	0.966981141393337	77	16	0.337507589992928	0.824577580286879
HROV-vOTU45907	diagnosis	RA	0.204658382980514	0.211930422573974	77	9	0.337478842280513	0.824577580286879
HROV-vOTU52334	Sex	M	1.03149083529978	1.06789260186336	77	23	0.337366594102478	0.824577580286879
HROV-vOTU68750	diagnosis	RA	-0.375375129229576	0.38883036126132	77	72	0.33762352282103397	0.82472101512181
HROV-vOTU49285	Smoking_Status	Former_Smoker	-2.09280619861607	2.16840775508328	77	43	0.337753121780261	0.824732429976281
HROV-vOTU12421	Smoking_Status	Never_Smoker	-1.10422201554337	1.14406605392302	77	65	0.33773406760605	0.824732429976281
HROV-vOTU21204	diagnosis	RA	0.45946596348366	0.47610501706896	77	33	0.337794536974913	0.824732429976281
HROV-vOTU49079	Smoking_Status	Former_Smoker	-1.65887197393767	1.71899173230319	77	50	0.337807251930797	0.824732429976281
HROV-vOTU32330	Smoking_Status	Never_Smoker	0.457773012574687	0.474282465623766	77	9	0.337725430823614	0.824732429976281
HROV-vOTU20731	Sex	M	0.65478040924532	0.67868690786964	77	24	0.337931998005434	0.824949535092766
HROV-vOTU22053	Sex	M	0.304660391247509	0.316042876290494	77	76	0.338325656700589	0.824990399544035
HROV-vOTU65832	Smoking_Status	Former_Smoker	-0.921061592939778	0.957622091923179	77	20	0.339403548442638	0.824990399544035
HROV-vOTU31711	Smoking_Status	Former_Smoker	-0.54212217966537	0.562332533133886	77	71	0.338288110237281	0.824990399544035
HROV-vOTU39116	Sex	M	0.54086309271443	0.561363047106776	77	70	0.338575912957063	0.824990399544035
HROV-vOTU44696	Smoking_Status	Former_Smoker	-2.21107591917036	2.29362558238749	77	31	0.338313345064319	0.824990399544035
HROV-vOTU44031	Smoking_Status	Never_Smoker	0.948608325908124	0.984419624094416	77	34	0.33850613672467	0.824990399544035
HROV-vOTU01314	Age	Age	0.290086708253545	0.300921989844074	77	67	0.338321330124924	0.824990399544035
HROV-vOTU65727	Smoking_Status	Former_Smoker	1.16948517742909	1.21588985868108	77	72	0.339396953389397	0.824990399544035
HROV-vOTU12483	Smoking_Status	Former_Smoker	1.1800738118589	1.22682678852072	77	26	0.339368848349145	0.824990399544035
HROV-vOTU16928	Smoking_Status	Former_Smoker	-0.656319667794395	0.681140835442028	77	10	0.338537264120996	0.824990399544035
HROV-vOTU07214	Age	Age	-0.230370580407016	0.239086432419477	77	47	0.338544354470954	0.824990399544035
HROV-vOTU56971	Smoking_Status	Never_Smoker	1.36988747394526	1.42194941474301	77	46	0.33862318484788	0.824990399544035
HROV-vOTU40468	Smoking_Status	Never_Smoker	-0.966929190738659	1.00387202793393	77	64	0.338716481645588	0.824990399544035
HROV-vOTU69959	Smoking_Status	Never_Smoker	0.652666335601253	0.678218849383667	77	10	0.339152907217989	0.824990399544035
HROV-vOTU55788	Smoking_Status	Never_Smoker	0.722093917694825	0.750608241401835	77	24	0.339308700925549	0.824990399544035
HROV-vOTU24427	Smoking_Status	Former_Smoker	1.32307044445767	1.37502256554342	77	59	0.339206181040396	0.824990399544035
HROV-vOTU11758	Sex	M	-0.448490050848343	0.465910734716713	77	19	0.339010655264974	0.824990399544035
HROV-vOTU22387	Smoking_Status	Never_Smoker	0.828211311171727	0.860040653340311	77	26	0.338820508582173	0.824990399544035
HROV-vOTU47090	Smoking_Status	Former_Smoker	-1.06720952870196	1.10783551215906	77	14	0.338652287000214	0.824990399544035
HROV-vOTU68255	Age	Age	0.183217305396917	0.190013048985502	77	13	0.338200698410837	0.824990399544035
HROV-vOTU41630	diagnosis	RA	-0.554613172308678	0.575215230931178	77	30	0.338226405085096	0.824990399544035
HROV-vOTU25110	Age	Age	-0.282141690971597	0.293164694526012	77	25	0.339115073073644	0.824990399544035
HROV-vOTU23360	diagnosis	RA	0.491665701628358	0.511079866512058	77	11	0.339307836778803	0.824990399544035
HROV-vOTU53268	diagnosis	RA	-0.446100046686979	0.463757284579588	77	25	0.339351609411243	0.824990399544035
HROV-vOTU53401	Smoking_Status	Former_Smoker	1.36308992905119	1.41697973848597	77	25	0.339330235293903	0.824990399544035
HROV-vOTU70272	Age	Age	0.265057940769562	0.275066496010174	77	32	0.338510054135716	0.824990399544035
HROV-vOTU45865	Sex	M	0.782735282541795	0.812134530949533	77	32	0.338417439654766	0.824990399544035
HROV-vOTU25865	Age	Age	-0.417640311967747	0.433773237493928	77	32	0.338911692045079	0.824990399544035
HROV-vOTU31772	Smoking_Status	Former_Smoker	1.14382079184557	1.18925793576227	77	11	0.339417457042107	0.824990399544035
HROV-vOTU31976	Smoking_Status	Former_Smoker	1.07708782466953	1.11954487097639	77	55	0.339276377900531	0.824990399544035
HROV-vOTU49317	Sex	M	0.733682916061503	0.762184485306742	77	17	0.339012637650155	0.824990399544035
HROV-vOTU40670	Sex	M	0.643816939357851	0.669191881252787	77	24	0.339274031353252	0.824990399544035
HROV-vOTU25644	Smoking_Status	Former_Smoker	0.738054339592935	0.765633246141022	77	18	0.338328347885729	0.824990399544035
HROV-vOTU08785	Sex	M	0.580916601146854	0.603793777186438	77	20	0.339259204163313	0.824990399544035
HROV-vOTU28313	Smoking_Status	Never_Smoker	0.643701589277228	0.668354675125953	77	13	0.338759275723149	0.824990399544035
HROV-vOTU08391	Age	Age	-0.168207619535695	0.174375948104084	77	8	0.338006177850472	0.824990399544035
HROV-vOTU01395	Smoking_Status	Former_Smoker	1.2187899973187	1.26417559455923	77	8	0.338268756218668	0.824990399544035
HROV-vOTU28582	Smoking_Status	Never_Smoker	-0.724416597005227	0.752526103746553	77	15	0.338992173514261	0.824990399544035
HROV-vOTU30563	Age	Age	-0.3071775680854	0.318998477115792	77	22	0.338844032990817	0.824990399544035
HROV-vOTU14822	Sex	M	-0.449313165713927	0.467027381341487	77	9	0.339279484046512	0.824990399544035
HROV-vOTU53240	Smoking_Status	Never_Smoker	0.410161124432752	0.425876130983932	77	10	0.338766343374105	0.824990399544035
HROV-vOTU07535	diagnosis	RA	-0.500534476349099	0.520772712459425	77	72	0.339744667330556	0.825047975205231
HROV-vOTU11598	diagnosis	RA	-0.631132693498881	0.656450922587779	77	67	0.339598121180493	0.825047975205231
HROV-vOTU67392	Sex	M	0.731296620164686	0.760762799397482	77	56	0.339680009618147	0.825047975205231
HROV-vOTU33018	Smoking_Status	Former_Smoker	1.620476917849	1.68619037579241	77	52	0.339799394043492	0.825047975205231
HROV-vOTU24682	Smoking_Status	Former_Smoker	-1.29159395848558	1.34354863532509	77	44	0.339648726242527	0.825047975205231
HROV-vOTU07299	Smoking_Status	Never_Smoker	0.834899911843381	0.86861011530378	77	27	0.339718420704092	0.825047975205231
HROV-vOTU17241	diagnosis	RA	0.55576171352379	0.578185448251578	77	47	0.339705234192501	0.825047975205231
HROV-vOTU42028	Smoking_Status	Former_Smoker	-0.634619826374816	0.660316405403079	77	9	0.339771435637384	0.825047975205231
HROV-vOTU15595	diagnosis	RA	-0.52832301935827	0.549697979548204	77	38	0.339756139857251	0.825047975205231
HROV-vOTU23603	diagnosis	RA	-0.540907836635572	0.562607432251139	77	35	0.339598791054129	0.825047975205231
HROV-vOTU61871	Sex	M	0.649464462250463	0.676206414327963	77	76	0.34008679624836	0.825133553164873
HROV-vOTU21542	diagnosis	RA	0.38349397529464	0.399342997274144	77	27	0.340157097427152	0.825133553164873
HROV-vOTU63482	Sex	M	0.514273304184662	0.535276201255223	77	47	0.339932190740512	0.825133553164873
HROV-vOTU00478	diagnosis	RA	-0.629726385646082	0.655616358784908	77	65	0.340058068213795	0.825133553164873
HROV-vOTU70683	Age	Age	-0.153034357316332	0.159352657270234	77	74	0.340138137553718	0.825133553164873
HROV-vOTU16132	Sex	M	0.771911736220452	0.803419686937524	77	46	0.339922105342684	0.825133553164873
HROV-vOTU23269	Sex	M	0.5750973749581	0.598655818121984	77	18	0.339989495275399	0.825133553164873
HROV-vOTU19674	diagnosis	RA	-0.350178041522605	0.364577625210863	77	10	0.340061616227065	0.825133553164873
HROV-vOTU34107	diagnosis	RA	-0.167174243146962	0.174070600339426	77	11	0.34012233431172	0.825133553164873
HROV-vOTU26729	diagnosis	RA	-0.301906287987406	0.314428553920227	77	9	0.340225915852908	0.825213569467348
HROV-vOTU03764	Age	Age	-0.266254531891265	0.277383815877749	77	18	0.340374272172983	0.825486466737974
HROV-vOTU04630	Smoking_Status	Former_Smoker	1.30561312725435	1.36041353614358	77	70	0.34045417351947	0.825533752358984
HROV-vOTU16329	Smoking_Status	Former_Smoker	1.42752586649834	1.48758675521952	77	69	0.34050043917167	0.825533752358984
HROV-vOTU06773	Sex	M	0.692345270344224	0.721505490273434	77	66	0.340520979965807	0.825533752358984
HROV-vOTU21655	Smoking_Status	Former_Smoker	1.61009794263294	1.67796866422156	77	50	0.340537153600102	0.825533752358984
HROV-vOTU27815	Smoking_Status	Never_Smoker	-0.998825404636906	1.04131793100517	77	66	0.340716351581255	0.825620536291698
HROV-vOTU02348	Age	Age	-0.3653824129111	0.380907247135079	77	70	0.340691860105211	0.825620536291698
HROV-vOTU12483	Sex	M	-0.64424108319874	0.671500137654709	77	26	0.34061021683492	0.825620536291698
HROV-vOTU23382	diagnosis	RA	-0.232215418309746	0.242065514706945	77	10	0.340659023402776	0.825620536291698
HROV-vOTU13353	Smoking_Status	Never_Smoker	0.452649429500309	0.471980731115564	77	8	0.340792048160986	0.825717082498421
HROV-vOTU24435	Age	Age	-0.215823616857333	0.225072830250384	77	17	0.34086033167953	0.825795648914326
HROV-vOTU64056	Age	Age	0.186676298960102	0.195155292809034	77	74	0.342038923516056	0.826203447562886
HROV-vOTU07385	Smoking_Status	Former_Smoker	1.29365900556899	1.35086613653442	77	71	0.341488171996703	0.826203447562886
HROV-vOTU70738	Smoking_Status	Never_Smoker	0.531270220558724	0.555065231328891	77	74	0.341748893389086	0.826203447562886
HROV-vOTU33936	Smoking_Status	Former_Smoker	-1.07386664041564	1.12164982934933	77	12	0.341614578013692	0.826203447562886
HROV-vOTU05701	diagnosis	RA	-0.391311229078534	0.409231403686716	77	63	0.342210648361828	0.826203447562886
HROV-vOTU21612	Smoking_Status	Former_Smoker	-1.27777368974013	1.33313249156323	77	13	0.341076027764231	0.826203447562886
HROV-vOTU71419	Age	Age	-0.50131860392139	0.524236200219796	77	22	0.342173698434347	0.826203447562886
HROV-vOTU38811	Smoking_Status	Former_Smoker	1.2614409458131	1.31876390939214	77	57	0.342048838048464	0.826203447562886
HROV-vOTU42542	Smoking_Status	Never_Smoker	-1.36122690011359	1.42117247358382	77	38	0.341403968028546	0.826203447562886
HROV-vOTU64705	Smoking_Status	Former_Smoker	-1.61758245800359	1.69179315665705	77	26	0.342248410323488	0.826203447562886
HROV-vOTU03566	Age	Age	0.298344983006843	0.311394629860537	77	36	0.341267130184869	0.826203447562886
HROV-vOTU06011	diagnosis	RA	-0.463944260089087	0.484986737498915	77	33	0.342008998162492	0.826203447562886
HROV-vOTU31632	Sex	M	0.630328913039227	0.658051740185535	77	66	0.341378065408476	0.826203447562886
HROV-vOTU31842	Age	Age	-0.322062931344204	0.336479252007696	77	66	0.341736740718849	0.826203447562886
HROV-vOTU61105	Smoking_Status	Former_Smoker	-1.57344609102648	1.64554310097126	77	43	0.342222522254891	0.826203447562886
HROV-vOTU38085	Sex	M	0.35360248740915	0.369637443758228	77	67	0.342005232410926	0.826203447562886
HROV-vOTU43341	Smoking_Status	Never_Smoker	0.932202302137693	0.972763890718553	77	39	0.341162073912618	0.826203447562886
HROV-vOTU53565	Smoking_Status	Never_Smoker	-0.579746610071012	0.605839145601631	77	12	0.341848916429022	0.826203447562886
HROV-vOTU40608	Smoking_Status	Never_Smoker	-0.607989284127561	0.635055857541851	77	9	0.341624582584706	0.826203447562886
HROV-vOTU30551	diagnosis	RA	-0.539380668079723	0.564019083617561	77	25	0.342157393311742	0.826203447562886
HROV-vOTU74149	diagnosis	RA	-0.571952164096397	0.598028166080592	77	32	0.342117093177224	0.826203447562886
HROV-vOTU20950	Smoking_Status	Former_Smoker	0.708029566668574	0.738893995753003	77	14	0.341199048558666	0.826203447562886
HROV-vOTU63466	Smoking_Status	Never_Smoker	0.458463422854577	0.478841580492464	77	12	0.341592730579664	0.826203447562886
HROV-vOTU71791	Age	Age	0.122674367035212	0.128258709292688	77	17	0.34208518441276	0.826203447562886
HROV-vOTU03059	Smoking_Status	Never_Smoker	1.01731834011765	1.06169353364294	77	19	0.341211811538398	0.826203447562886
HROV-vOTU39614	diagnosis	RA	-0.548215995215528	0.573009575387288	77	20	0.341949491322872	0.826203447562886
HROV-vOTU38991	Sex	M	0.624052031063828	0.651816100116132	77	14	0.341611639106313	0.826203447562886
HROV-vOTU35715	Smoking_Status	Never_Smoker	0.524213688170516	0.547669306952862	77	16	0.341728453792702	0.826203447562886
HROV-vOTU45071	Smoking_Status	Never_Smoker	0.611707927158555	0.638306017571735	77	18	0.341148332972933	0.826203447562886
HROV-vOTU33751	Age	Age	-0.195250606373631	0.203969710135446	77	15	0.341687854964247	0.826203447562886
HROV-vOTU49059	Age	Age	0.225108260507724	0.235248791882506	77	13	0.341867533522561	0.826203447562886
HROV-vOTU11722	Smoking_Status	Former_Smoker	-1.37805052001094	1.43884528865471	77	9	0.341440081620289	0.826203447562886
HROV-vOTU33455	Age	Age	-0.16886076930292	0.176549215434109	77	14	0.342089590021142	0.826203447562886
HROV-vOTU36400	Smoking_Status	Never_Smoker	-0.483692167162652	0.505300098221474	77	8	0.341695631359184	0.826203447562886
HROV-vOTU32378	diagnosis	RA	-0.614279043920688	0.642827216422892	77	27	0.342521982684343	0.826368172381238
HROV-vOTU31942	Age	Age	0.446183023513706	0.466912041248834	77	49	0.342514777774779	0.826368172381238
HROV-vOTU60083	Smoking_Status	Former_Smoker	-1.08257022266939	1.13290540777902	77	68	0.342531939798146	0.826368172381238
HROV-vOTU04247	diagnosis	RA	-0.665295895073799	0.696200506517659	77	66	0.342511971734716	0.826368172381238
HROV-vOTU24328	diagnosis	RA	0.356053551498366	0.372582610617124	77	30	0.342498463809968	0.826368172381238
HROV-vOTU15513	diagnosis	RA	0.353590566547871	0.36996041718945	77	15	0.342440299532184	0.826368172381238
HROV-vOTU64657	Age	Age	-0.302062628591991	0.316189954313024	77	32	0.342657277182759	0.826372299547645
HROV-vOTU01872	Smoking_Status	Former_Smoker	-1.35848757145224	1.42185601006839	77	19	0.342600822807718	0.826372299547645
HROV-vOTU20422	Sex	M	0.823408812951267	0.861907762493821	77	44	0.342650883993566	0.826372299547645
HROV-vOTU29940	diagnosis	RA	-0.472243976851298	0.494351118549657	77	8	0.342677180229266	0.826372299547645
HROV-vOTU75194	diagnosis	RA	-0.545313151476091	0.570944954715734	77	46	0.342764611456683	0.826496597408376
HROV-vOTU10215	Age	Age	0.284885620974216	0.298330213169293	77	74	0.342851231812132	0.826559695839829
HROV-vOTU07068	Smoking_Status	Former_Smoker	1.1025596940008	1.15462001102392	77	67	0.342862560762392	0.826559695839829
HROV-vOTU67651	Age	Age	0.281782805640182	0.295902232972548	77	56	0.344183964682554	0.826581245963962
HROV-vOTU60404	Sex	M	0.346250881927703	0.36339761451707697	77	76	0.343916163276687	0.826581245963962
HROV-vOTU08696	Age	Age	-0.353477480346895	0.370713611240648	77	70	0.343569036952155	0.826581245963962
HROV-vOTU05208	Sex	M	-0.596528198501652	0.627540372923746	77	74	0.34504162736103	0.826581245963962
HROV-vOTU64982	diagnosis	RA	-0.653871460335525	0.689226254186681	77	39	0.345989415496169	0.826581245963962
HROV-vOTU18653	diagnosis	RA	0.356314863703056	0.375408911502471	77	68	0.345770025002495	0.826581245963962
HROV-vOTU56428	Age	Age	0.200323388995424	0.211393889985753	77	77	0.346531626361078	0.826581245963962
HROV-vOTU21695	Sex	M	0.526258547319133	0.551438139594575	77	76	0.343150400965275	0.826581245963962
HROV-vOTU03632	Age	Age	0.442241049055793	0.465202708396943	77	64	0.345011261054277	0.826581245963962
HROV-vOTU70497	Smoking_Status	Never_Smoker	0.816738268438668	0.861626543886691	77	73	0.346394124310113	0.826581245963962
HROV-vOTU28745	diagnosis	RA	-0.532889640473873	0.560891077353219	77	64	0.345296114698012	0.826581245963962
HROV-vOTU59588	Smoking_Status	Former_Smoker	-1.57802901652094	1.66042878172227	77	67	0.345146018330546	0.826581245963962
HROV-vOTU66575	Smoking_Status	Former_Smoker	-1.40831312473484	1.47627893446204	77	52	0.343339833083939	0.826581245963962
HROV-vOTU30121	Smoking_Status	Former_Smoker	-1.36442118510019	1.43100853799479	77	63	0.343587795389243	0.826581245963962
HROV-vOTU01212	Smoking_Status	Never_Smoker	-0.632691175662024	0.66737370132034	77	26	0.346329179321604	0.826581245963962
HROV-vOTU58420	Age	Age	0.247573009679059	0.259803765719407	77	41	0.343862022213447	0.826581245963962
HROV-vOTU66914	Age	Age	-0.170163175893359	0.179117592256786	77	54	0.345330779322656	0.826581245963962
HROV-vOTU63440	Sex	M	0.78358141141048	0.820961992686954	77	66	0.343085571497927	0.826581245963962
HROV-vOTU69975	diagnosis	RA	0.569373046146066	0.599371623276084	77	50	0.3453601538308	0.826581245963962
HROV-vOTU53817	diagnosis	RA	-0.625915686931046	0.658633687956609	77	21	0.345171224343278	0.826581245963962
HROV-vOTU66328	Age	Age	-0.259708574392823	0.272151948639015	77	70	0.343180791071446	0.826581245963962
HROV-vOTU20487	Smoking_Status	Never_Smoker	1.27009717025975	1.33101073175103	77	54	0.343202266295598	0.826581245963962
HROV-vOTU07148	Smoking_Status	Never_Smoker	1.27440340509868	1.33969105740034	77	53	0.344696170601299	0.826581245963962
HROV-vOTU51082	Smoking_Status	Never_Smoker	0.76972267247408	0.8121818953917	77	17	0.34648556014208	0.826581245963962
HROV-vOTU38564	diagnosis	RA	0.391565006171227	0.410716115790208	77	15	0.343636487582022	0.826581245963962
HROV-vOTU72559	Sex	M	0.716498554286583	0.752591604351638	77	43	0.34430573030352	0.826581245963962
HROV-vOTU48856	Age	Age	-0.424907788075653	0.446739033174776	77	45	0.344764029526999	0.826581245963962
HROV-vOTU22815	Sex	M	0.71891275683689	0.755571944835222	77	52	0.344587877060463	0.826581245963962
HROV-vOTU19575	Sex	M	0.783568911601972	0.824308183978059	77	54	0.345043527428227	0.826581245963962
HROV-vOTU08812	Smoking_Status	Never_Smoker	-0.931835984858577	0.98112688484288	77	25	0.345455543177603	0.826581245963962
HROV-vOTU41864	Age	Age	0.409987369740337	0.429664927642965	77	33	0.343218628563387	0.826581245963962
HROV-vOTU43992	Smoking_Status	Former_Smoker	-0.804878789602607	0.846835760475787	77	16	0.345105661969438	0.826581245963962
HROV-vOTU18091	Sex	M	0.704625010921501	0.739204429105011	77	63	0.343712266198034	0.826581245963962
HROV-vOTU02921	Sex	M	0.699610426333987	0.738315385690043	77	24	0.346559073816333	0.826581245963962
HROV-vOTU25638	diagnosis	RA	0.255928623473489	0.269546047170758	77	8	0.345597266652122	0.826581245963962
HROV-vOTU26706	Smoking_Status	Never_Smoker	0.731462278631446	0.767635811178482	77	57	0.343885369688148	0.826581245963962
HROV-vOTU17050	Age	Age	-0.366613167279404	0.385000239766279	77	33	0.344205147366402	0.826581245963962
HROV-vOTU00478	Sex	M	0.82587417176758	0.865302843825634	77	65	0.343102488241536	0.826581245963962
HROV-vOTU10023	Sex	M	0.449287103845062	0.472846148568189	77	53	0.34524605853855	0.826581245963962
HROV-vOTU62616	Age	Age	-0.247759769924552	0.261287609724623	77	64	0.346230651318965	0.826581245963962
HROV-vOTU35442	Smoking_Status	Former_Smoker	1.36189849240743	1.43244076485019	77	56	0.344954690070321	0.826581245963962
HROV-vOTU39467	Age	Age	0.218717592423349	0.22973098599367	77	75	0.344296687889604	0.826581245963962
HROV-vOTU26829	Smoking_Status	Never_Smoker	0.820941881678873	0.86225736832829	77	35	0.344284148935274	0.826581245963962
HROV-vOTU60930	Smoking_Status	Never_Smoker	-1.12092405233141	1.18135761486177	77	52	0.345918527335009	0.826581245963962
HROV-vOTU53230	diagnosis	RA	-0.36204665780097	0.381846704804583	77	68	0.346270905570998	0.826581245963962
HROV-vOTU27306	diagnosis	RA	0.480661211706637	0.504233924906168	77	71	0.343697337704718	0.826581245963962
HROV-vOTU08781	diagnosis	RA	0.461388509429867	0.486635707752122	77	67	0.346284913656222	0.826581245963962
HROV-vOTU36085	diagnosis	RA	0.530659845360117	0.559289311580813	77	50	0.34593518821671	0.826581245963962
HROV-vOTU70683	Smoking_Status	Never_Smoker	0.504768349521712	0.532028449670023	77	74	0.345959961055303	0.826581245963962
HROV-vOTU37886	Sex	M	-0.800317477538361	0.843394916163201	77	31	0.345878224152207	0.826581245963962
HROV-vOTU67791	diagnosis	RA	-0.465667389448793	0.488347404912493	77	55	0.343542844221013	0.826581245963962
HROV-vOTU42795	Smoking_Status	Never_Smoker	0.443971454262922	0.465564574533652	77	73	0.343511730593277	0.826581245963962
HROV-vOTU55711	Sex	M	0.344310383008025	0.361332010502643	77	8	0.34387766969496	0.826581245963962
HROV-vOTU42450	diagnosis	RA	0.603420376981029	0.635630311314646	77	47	0.345675098624058	0.826581245963962
HROV-vOTU37071	Age	Age	0.343110271812094	0.362035583121902	77	39	0.346483918965064	0.826581245963962
HROV-vOTU74507	Smoking_Status	Never_Smoker	-0.958202489315525	1.0079854904715	77	39	0.345026496883691	0.826581245963962
HROV-vOTU41921	diagnosis	RA	-0.540639925549858	0.570120872109192	77	35	0.346198427094171	0.826581245963962
HROV-vOTU70406	Smoking_Status	Former_Smoker	1.14054350266756	1.20072239043299	77	36	0.345394899939674	0.826581245963962
HROV-vOTU36599	Age	Age	0.280460490465422	0.295982284566727	77	59	0.346568324404169	0.826581245963962
HROV-vOTU55814	Sex	M	0.706833743085779	0.744377461881267	77	21	0.345555144165916	0.826581245963962
HROV-vOTU24776	Smoking_Status	Never_Smoker	0.469292154244097	0.494937728365207	77	11	0.346251883562981	0.826581245963962
HROV-vOTU25949	Smoking_Status	Former_Smoker	-0.875428618022562	0.922769840602433	77	26	0.345992971001652	0.826581245963962
HROV-vOTU44777	Smoking_Status	Never_Smoker	0.606286176361172	0.639256566440279	77	21	0.34613078520476	0.826581245963962
HROV-vOTU16656	Sex	M	0.234539523952723	0.246642107819408	77	8	0.344865556829511	0.826581245963962
HROV-vOTU74409	Sex	M	-0.401187168051696	0.421208936847636	77	10	0.344092100721584	0.826581245963962
HROV-vOTU72658	Sex	M	-0.325900632047252	0.342739656963953	77	10	0.344896432436249	0.826581245963962
HROV-vOTU69853	Smoking_Status	Former_Smoker	1.06723302381534	1.12623497819382	77	56	0.346541540281468	0.826581245963962
HROV-vOTU38135	diagnosis	RA	-0.356880514858081	0.375450779230282	77	11	0.345063129246576	0.826581245963962
HROV-vOTU59060	Smoking_Status	Never_Smoker	0.828008948800586	0.868102168778038	77	18	0.343413386290643	0.826581245963962
HROV-vOTU55067	Sex	M	-0.813502583753087	0.85327378444287	77	46	0.343627206851779	0.826581245963962
HROV-vOTU03839	Smoking_Status	Former_Smoker	1.73396144365663	1.8255876914651	77	40	0.345430780110437	0.826581245963962
HROV-vOTU42883	Smoking_Status	Former_Smoker	-0.908792889134804	0.957290568664545	77	21	0.345668733315506	0.826581245963962
HROV-vOTU54587	Smoking_Status	Former_Smoker	1.24799433520367	1.3087679462871	77	47	0.343539506630015	0.826581245963962
HROV-vOTU04807	Smoking_Status	Former_Smoker	-0.870060739751132	0.917053943679093	77	34	0.345962797118077	0.826581245963962
HROV-vOTU45378	Smoking_Status	Never_Smoker	0.912000783658406	0.956848956610183	77	19	0.343758273721342	0.826581245963962
HROV-vOTU35112	Age	Age	-0.2575793865016	0.271249115389628	77	11	0.345534488215446	0.826581245963962
HROV-vOTU74848	Smoking_Status	Former_Smoker	1.66560827728258	1.7514191395447	77	28	0.344828066895778	0.826581245963962
HROV-vOTU62186	diagnosis	RA	0.280453893021659	0.294781777966977	77	14	0.34463151131993	0.826581245963962
HROV-vOTU70337	Smoking_Status	Former_Smoker	-0.971271221189539	1.0212889795993	77	10	0.344818026106935	0.826581245963962
HROV-vOTU29100	Sex	M	-0.468467262471805	0.492466738518856	77	20	0.34469608370892	0.826581245963962
HROV-vOTU06950	diagnosis	RA	-0.847269768836217	0.887545984741388	77	20	0.343008525515846	0.826581245963962
HROV-vOTU18316	Smoking_Status	Former_Smoker	1.63041005659981	1.70929542446207	77	27	0.343396243108899	0.826581245963962
HROV-vOTU63352	diagnosis	RA	-0.459327299385709	0.484741110292221	77	20	0.346561225463177	0.826581245963962
HROV-vOTU23727	Smoking_Status	Never_Smoker	0.436220370133337	0.46012940460176	77	8	0.346325575643017	0.826581245963962
HROV-vOTU26157	Age	Age	-0.178010283423932	0.187663032969539	77	10	0.346060275680244	0.826581245963962
HROV-vOTU39614	Smoking_Status	Never_Smoker	-0.933066431692579	0.978784133539205	77	20	0.343676768996145	0.826581245963962
HROV-vOTU26115	Sex	M	1.04667805491703	1.09897691860876	77	30	0.344119600560802	0.826581245963962
HROV-vOTU70105	Smoking_Status	Never_Smoker	-0.388176495374507	0.408655954826338	77	9	0.345392518778215	0.826581245963962
HROV-vOTU23269	Age	Age	-0.220217232349656	0.232064309440356	77	18	0.345865394605317	0.826581245963962
HROV-vOTU29940	Sex	M	0.620188597533416	0.652459968390967	77	8	0.345063041194925	0.826581245963962
HROV-vOTU60005	Smoking_Status	Former_Smoker	1.30012186750227	1.36403593208344	77	17	0.343751176400421	0.826581245963962
HROV-vOTU45907	Sex	M	-0.265176195436368	0.279712357523086	77	9	0.346328966137289	0.826581245963962
HROV-vOTU32309	Age	Age	0.153945759364946	0.161331978527971	77	15	0.343211233430665	0.826581245963962
HROV-vOTU32309	Smoking_Status	Never_Smoker	0.511558675708281	0.538636781392831	77	15	0.345471936805202	0.826581245963962
HROV-vOTU59099	Age	Age	-0.101673172968017	0.106897057978654	77	13	0.34476421387259	0.826581245963962
HROV-vOTU20188	Smoking_Status	Former_Smoker	-0.988151759702465	1.03850499590251	77	9	0.344571658559555	0.826581245963962
HROV-vOTU27652	diagnosis	RA	-0.410582681846062	0.433171535355108	77	9	0.346419635728503	0.826581245963962
HROV-vOTU33455	Smoking_Status	Never_Smoker	0.558877802822425	0.589442353751156	77	14	0.346270875805254	0.826581245963962
HROV-vOTU37713	diagnosis	RA	0.25207840486412	0.265578452734182	77	9	0.345755187589024	0.826581245963962
HROV-vOTU12508	Age	Age	-0.242529386241449	0.25457847814471	77	10	0.34398917823661	0.826581245963962
HROV-vOTU52056	Sex	M	0.355195104705393	0.373588055626663	77	9	0.34494815334216	0.826581245963962
HROV-vOTU42166	Sex	M	0.479295575951585	0.504734250034366	77	8	0.345536838550207	0.826581245963962
HROV-vOTU51012	diagnosis	RA	-0.390486506934926	0.409810475256855	77	8	0.343900529745119	0.826581245963962
HROV-vOTU50460	Smoking_Status	Never_Smoker	0.802855089767188	0.847452853442255	77	35	0.346661403234485	0.826632026971442
HROV-vOTU25923	Smoking_Status	Never_Smoker	0.40483294372277	0.427313107681338	77	12	0.346652561397214	0.826632026971442
HROV-vOTU70020	Smoking_Status	Never_Smoker	0.374664067034984	0.395507269212877	77	8	0.346698970218919	0.826636016579533
HROV-vOTU08563	Smoking_Status	Former_Smoker	-1.31475386033843	1.38833782676942	77	73	0.34685154473764	0.8266453978394
HROV-vOTU56474	Age	Age	0.207940346695882	0.219592452043862	77	12	0.346882376236212	0.8266453978394
HROV-vOTU13760	diagnosis	RA	-0.408920945611992	0.431748511466227	77	12	0.346786212861078	0.8266453978394
HROV-vOTU27327	Smoking_Status	Former_Smoker	-0.953204957283744	1.00648900365246	77	12	0.346820693828369	0.8266453978394
HROV-vOTU30661	Smoking_Status	Never_Smoker	0.715401714788228	0.755341690833952	77	22	0.346788405092151	0.8266453978394
HROV-vOTU58320	Sex	M	0.622003398264261	0.656923458367318	77	73	0.346930228404255	0.8266738913761
HROV-vOTU08702	Smoking_Status	Former_Smoker	-0.430660385580427	0.455100863537328	77	8	0.347206860404866	0.827247464837995
HROV-vOTU49079	Smoking_Status	Never_Smoker	1.15221565648654	1.2177084931424	77	50	0.347247493241708	0.827258691357871
HROV-vOTU60486	diagnosis	RA	0.630585487301814	0.666717478421192	77	54	0.347455247083815	0.827582411866819
HROV-vOTU03324	Sex	M	0.267629077926148	0.282956625711092	77	11	0.347442781257649	0.827582411866819
HROV-vOTU27192	Age	Age	0.289112092752476	0.305773480337826	77	61	0.347604944719233	0.827668381526324
HROV-vOTU05577	Smoking_Status	Never_Smoker	0.714854025178027	0.756098290607253	77	36	0.347635095723149	0.827668381526324
HROV-vOTU74217	Smoking_Status	Former_Smoker	0.577387856696454	0.610642559396644	77	13	0.347589350489051	0.827668381526324
HROV-vOTU55701	diagnosis	RA	-0.411024597127481	0.434679958605945	77	8	0.347569912667352	0.827668381526324
HROV-vOTU13618	Sex	M	-0.576670094492847	0.61005252811188	77	24	0.347722151267992	0.827704510976936
HROV-vOTU08414	diagnosis	RA	-0.435179714572607	0.460345371830605	77	16	0.347694943245328	0.827704510976936
HROV-vOTU73162	diagnosis	RA	-0.47453201160709	0.502538708099753	77	69	0.348234224825152	0.827746547029408
HROV-vOTU68200	Smoking_Status	Former_Smoker	-0.761744872375034	0.806587830008349	77	13	0.348165968470146	0.827746547029408
HROV-vOTU31854	Age	Age	-0.270598970834759	0.286490791648929	77	72	0.348102432300756	0.827746547029408
HROV-vOTU75484	Smoking_Status	Former_Smoker	-1.60279878938973	1.6976139206296	77	38	0.348295905542922	0.827746547029408
HROV-vOTU56128	diagnosis	RA	0.701656187523947	0.74311069354533	77	41	0.348261964088966	0.827746547029408
HROV-vOTU10672	Sex	M	0.713401791645758	0.755094259617267	77	40	0.347972757277912	0.827746547029408
HROV-vOTU07726	Smoking_Status	Former_Smoker	0.920466668598814	0.97418746555739	77	20	0.347936902994925	0.827746547029408
HROV-vOTU20277	Smoking_Status	Never_Smoker	0.910131601623369	0.963706383788721	77	19	0.348164221342119	0.827746547029408
HROV-vOTU49325	Sex	M	-0.616048358645189	0.652167268258537	77	30	0.348057940256033	0.827746547029408
HROV-vOTU64638	Sex	M	-0.628135645336907	0.664663546143122	77	23	0.347841977487295	0.827746547029408
HROV-vOTU35902	Smoking_Status	Former_Smoker	1.26168557692476	1.33511536322526	77	23	0.347863195631445	0.827746547029408
HROV-vOTU38921	diagnosis	RA	0.314330177893931	0.332820520939134	77	17	0.348145994105709	0.827746547029408
HROV-vOTU52324	Sex	M	0.41065775600187	0.43471352293473	77	10	0.348034694798897	0.827746547029408
HROV-vOTU34795	Smoking_Status	Never_Smoker	1.41197063016347	1.49555179814533	77	19	0.348313415282013	0.827746547029408
HROV-vOTU20478	Sex	M	0.771389886294569	0.816471732457794	77	37	0.347973021871614	0.827746547029408
HROV-vOTU13656	Sex	M	0.390568114431484	0.413688942728222	77	15	0.348314884379592	0.827746547029408
HROV-vOTU48404	Age	Age	0.30372561507001	0.32178144677287	77	71	0.34842789162348	0.82776525270089
HROV-vOTU35203	diagnosis	RA	-0.447999415254669	0.474618751978492	77	56	0.348414507719659	0.82776525270089
HROV-vOTU06261	Smoking_Status	Former_Smoker	-1.34931781429915	1.42953987948132	77	14	0.348430584441269	0.82776525270089
HROV-vOTU33539	diagnosis	RA	0.432404953192546	0.458209175360395	77	17	0.348531068029726	0.827918565933428
HROV-vOTU04579	diagnosis	RA	-0.914670640570613	0.970555452535005	77	44	0.34917350463973	0.828018183305007
HROV-vOTU75697	diagnosis	RA	-0.463763321327946	0.491778434506258	77	72	0.348861909405608	0.828018183305007
HROV-vOTU58198	Smoking_Status	Former_Smoker	1.38162056754528	1.46549266391773	77	56	0.34899621540225	0.828018183305007
HROV-vOTU18330	Smoking_Status	Never_Smoker	0.687567101261386	0.729155796386496	77	73	0.348897380601879	0.828018183305007
HROV-vOTU22790	Age	Age	-0.136185525053171	0.144482297950735	77	67	0.349094184404473	0.828018183305007
HROV-vOTU70449	Sex	M	0.774012132905371	0.82125972755388	77	39	0.349148297923391	0.828018183305007
HROV-vOTU12221	Age	Age	0.416123297956891	0.441212450279891	77	61	0.348809680709758	0.828018183305007
HROV-vOTU71923	Smoking_Status	Former_Smoker	1.31447277439315	1.39433598416224	77	42	0.349019354878651	0.828018183305007
HROV-vOTU06783	Smoking_Status	Former_Smoker	-0.976981900529092	1.03600483743364	77	14	0.348864316734042	0.828018183305007
HROV-vOTU25355	Sex	M	0.619887089237257	0.657535661363698	77	37	0.349009297174806	0.828018183305007
HROV-vOTU01261	diagnosis	RA	0.528574458461437	0.560926112271762	77	20	0.34922188500764	0.828018183305007
HROV-vOTU43248	Sex	M	0.733610636051027	0.778567291085282	77	16	0.349256128207765	0.828018183305007
HROV-vOTU16406	Smoking_Status	Never_Smoker	0.693470740407709	0.73553448262936	77	19	0.348974198821354	0.828018183305007
HROV-vOTU17653	Smoking_Status	Former_Smoker	0.966207678677242	1.02537254379189	77	11	0.349234804866071	0.828018183305007
HROV-vOTU02637	Smoking_Status	Never_Smoker	0.72629678628758	0.770568551035503	77	20	0.349109036427915	0.828018183305007
HROV-vOTU26157	Smoking_Status	Never_Smoker	0.59095104026462	0.626547898237077	77	10	0.348784367308166	0.828018183305007
HROV-vOTU03127	diagnosis	RA	-0.313566419019317	0.332432810855899	77	17	0.348752999391076	0.828018183305007
HROV-vOTU57616	diagnosis	RA	0.394183603109881	0.418013427469402	77	17	0.348882417953171	0.828018183305007
HROV-vOTU07652	Sex	M	0.446622834799716	0.473796279457858	77	9	0.34905782499145	0.828018183305007
HROV-vOTU67099	diagnosis	RA	-0.767272419733682	0.814496494131527	77	47	0.349376439110774	0.828218156739179
HROV-vOTU16355	diagnosis	RA	-0.587826683131249	0.624129731119085	77	68	0.349471214118909	0.828233514314534
HROV-vOTU38578	Smoking_Status	Never_Smoker	0.553787563276221	0.588056633883374	77	12	0.349526770543767	0.828233514314534
HROV-vOTU06399	Smoking_Status	Never_Smoker	0.677387128642261	0.719255502530542	77	9	0.349494016506441	0.828233514314534
HROV-vOTU60854	Age	Age	0.15871389286459	0.168498269157093	77	12	0.349421507332133	0.828233514314534
HROV-vOTU27192	diagnosis	RA	0.562661731940172	0.597654675864095	77	61	0.349666802180363	0.82830965379693
HROV-vOTU16313	Smoking_Status	Never_Smoker	0.943329983691854	1.00190503153924	77	39	0.34962266745296	0.82830965379693
HROV-vOTU22759	Smoking_Status	Never_Smoker	0.673336138814403	0.715194975540506	77	13	0.349655320360483	0.82830965379693
HROV-vOTU49413	diagnosis	RA	-0.479516112616673	0.509491680975258	77	25	0.349811197704853	0.828396080528819
HROV-vOTU15151	Age	Age	-0.237247695755133	0.252062627568129	77	29	0.349780944610079	0.828396080528819
HROV-vOTU48417	diagnosis	RA	0.236488221431644	0.251263440504115	77	8	0.349795644342866	0.828396080528819
HROV-vOTU66501	Smoking_Status	Never_Smoker	0.782641351063652	0.831887978645909	77	73	0.349996623961143	0.828509474172432
HROV-vOTU07041	diagnosis	RA	0.461224070844949	0.490219537697619	77	61	0.349970815180526	0.828509474172432
HROV-vOTU75404	Smoking_Status	Former_Smoker	-0.762253709326302	0.810218724841696	77	12	0.349997364025654	0.828509474172432
HROV-vOTU68315	Age	Age	-0.358370255469374	0.380925267172228	77	20	0.350002981946313	0.828509474172432
HROV-vOTU37447	Smoking_Status	Former_Smoker	-1.39881572412435	1.48707198308242	77	62	0.3500731751832	0.828574258597115
HROV-vOTU26340	Sex	M	0.744655061728241	0.791805135087249	77	66	0.350174262219962	0.828574258597115
HROV-vOTU26676	Smoking_Status	Never_Smoker	1.25908875056594	1.3386964222528	77	32	0.35013301602475	0.828574258597115
HROV-vOTU45031	Smoking_Status	Never_Smoker	0.692302637149795	0.736125817836056	77	18	0.350166429414175	0.828574258597115
HROV-vOTU56634	Age	Age	0.374835238765324	0.398681230388578	77	22	0.350309003945273	0.828807926942637
HROV-vOTU25269	Smoking_Status	Former_Smoker	-1.0855587999244	1.15487834372203	77	43	0.350416508483838	0.828820913212352
HROV-vOTU35604	diagnosis	RA	0.287661869814335	0.306034636267743	77	10	0.35042245905118	0.828820913212352
HROV-vOTU74217	Sex	M	0.314187094688841	0.334233460280969	77	13	0.350393022389717	0.828820913212352
HROV-vOTU61513	Sex	M	0.625225761468242	0.665377438927974	77	75	0.350580030506844	0.82902331888003
HROV-vOTU25877	Age	Age	-0.202076386955319	0.215044146645971	77	18	0.350558919050175	0.82902331888003
HROV-vOTU46324	Age	Age	-0.284767574059126	0.303089850229721	77	35	0.350634768078339	0.829067629244778
HROV-vOTU18875	Smoking_Status	Never_Smoker	0.995824193787042	1.0600218854767	77	62	0.350691324227113	0.829116230053426
HROV-vOTU04448	Sex	M	-0.469592450815029	0.500024517892523	77	9	0.350843495141985	0.829390853327851
HROV-vOTU46856	Age	Age	0.226962285000004	0.241777302619712	77	36	0.351054751448544	0.829676676533018
HROV-vOTU57540	Smoking_Status	Former_Smoker	1.56587383912058	1.6679134773554	77	45	0.35100505419168	0.829676676533018
HROV-vOTU66623	Sex	M	-0.351078838483666	0.374009443915036	77	10	0.351072479931145	0.829676676533018
HROV-vOTU46443	Age	Age	0.23024582240596	0.245379170446247	77	18	0.351257688126363	0.830029197368166
HROV-vOTU42672	diagnosis	RA	-0.730681967021642	0.779026364580725	77	24	0.351453703416601	0.830301150556075
HROV-vOTU52804	Smoking_Status	Never_Smoker	0.958421566724823	1.02203759211606	77	62	0.351549073207858	0.830301150556075
HROV-vOTU71197	Age	Age	-0.147810523223839	0.157616382411791	77	11	0.351533321408072	0.830301150556075
HROV-vOTU27268	Smoking_Status	Never_Smoker	1.02324311056078	1.09133330082789	77	63	0.351624337105053	0.830301150556075
HROV-vOTU32970	diagnosis	RA	-0.680918954621134	0.726285622552511	77	62	0.351661199414848	0.830301150556075
HROV-vOTU53204	Age	Age	-0.286044628881536	0.305070206525222	77	64	0.351610472278332	0.830301150556075
HROV-vOTU58176	Sex	M	-0.606277288988051	0.646639202528195	77	10	0.351637730813869	0.830301150556075
HROV-vOTU15594	Age	Age	-0.208414047265887	0.222206174267022	77	21	0.351459620455178	0.830301150556075
HROV-vOTU66841	Sex	M	0.578930332776614	0.617581296779088	77	63	0.351722707615342	0.83036124616928
HROV-vOTU62981	Smoking_Status	Never_Smoker	0.62062928793885	0.662504520342022	77	60	0.35204094017959	0.830462570698198
HROV-vOTU25750	Smoking_Status	Former_Smoker	1.33499277086711	1.42487301004616	77	63	0.351975550629386	0.830462570698198
HROV-vOTU24337	Sex	M	0.50014252064594	0.533902931212915	77	72	0.352054106718476	0.830462570698198
HROV-vOTU37537	Smoking_Status	Never_Smoker	0.86095442940042	0.918723481774989	77	68	0.351873503000443	0.830462570698198
HROV-vOTU03164	Smoking_Status	Former_Smoker	0.691766541779988	0.738220087021487	77	10	0.351897367194371	0.830462570698198
HROV-vOTU04983	diagnosis	RA	-0.652518830523921	0.696364112323344	77	36	0.351916132551442	0.830462570698198
HROV-vOTU67736	Smoking_Status	Former_Smoker	1.23286164076003	1.31590794406418	77	48	0.351990894215576	0.830462570698198
HROV-vOTU14600	Smoking_Status	Former_Smoker	-0.601954687593563	0.642267294981004	77	10	0.35181548203238	0.830462570698198
HROV-vOTU50739	Smoking_Status	Former_Smoker	-1.0291138417714	1.09874070016545	77	11	0.352123828943492	0.830541968513786
HROV-vOTU08702	Smoking_Status	Never_Smoker	-0.301930703649862	0.322386766819015	77	8	0.35216585505785	0.830556030924966
HROV-vOTU10057	diagnosis	RA	-0.740344797704897	0.790772400295989	77	56	0.352328451999981	0.830813975256964
HROV-vOTU33272	Sex	M	0.461913084898284	0.493497718288853	77	67	0.35244681418661	0.830813975256964
HROV-vOTU03764	Sex	M	0.669718184298005	0.715566454956191	77	18	0.352483175997513	0.830813975256964
HROV-vOTU18422	Sex	M	0.614081284887843	0.656181826022599	77	48	0.35252775363487	0.830813975256964
HROV-vOTU55080	Smoking_Status	Never_Smoker	0.420150713006594	0.448836740648906	77	8	0.35240098493872	0.830813975256964
HROV-vOTU51836	diagnosis	RA	-0.60093004208896	0.642033165193064	77	32	0.352456359939674	0.830813975256964
HROV-vOTU33751	Smoking_Status	Never_Smoker	-0.63733637620674	0.680990769290899	77	15	0.352499304513731	0.830813975256964
HROV-vOTU05956	Smoking_Status	Former_Smoker	1.27285333670435	1.36025744635644	77	72	0.3525766905932	0.830844283675576
HROV-vOTU42535	Smoking_Status	Never_Smoker	1.27210643706691	1.35957647716147	77	22	0.352617951635668	0.830856499505773
HROV-vOTU38389	diagnosis	RA	-0.668679391195834	0.715685861688577	77	52	0.353305815670413	0.831140941832907
HROV-vOTU02348	Sex	M	0.918367622229882	0.982625636023757	77	70	0.353159315941302	0.831140941832907
HROV-vOTU62884	Age	Age	0.160571481540181	0.17185813045231	77	8	0.353302696841138	0.831140941832907
HROV-vOTU21230	Smoking_Status	Former_Smoker	0.605448187039072	0.647947520138332	77	67	0.35325992886922	0.831140941832907
HROV-vOTU08333	Age	Age	0.391037104031484	0.418635519889509	77	31	0.353430974576424	0.831140941832907
HROV-vOTU24527	diagnosis	RA	-0.212692323548178	0.227675406908716	77	13	0.353371703902137	0.831140941832907
HROV-vOTU19606	Age	Age	0.275913957298539	0.295162732598953	77	46	0.353067127065311	0.831140941832907
HROV-vOTU11401	Sex	M	-0.248451523635391	0.265989273204608	77	8	0.353435769274744	0.831140941832907
HROV-vOTU36178	Age	Age	0.319057882254718	0.341432641613604	77	40	0.353229863912646	0.831140941832907
HROV-vOTU48553	Smoking_Status	Never_Smoker	0.589861594500566	0.631253588545898	77	29	0.353249892843157	0.831140941832907
HROV-vOTU49510	Sex	M	0.838930597207895	0.89760107333051	77	29	0.353143674017945	0.831140941832907
HROV-vOTU03839	Age	Age	-0.361773723361187	0.387343881060821	77	40	0.353476774964686	0.831140941832907
HROV-vOTU69490	Smoking_Status	Former_Smoker	0.831494799352547	0.889191806958887	77	25	0.352899723312248	0.831140941832907
HROV-vOTU56066	Age	Age	-0.311104955916413	0.333098249271219	77	33	0.353483099019448	0.831140941832907
HROV-vOTU20962	Age	Age	-0.281213116687995	0.30107905012941	77	37	0.353460562330823	0.831140941832907
HROV-vOTU35711	diagnosis	RA	-0.442572215605129	0.47369700032028	77	22	0.353319024400152	0.831140941832907
HROV-vOTU06106	Smoking_Status	Former_Smoker	0.980102790157663	1.0494198027198	77	24	0.353496549077435	0.831140941832907
HROV-vOTU71610	Smoking_Status	Never_Smoker	0.85800853924278	0.918187233025096	77	18	0.353234358684842	0.831140941832907
HROV-vOTU73961	Age	Age	0.279275006739027	0.298835177804437	77	18	0.353190299478855	0.831140941832907
HROV-vOTU15109	diagnosis	RA	-0.227107108779067	0.243131546540281	77	8	0.353422687792431	0.831140941832907
HROV-vOTU57629	diagnosis	RA	-0.287689219122235	0.307920202090916	77	9	0.353316938707225	0.831140941832907
HROV-vOTU71363	Age	Age	0.183739863978362	0.196829728516748	77	74	0.353727528419125	0.831277702070061
HROV-vOTU03533	Smoking_Status	Never_Smoker	-1.10527380152594	1.18407409739534	77	53	0.353751434579957	0.831277702070061
HROV-vOTU27815	Age	Age	0.291116029998531	0.311894560284762	77	66	0.353787429026801	0.831277702070061
HROV-vOTU46624	Smoking_Status	Former_Smoker	1.15338541055596	1.23585356908078	77	70	0.353843478653618	0.831277702070061
HROV-vOTU04421	Sex	M	0.382610442924581	0.409798445210615	77	75	0.353646213169155	0.831277702070061
HROV-vOTU30149	Age	Age	0.4239618989737	0.454062832005353	77	59	0.353619375636764	0.831277702070061
HROV-vOTU62404	Sex	M	-0.41748955592962	0.447255125209249	77	12	0.353752212071651	0.831277702070061
HROV-vOTU05374	Sex	M	0.418278562944636	0.448171794881961	77	14	0.353828444155801	0.831277702070061
HROV-vOTU22120	diagnosis	RA	-0.422645299897598	0.453034856869252	77	72	0.354023039893036	0.831465038178212
HROV-vOTU65493	Age	Age	-0.252153336580239	0.270297843391979	77	34	0.354047588592935	0.831465038178212
HROV-vOTU34617	Smoking_Status	Former_Smoker	0.686627814329557	0.73600676209977	77	14	0.354028368671534	0.831465038178212
HROV-vOTU55741	diagnosis	RA	-0.582024038537602	0.62393160143617	77	22	0.354067634798685	0.831465038178212
HROV-vOTU64884	Smoking_Status	Former_Smoker	0.694511331757041	0.74487321027323	77	73	0.354295588429288	0.831499538451308
HROV-vOTU36535	Age	Age	-0.251986622253976	0.270239826342881	77	65	0.354261278416681	0.831499538451308
HROV-vOTU01702	Age	Age	0.287976304749765	0.308774244892474	77	40	0.354164842652131	0.831499538451308
HROV-vOTU19997	diagnosis	RA	0.289084567304759	0.310049463686978	77	14	0.354298956614098	0.831499538451308
HROV-vOTU65619	diagnosis	RA	-0.737489074611113	0.790798723433448	77	55	0.354193540848023	0.831499538451308
HROV-vOTU26337	Smoking_Status	Never_Smoker	0.458173738038631	0.491261780857473	77	10	0.35416315987423	0.831499538451308
HROV-vOTU04606	diagnosis	RA	-0.449604258522309	0.482426086917014	77	73	0.354512945126109	0.831545371858674
HROV-vOTU00758	Smoking_Status	Former_Smoker	1.69386822301743	1.81760760253954	77	62	0.354535128366492	0.831545371858674
HROV-vOTU40123	Smoking_Status	Never_Smoker	0.905968124733338	0.972068531398155	77	68	0.35449488101308	0.831545371858674
HROV-vOTU52589	Sex	M	-0.4543763891766	0.48754138306617	77	9	0.354507836096789	0.831545371858674
HROV-vOTU47242	diagnosis	RA	0.37262544590468	0.399762218859668	77	12	0.354434605678994	0.831545371858674
HROV-vOTU31098	Smoking_Status	Never_Smoker	0.754776316691812	0.809759542396145	77	15	0.354444046480886	0.831545371858674
HROV-vOTU21580	Smoking_Status	Never_Smoker	-0.474488155369839	0.509384364605321	77	76	0.354755087262136	0.831807132930869
HROV-vOTU11091	diagnosis	RA	-0.572193625854965	0.614244739769089	77	65	0.354731074707601	0.831807132930869
HROV-vOTU16350	Smoking_Status	Former_Smoker	1.17988778110478	1.2664983058807	77	23	0.354693057234705	0.831807132930869
HROV-vOTU50270	Sex	M	0.713559363515733	0.766103841052368	77	43	0.354796159883106	0.831818748051301
HROV-vOTU02899	Smoking_Status	Never_Smoker	1.55126664627072	1.66563569067866	77	57	0.354835841513703	0.831827099965451
HROV-vOTU04023	Smoking_Status	Never_Smoker	1.09238523428777	1.17399404466379	77	62	0.355272472132804	0.832372131244713
HROV-vOTU02249	Age	Age	-0.302881603660315	0.325640675826959	77	20	0.355465910151617	0.832372131244713
HROV-vOTU63635	Age	Age	0.193224353438609	0.207619447642232	77	18	0.355180082434368	0.832372131244713
HROV-vOTU57856	Smoking_Status	Former_Smoker	-0.924142106562529	0.993148497340405	77	35	0.355256350325915	0.832372131244713
HROV-vOTU43426	Smoking_Status	Former_Smoker	1.00483276323163	1.08012535128767	77	48	0.355371901454319	0.832372131244713
HROV-vOTU72547	Sex	M	-0.318442430356444	0.342367488870183	77	10	0.355461325715251	0.832372131244713
HROV-vOTU22961	Smoking_Status	Former_Smoker	1.1723749356521	1.25975676512835	77	48	0.355195504748198	0.832372131244713
HROV-vOTU33152	Age	Age	0.113352483021936	0.12180171889789	77	8	0.355197932820891	0.832372131244713
HROV-vOTU33355	Age	Age	0.295265151020955	0.317375630229641	77	56	0.355350993961245	0.832372131244713
HROV-vOTU13956	Sex	M	0.683150118352872	0.734212288813862	77	26	0.355289460819466	0.832372131244713
HROV-vOTU06299	Age	Age	0.232970768755032	0.250463272317136	77	11	0.355440438432587	0.832372131244713
HROV-vOTU14772	Sex	M	0.700087551852466	0.752755569720359	77	23	0.355505405714569	0.83237998104987
HROV-vOTU47918	Age	Age	0.135985628609499	0.1462289400343	77	18	0.355548012483989	0.832395113094059
HROV-vOTU07984	Smoking_Status	Former_Smoker	-0.720864884375905	0.77539771695997	77	10	0.355691506468998	0.832646411260523
HROV-vOTU20479	Smoking_Status	Former_Smoker	1.13964502505756	1.22641676692208	77	35	0.355909311686629	0.832868495983098
HROV-vOTU14459	Sex	M	0.6657906538579	0.716488683443857	77	26	0.355912791285461	0.832868495983098
HROV-vOTU13703	Smoking_Status	Never_Smoker	1.16708742506417	1.25626623213361	77	25	0.356030208921095	0.832868495983098
HROV-vOTU11329	Smoking_Status	Never_Smoker	0.618222697684341	0.665437251720574	77	10	0.356012448188603	0.832868495983098
HROV-vOTU51433	Sex	M	0.583835840848043	0.628230943733876	77	23	0.355865375083648	0.832868495983098
HROV-vOTU14774	Smoking_Status	Never_Smoker	0.470298749986542	0.506200148549593	77	11	0.355997344313431	0.832868495983098
HROV-vOTU53025	Smoking_Status	Former_Smoker	0.840061797246569	0.904269738357947	77	12	0.356039528569414	0.832868495983098
HROV-vOTU24480	Sex	M	0.564166199310449	0.607441557467944	77	43	0.35616136710918	0.832952452367996
HROV-vOTU72898	Sex	M	0.418677171941852	0.450753690601703	77	16	0.35612016417733	0.832952452367996
HROV-vOTU67791	Smoking_Status	Former_Smoker	1.09359078230611	1.17756361535124	77	55	0.35619670379547	0.832952452367996
HROV-vOTU04694	diagnosis	RA	-0.345883827706471	0.372461200790028	77	11	0.356220091331845	0.832952452367996
HROV-vOTU29721	Age	Age	-0.234392446137255	0.252444012522449	77	11	0.356297897476621	0.833049804963105
HROV-vOTU65644	Smoking_Status	Never_Smoker	0.840340802717796	0.905159304533173	77	22	0.356350851964486	0.833089038751611
HROV-vOTU32755	Smoking_Status	Former_Smoker	1.09890459199001	1.1841448640608	77	73	0.356543790871924	0.833194084987801
HROV-vOTU27815	Sex	M	0.74656746725398	0.804593750781226	77	66	0.356612856957219	0.833194084987801
HROV-vOTU07285	Sex	M	0.858311827056248	0.92476290033711706	77	56	0.356478246466758	0.833194084987801
HROV-vOTU19145	diagnosis	RA	-0.860458545120758	0.927331822855229	77	54	0.356610234582136	0.833194084987801
HROV-vOTU12907	Smoking_Status	Never_Smoker	0.941583418385569	1.01467518224952	77	48	0.356569535469871	0.833194084987801
HROV-vOTU73871	Smoking_Status	Never_Smoker	0.567561352397418	0.611513313046733	77	15	0.356486832252356	0.833194084987801
HROV-vOTU01160	Age	Age	-0.0924215969197687	0.0996215727247467	77	9	0.356692471305995	0.833295558346224
HROV-vOTU05778	Smoking_Status	Former_Smoker	-0.558860589235549	0.602777221986138	77	77	0.356993408845498	0.833623333436616
HROV-vOTU33154	Smoking_Status	Never_Smoker	0.80398940499705	0.867076352483913	77	61	0.356942416333865	0.833623333436616
HROV-vOTU21688	Sex	M	-0.36112552848831	0.389586349399007	77	72	0.357094872901978	0.833623333436616
HROV-vOTU47756	diagnosis	RA	0.647259186222142	0.698197294429765	77	13	0.357044684984515	0.833623333436616
HROV-vOTU53029	Smoking_Status	Former_Smoker	1.34573696590868	1.45168607799691	77	61	0.357058542201213	0.833623333436616
HROV-vOTU11316	Sex	M	0.848052632854735	0.914924676264833	77	23	0.357113574819838	0.833623333436616
HROV-vOTU67752	Smoking_Status	Never_Smoker	0.794704625651613	0.857385732073052	77	24	0.357122353785743	0.833623333436616
HROV-vOTU14043	Smoking_Status	Never_Smoker	0.697808576258018	0.752525568742699	77	9	0.356918138738678	0.833623333436616
HROV-vOTU63559	Smoking_Status	Never_Smoker	0.710026210321158	0.766086736132839	77	28	0.357158727713203	0.833623745741873
HROV-vOTU00371	Smoking_Status	Former_Smoker	1.16122306520299	1.253018472719	77	74	0.357200831265853	0.833629189094983
HROV-vOTU50212	Smoking_Status	Former_Smoker	1.35296912664247	1.46019649312388	77	52	0.357290626056649	0.833629189094983
HROV-vOTU67636	diagnosis	RA	-0.644396638553251	0.695489399044511	77	22	0.357305850002457	0.833629189094983
HROV-vOTU73731	Smoking_Status	Never_Smoker	0.480965626752305	0.519055738336394	77	9	0.357264811246227	0.833629189094983
HROV-vOTU13703	Age	Age	0.348479952273243	0.376275671824538	77	25	0.35751613777799	0.833950840983198
HROV-vOTU71497	Sex	M	-0.681913192810576	0.736272728638523	77	15	0.357495538686516	0.833950840983198
HROV-vOTU03303	diagnosis	RA	0.316427600430384	0.341700403791996	77	76	0.357563227378324	0.833976212935265
HROV-vOTU01529	Smoking_Status	Never_Smoker	-1.25680339163946	1.35770940569821	77	52	0.357748472774534	0.833997435201846
HROV-vOTU62616	Sex	M	0.624031037514935	0.674043105301528	77	64	0.357684649579113	0.833997435201846
HROV-vOTU22477	diagnosis	RA	0.37965155490824	0.41003797468397	77	11	0.357637792505011	0.833997435201846
HROV-vOTU10672	Age	Age	0.27093305166512	0.292706464409157	77	40	0.357782409895901	0.833997435201846
HROV-vOTU48546	Smoking_Status	Never_Smoker	1.50865243829608	1.62998070834305	77	24	0.357807651462417	0.833997435201846
HROV-vOTU68446	Sex	M	-0.520642086133719	0.562342110130956	77	18	0.357662482614414	0.833997435201846
HROV-vOTU34090	Smoking_Status	Former_Smoker	-1.00284030608226	1.08353154394301	77	8	0.357825820982607	0.833997435201846
HROV-vOTU04413	Smoking_Status	Former_Smoker	1.22318846096388	1.32225092156935	77	42	0.35805767610393	0.834031382691767
HROV-vOTU12973	Smoking_Status	Former_Smoker	1.02533868527339	1.10835838463597	77	63	0.358049275589049	0.834031382691767
HROV-vOTU31896	Smoking_Status	Former_Smoker	-1.44286968473679	1.55933238384037	77	57	0.357937843332392	0.834031382691767
HROV-vOTU18618	Smoking_Status	Never_Smoker	0.599664691481371	0.648113221228963	77	63	0.357971746349584	0.834031382691767
HROV-vOTU44820	diagnosis	RA	-0.298402252006147	0.322514444530606	77	9	0.357976885746752	0.834031382691767
HROV-vOTU13935	Sex	M	0.465786373245652	0.503488130675056	77	16	0.358037822285875	0.834031382691767
HROV-vOTU06360	Smoking_Status	Never_Smoker	0.712750221854592	0.770714442219695	77	29	0.358206901451133	0.834294593489038
HROV-vOTU54484	Smoking_Status	Former_Smoker	-0.92497449505462	1.00094087765609	77	73	0.358561728601129	0.834311613227506
HROV-vOTU58042	diagnosis	RA	-0.457686849526368	0.494968918313018	77	73	0.358265604668235	0.834311613227506
HROV-vOTU34920	diagnosis	RA	-0.444040953397367	0.481034711239351	77	73	0.359083914680014	0.834311613227506
HROV-vOTU35520	diagnosis	RA	0.436278279741763	0.472313655655207	77	58	0.358768801837559	0.834311613227506
HROV-vOTU57119	Sex	M	-1.00178701798469	1.08470889693032	77	38	0.358846783066771	0.834311613227506
HROV-vOTU42672	Smoking_Status	Former_Smoker	1.73394793910868	1.87848464658881	77	24	0.359103939765582	0.834311613227506
HROV-vOTU62704	Smoking_Status	Never_Smoker	0.681050885625703	0.737890507737748	77	59	0.359148777181944	0.834311613227506
HROV-vOTU02236	Smoking_Status	Former_Smoker	1.39763335650287	1.51183095500952	77	61	0.358376150355921	0.834311613227506
HROV-vOTU43762	Smoking_Status	Former_Smoker	1.91446467460625	2.07164916734653	77	28	0.358550930819081	0.834311613227506
HROV-vOTU70315	Smoking_Status	Former_Smoker	1.40204274678275	1.51903500811195	77	49	0.359142360801635	0.834311613227506
HROV-vOTU11240	Smoking_Status	Former_Smoker	1.91383689399587	2.07337538282845	77	52	0.359105501044335	0.834311613227506
HROV-vOTU41053	Age	Age	-0.144182403318852	0.156037496657528	77	12	0.358603581462506	0.834311613227506
HROV-vOTU11758	Smoking_Status	Former_Smoker	-0.786142218186742	0.851216162674494	77	19	0.358847815508201	0.834311613227506
HROV-vOTU35657	Smoking_Status	Never_Smoker	0.977562839781178	1.0592399834519	77	35	0.359189824196458	0.834311613227506
HROV-vOTU64896	diagnosis	RA	-0.317603267246157	0.343682526177441	77	19	0.35855493278886	0.834311613227506
HROV-vOTU19022	Smoking_Status	Former_Smoker	2.10958838748875	2.28279899772369	77	37	0.358552134846538	0.834311613227506
HROV-vOTU15595	Age	Age	0.259800743370655	0.281237763426027	77	38	0.358731771099367	0.834311613227506
HROV-vOTU70281	Smoking_Status	Former_Smoker	1.59237258349505	1.72392693785116	77	48	0.358776781489706	0.834311613227506
HROV-vOTU02347	Age	Age	0.222761926256804	0.241248066672979	77	19	0.358940361246508	0.834311613227506
HROV-vOTU00709	Sex	M	-0.517155883498116	0.559734711501454	77	18	0.358652045690742	0.834311613227506
HROV-vOTU56004	Smoking_Status	Never_Smoker	0.711883457294168	0.770853702513914	77	18	0.35887456712821	0.834311613227506
HROV-vOTU69480	diagnosis	RA	0.613581352759391	0.663659077257827	77	39	0.358335346288083	0.834311613227506
HROV-vOTU71255	Age	Age	-0.142498746265827	0.154130273280464	77	13	0.358339767543976	0.834311613227506
HROV-vOTU17126	Sex	M	0.427799589179633	0.46354546249842	77	12	0.35919234238605	0.834311613227506
HROV-vOTU48096	diagnosis	RA	-0.406281365126163	0.439511175110546	77	12	0.358412501606045	0.834311613227506
HROV-vOTU19710	Smoking_Status	Former_Smoker	1.35462996745283	1.46701692205145	77	26	0.358931085955806	0.834311613227506
HROV-vOTU71176	Smoking_Status	Former_Smoker	0.746262928317365	0.808227427260886	77	14	0.358961083270859	0.834311613227506
HROV-vOTU72267	Smoking_Status	Former_Smoker	-1.55142138091459	1.68118329571238	77	29	0.359228992520929	0.834312595578559
HROV-vOTU17332	Age	Age	0.36797221657891	0.398903262467082	77	64	0.359412953941428	0.83462353835146
HROV-vOTU52308	Age	Age	-0.255027409531069	0.276477496711614	77	48	0.359435356203638	0.83462353835146
HROV-vOTU44418	diagnosis	RA	-0.42300049670256	0.458666397616738	77	46	0.359526766241605	0.834751630864417
HROV-vOTU50767	Sex	M	0.88143097413155	0.956296311763954	77	39	0.359799630299254	0.835300956229014
HROV-vOTU04606	Smoking_Status	Former_Smoker	1.07170216339273	1.16328540161188	77	73	0.360028347598331	0.835494481638612
HROV-vOTU13070	Smoking_Status	Former_Smoker	-1.16478137788239	1.26457725172186	77	69	0.360125961742544	0.835494481638612
HROV-vOTU67392	Smoking_Status	Never_Smoker	0.906774625924306	0.984591221949085	77	56	0.360187155324572	0.835494481638612
HROV-vOTU46686	diagnosis	RA	-0.463067336722767	0.502691991881482	77	73	0.360078540373379	0.835494481638612
HROV-vOTU20282	Smoking_Status	Never_Smoker	-1.28855849867012	1.3992167860212	77	52	0.360213836471485	0.835494481638612
HROV-vOTU03657	Age	Age	-0.393251763619161	0.427084283455994	77	47	0.360282053719195	0.835494481638612
HROV-vOTU24574	Smoking_Status	Former_Smoker	-1.71876746426027	1.86527186076535	77	47	0.35993251147607	0.835494481638612
HROV-vOTU36109	Smoking_Status	Former_Smoker	0.90872905947356	0.986360289656631	77	17	0.360016244134599	0.835494481638612
HROV-vOTU36894	Age	Age	-0.206395095977826	0.224138604533302	77	13	0.360253883384164	0.835494481638612
HROV-vOTU51416	diagnosis	RA	-0.302896090316385	0.328754636242045	77	14	0.359991014460825	0.835494481638612
HROV-vOTU52765	diagnosis	RA	0.393066103537858	0.426794095147427	77	12	0.360182985823646	0.835494481638612
HROV-vOTU23606	Smoking_Status	Never_Smoker	1.02028428749487	1.10866122176844	77	71	0.360540145582283	0.83554646050834
HROV-vOTU01387	Age	Age	-0.198115764160281	0.215333324001608	77	65	0.360666081087731	0.83554646050834
HROV-vOTU43167	Smoking_Status	Former_Smoker	1.26193997077547	1.37151133489411	77	40	0.360631444885504	0.83554646050834
HROV-vOTU66207	Smoking_Status	Former_Smoker	-1.53321921420866	1.66561156496912	77	31	0.360421205796157	0.83554646050834
HROV-vOTU12887	Smoking_Status	Never_Smoker	-0.693415167261902	0.753598016165071	77	28	0.360615729292371	0.83554646050834
HROV-vOTU27268	Sex	M	0.775786695044427	0.843239060541261	77	63	0.360683866543504	0.83554646050834
HROV-vOTU01448	Age	Age	-0.301127168177989	0.327276945497492	77	63	0.360636687126759	0.83554646050834
HROV-vOTU13912	Sex	M	-0.667474480413055	0.725074586762687	77	26	0.360397615388511	0.83554646050834
HROV-vOTU39131	Age	Age	-0.153137319519074	0.16645902269908	77	15	0.360703556681455	0.83554646050834
HROV-vOTU34908	Sex	M	0.35060917168756	0.381035619976778	77	12	0.360611215168287	0.83554646050834
HROV-vOTU64565	Smoking_Status	Never_Smoker	0.381510129729758	0.414687229038262	77	9	0.360690680742932	0.83554646050834
HROV-vOTU14202	Smoking_Status	Former_Smoker	1.6526657637859	1.796905332859	77	50	0.36082873356961	0.835752361873491
HROV-vOTU16478	Age	Age	-0.28142112468429	0.306045821368912	77	39	0.360927221027231	0.835896409921273
HROV-vOTU16293	Sex	M	0.959257158124631	1.04366914860597	77	49	0.361144908302823	0.836029521294914
HROV-vOTU49128	Age	Age	0.401337858938404	0.436733335016753	77	42	0.361231100372936	0.836029521294914
HROV-vOTU35084	diagnosis	RA	-0.61496447164295	0.66915623296207	77	67	0.361199542406245	0.836029521294914
HROV-vOTU07654	Smoking_Status	Former_Smoker	1.15819816695482	1.26011433871589	77	36	0.361144120295788	0.836029521294914
HROV-vOTU25654	Smoking_Status	Former_Smoker	0.895900878595362	0.974618159434051	77	15	0.361086364585562	0.836029521294914
HROV-vOTU74826	Smoking_Status	Never_Smoker	0.411259498495605	0.447537227640418	77	14	0.361238808788784	0.836029521294914
HROV-vOTU27473	Age	Age	0.13981754316774	0.15210474203053	77	8	0.361093565199192	0.836029521294914
HROV-vOTU28665	Smoking_Status	Never_Smoker	-0.914446410662925	0.99551985350865	77	34	0.361434935722708	0.8360706895005
HROV-vOTU67392	Smoking_Status	Former_Smoker	1.27661170736006	1.3899091447257	77	56	0.361474418382826	0.8360706895005
HROV-vOTU16270	Age	Age	0.504454823316371	0.54910455595018	77	44	0.361370201555365	0.8360706895005
HROV-vOTU41054	diagnosis	RA	0.971120495238415	1.05710511097042	77	28	0.361383703479578	0.8360706895005
HROV-vOTU18571	diagnosis	RA	0.273116890678892	0.297274957352737	77	59	0.361344919511208	0.8360706895005
HROV-vOTU31976	diagnosis	RA	-0.426455128999824	0.464286451531826	77	55	0.36145801922265	0.8360706895005
HROV-vOTU57416	Smoking_Status	Former_Smoker	-1.47493696552926	1.6061578653079	77	37	0.361570232738879	0.83620832094561
HROV-vOTU06882	diagnosis	RA	0.450195398191462	0.490289620754887	77	35	0.361610764377003	0.836218084506716
HROV-vOTU70688	Smoking_Status	Former_Smoker	0.793351436022875	0.864093595688712	77	9	0.361658600049445	0.836244734853284
HROV-vOTU00482	diagnosis	RA	-0.463252963237509	0.504734744008271	77	73	0.361823249172614	0.836279848063157
HROV-vOTU04675	Age	Age	-0.383554086917205	0.417927375238434	77	51	0.361855348933972	0.836279848063157
HROV-vOTU74567	Smoking_Status	Former_Smoker	1.22097397399189	1.33032243592385	77	43	0.361829308615611	0.836279848063157
HROV-vOTU11425	Smoking_Status	Never_Smoker	0.501677509183521	0.546527326538124	77	9	0.361759790242839	0.836279848063157
HROV-vOTU42319	Smoking_Status	Former_Smoker	0.805124904919694	0.877212103384156	77	10	0.361819248399574	0.836279848063157
HROV-vOTU10733	diagnosis	RA	-0.183121596293763	0.199583462897803	77	8	0.361977090074274	0.836477261128891
HROV-vOTU11407	Age	Age	0.273268606643476	0.297886888773451	77	18	0.362061327554027	0.836587977683278
HROV-vOTU53602	diagnosis	RA	-0.377915058292123	0.411999065348373	77	25	0.362105707519781	0.836606585491628
HROV-vOTU20060	Smoking_Status	Former_Smoker	1.28766816710562	1.40410711966968	77	29	0.362209269748147	0.836761910151453
HROV-vOTU02408	diagnosis	RA	-0.87662678856573	0.956065614357681	77	35	0.362293523586716	0.836872602628092
HROV-vOTU37702	Age	Age	0.132180758728848	0.14418181905138	77	12	0.362369666922467	0.836916228941748
HROV-vOTU58176	Smoking_Status	Former_Smoker	1.08303596108313	1.1814060067657	77	10	0.362385090534395	0.836916228941748
HROV-vOTU25231	Smoking_Status	Former_Smoker	0.805618794621782	0.878863398408147	77	43	0.362424085715788	0.836922359774852
HROV-vOTU30335	Age	Age	-0.298870094750812	0.326103524992014	77	29	0.362513348913367	0.836960644157878
HROV-vOTU07154	Smoking_Status	Former_Smoker	1.00429712820528	1.09576818731301	77	24	0.362495148796647	0.836960644157878
HROV-vOTU39186	Age	Age	0.277621149290455	0.302944327160244	77	65	0.362554269125104	0.836971212705608
HROV-vOTU69097	diagnosis	RA	-0.189170271095886	0.206492089106724	77	9	0.362708360781937	0.83724301381257
HROV-vOTU47269	Sex	M	0.726307083689542	0.793026523421325	77	24	0.362836788410948	0.837455525867322
HROV-vOTU28517	Sex	M	-0.73098292580268	0.798219242656124	77	31	0.362889000218844	0.837492100915921
HROV-vOTU69410	Smoking_Status	Former_Smoker	-1.0617453768448	1.16166623346472	77	10	0.363818264172204	0.837546373457802
HROV-vOTU53073	Smoking_Status	Former_Smoker	1.29887872207774	1.41905560076972	77	72	0.363126113960926	0.837546373457802
HROV-vOTU55745	diagnosis	RA	-0.531070981728491	0.58116974362007	77	67	0.363916483860227	0.837546373457802
HROV-vOTU19754	Smoking_Status	Never_Smoker	0.560720114339918	0.613767895745273	77	77	0.364034654016241	0.837546373457802
HROV-vOTU02401	Smoking_Status	Former_Smoker	-0.487325157778062	0.533358538844737	77	77	0.363971387439118	0.837546373457802
HROV-vOTU45518	Age	Age	0.183194122104433	0.200315803344031	77	11	0.363535670499066	0.837546373457802
HROV-vOTU54818	Smoking_Status	Never_Smoker	-1.3650925558932	1.49343242807759	77	37	0.363777071850459	0.837546373457802
HROV-vOTU54265	Smoking_Status	Former_Smoker	1.13797690588711	1.2433274160453	77	55	0.363149458393219	0.837546373457802
HROV-vOTU44842	Smoking_Status	Former_Smoker	-1.50280611302781	1.64241415032323	77	29	0.363289688506843	0.837546373457802
HROV-vOTU37824	Smoking_Status	Former_Smoker	-1.0355365532191	1.13146540202436	77	25	0.363175583466968	0.837546373457802
HROV-vOTU69623	Smoking_Status	Former_Smoker	-1.60048456444426	1.74967374283176	77	65	0.363427930421848	0.837546373457802
HROV-vOTU66910	diagnosis	RA	-0.55681722697764	0.608355697508546	77	51	0.363141609879926	0.837546373457802
HROV-vOTU43325	Smoking_Status	Never_Smoker	-0.739562458342439	0.808257062242331	77	13	0.363284114648973	0.837546373457802
HROV-vOTU50970	Sex	M	0.726003253261431	0.793944392241485	77	70	0.36358821429174	0.837546373457802
HROV-vOTU59611	Age	Age	0.333328686270586	0.364708355228136	77	40	0.363831481168208	0.837546373457802
HROV-vOTU16888	Smoking_Status	Former_Smoker	-0.743235444507751	0.812586236277214	77	11	0.363469079827797	0.837546373457802
HROV-vOTU73206	Sex	M	0.475137120414063	0.519894570486345	77	66	0.36385706758394	0.837546373457802
HROV-vOTU15698	Age	Age	-0.34049395406908	0.372128759601505	77	30	0.363294197945479	0.837546373457802
HROV-vOTU16677	Age	Age	-0.286071960799936	0.313001744092639	77	44	0.363829770819815	0.837546373457802
HROV-vOTU68419	diagnosis	RA	-0.282031835850848	0.308596449226824	77	20	0.363853190579645	0.837546373457802
HROV-vOTU38904	Smoking_Status	Never_Smoker	0.718867775960932	0.786872197639261	77	25	0.364031526377517	0.837546373457802
HROV-vOTU44189	Sex	M	-0.719147135961339	0.785443997895536	77	55	0.362979640723576	0.837546373457802
HROV-vOTU03404	Smoking_Status	Former_Smoker	1.34565621881656	1.47144940184176	77	54	0.363543942882823	0.837546373457802
HROV-vOTU39986	Smoking_Status	Never_Smoker	0.611184231000351	0.668194353733506	77	12	0.363455473270139	0.837546373457802
HROV-vOTU42099	Age	Age	-0.216092956952367	0.236120786396855	77	10	0.363195095891911	0.837546373457802
HROV-vOTU69480	Sex	M	0.800762167736277	0.875917873596404	77	39	0.363707183043726	0.837546373457802
HROV-vOTU42122	diagnosis	RA	0.31179999271711	0.341328097756231	77	12	0.364076280707167	0.837546373457802
HROV-vOTU28790	Age	Age	-0.116670390386457	0.127701456935355	77	10	0.364009581905158	0.837546373457802
HROV-vOTU49059	Sex	M	0.554967838052572	0.606870820878325	77	13	0.36356286822747	0.837546373457802
HROV-vOTU05374	Age	Age	-0.158738692228338	0.173730338771609	77	14	0.363963094375356	0.837546373457802
HROV-vOTU21972	Sex	M	0.392220376296837	0.428393527429425	77	13	0.362996424314665	0.837546373457802
HROV-vOTU12310	diagnosis	RA	-0.255139700702065	0.27928090903336	77	9	0.364040336928844	0.837546373457802
HROV-vOTU17300	Smoking_Status	Never_Smoker	-0.748298661385003	0.81950602825127306	77	13	0.364275301438749	0.837672756148686
HROV-vOTU41251	Age	Age	-0.212597897439139	0.232829193068183	77	12	0.364276710934828	0.837672756148686
HROV-vOTU47480	Smoking_Status	Never_Smoker	1.15860713436196	1.26880503608844	77	31	0.364254999785543	0.837672756148686
HROV-vOTU15867	Age	Age	-0.153280955862409	0.167833106816831	77	17	0.364178946505111	0.837672756148686
HROV-vOTU67096	Smoking_Status	Former_Smoker	1.45670199756594	1.59558780975786	77	24	0.364355248288255	0.837769705279405
HROV-vOTU14207	Smoking_Status	Former_Smoker	0.979390334266837	1.07290187536996	77	71	0.364414756484616	0.837822885279096
HROV-vOTU59313	Smoking_Status	Never_Smoker	0.435593322617948	0.47751940068807	77	76	0.364750300044174	0.837872678673471
HROV-vOTU22926	Smoking_Status	Former_Smoker	0.91940448590442	1.00751730994699	77	64	0.364570345072296	0.837872678673471
HROV-vOTU03270	Smoking_Status	Former_Smoker	1.15411127806935	1.26467154984968	77	49	0.36455296012907	0.837872678673471
HROV-vOTU33092	Sex	M	-0.541973829746855	0.593990358265637	77	15	0.364630929483013	0.837872678673471
HROV-vOTU64314	Sex	M	0.401259858681108	0.439760202849957	77	14	0.364618994355664	0.837872678673471
HROV-vOTU65784	Sex	M	-0.527576769947308	0.578326908698156	77	21	0.364726068065533	0.837872678673471
HROV-vOTU23270	Smoking_Status	Former_Smoker	1.13731458604618	1.24691226830136	77	26	0.364800232264824	0.837872678673471
HROV-vOTU74336	Smoking_Status	Former_Smoker	-0.478052918761714	0.523813008158404	77	10	0.36452028697346	0.837872678673471
HROV-vOTU52066	diagnosis	RA	-0.418094840672852	0.458302908362785	77	12	0.36471516583351	0.837872678673471
HROV-vOTU05652	Age	Age	-0.117078730162939	0.128354928227086	77	9	0.364777458358424	0.837872678673471
HROV-vOTU02746	diagnosis	RA	-0.468728452680621	0.51403733423862	77	66	0.364929837109154	0.837891502794631
HROV-vOTU73280	diagnosis	RA	-0.503251652674442	0.552495861551676	77	70	0.365446272267941	0.837891502794631
HROV-vOTU62011	Age	Age	0.278525363643602	0.305531272646335	77	53	0.365058905085788	0.837891502794631
HROV-vOTU57556	diagnosis	RA	-0.536692211123589	0.588632521572704	77	56	0.364979911864739	0.837891502794631
HROV-vOTU07151	Smoking_Status	Never_Smoker	0.859338358901321	0.943266968502185	77	22	0.365365717548377	0.837891502794631
HROV-vOTU66553	diagnosis	RA	0.450820188560337	0.494872582001549	77	24	0.365387239754788	0.837891502794631
HROV-vOTU67503	Age	Age	-0.22628619919413	0.24843765133195	77	27	0.365463315048722	0.837891502794631
HROV-vOTU27429	Smoking_Status	Never_Smoker	-0.675460404140343	0.741094356328059	77	23	0.365149677376166	0.837891502794631
HROV-vOTU73181	diagnosis	RA	-0.483444775121417	0.530290042508791	77	44	0.36503221030064	0.837891502794631
HROV-vOTU17545	Smoking_Status	Never_Smoker	-0.58422832214296	0.64095629433608	77	10	0.365119160390884	0.837891502794631
HROV-vOTU51059	Age	Age	0.123488817558846	0.135570519876667	77	10	0.365439477926915	0.837891502794631
HROV-vOTU31815	Smoking_Status	Former_Smoker	1.22093684590376	1.3397860087464	77	54	0.365225009243461	0.837891502794631
HROV-vOTU44615	diagnosis	RA	0.419267008889358	0.460022371559914	77	28	0.365165760872314	0.837891502794631
HROV-vOTU70611	Smoking_Status	Former_Smoker	1.12855797478922	1.23751015397138	77	37	0.364876649915883	0.837891502794631
HROV-vOTU10232	Smoking_Status	Never_Smoker	-0.369060199178983	0.405110286090603	77	11	0.365371897459731	0.837891502794631
HROV-vOTU19339	Sex	M	0.6868058400128	0.753973389116959	77	32	0.365422365694929	0.837891502794631
HROV-vOTU29846	Sex	M	0.263626949809354	0.289143742944275	77	11	0.364985437383142	0.837891502794631
HROV-vOTU04926	Smoking_Status	Never_Smoker	0.301797835702055	0.331180244516352	77	11	0.365231665047682	0.837891502794631
HROV-vOTU60665	diagnosis	RA	0.437232084556655	0.480093542408323	77	75	0.365523126270343	0.8379452118262
HROV-vOTU38840	Sex	M	-0.27443672032986	0.301392018735493	77	9	0.365606194943895	0.838052221514671
HROV-vOTU70799	diagnosis	RA	-0.611884680165158	0.672293650337976	77	69	0.365825585782354	0.838313260548849
HROV-vOTU15208	Smoking_Status	Never_Smoker	0.800928434185698	0.879927702068271	77	17	0.365785911553287	0.838313260548849
HROV-vOTU48671	diagnosis	RA	0.186533968965811	0.20495132240037	77	8	0.365829277833953	0.838313260548849
HROV-vOTU64011	Smoking_Status	Never_Smoker	-0.80289132845533	0.882625455455319	77	39	0.36607826281067	0.838451706670136
HROV-vOTU67011	Smoking_Status	Former_Smoker	1.12060420831726	1.23192115719393	77	50	0.366090315611648	0.838451706670136
HROV-vOTU21746	Sex	M	0.664063863178351	0.730088207319884	77	61	0.366128526058956	0.838451706670136
HROV-vOTU43228	Age	Age	0.206946315017358	0.227536225415742	77	27	0.366158555049785	0.838451706670136
HROV-vOTU12871	Smoking_Status	Never_Smoker	0.628042720547558	0.690561634208811	77	14	0.366180949443692	0.838451706670136
HROV-vOTU09121	Age	Age	0.135702546687011	0.149155545852232	77	14	0.36600334224466	0.838451706670136
HROV-vOTU15604	Smoking_Status	Former_Smoker	2.19057756897207	2.40780695755196	77	43	0.366016094793703	0.838451706670136
HROV-vOTU26634	diagnosis	RA	0.288576080945176	0.317229600980092	77	9	0.366071341420839	0.838451706670136
HROV-vOTU53602	Smoking_Status	Former_Smoker	0.903296121700747	0.99346306345151	77	25	0.366299805976188	0.838480479061718
HROV-vOTU15774	Sex	M	0.574948604101512	0.632326843372954	77	20	0.366289947744563	0.838480479061718
HROV-vOTU01791	Sex	M	-0.47674595554631	0.524337924363945	77	11	0.366302739897522	0.838480479061718
HROV-vOTU37133	Sex	M	0.621480773959117	0.68424817490837	77	27	0.3668092936959	0.838549413846027
HROV-vOTU09854	Age	Age	0.260134785183275	0.286477044557714	77	27	0.366924973663065	0.838549413846027
HROV-vOTU00352	Smoking_Status	Former_Smoker	1.40494837724728	1.54636395620045	77	65	0.366661627539495	0.838549413846027
HROV-vOTU55030	diagnosis	RA	-0.454951099656035	0.500783215584678	77	73	0.366698593649918	0.838549413846027
HROV-vOTU26100	Smoking_Status	Former_Smoker	-1.17270715548188	1.29103048944673	77	55	0.366766479609828	0.838549413846027
HROV-vOTU43798	Smoking_Status	Never_Smoker	1.30953031418407	1.44266076005933	77	56	0.367097489813098	0.838549413846027
HROV-vOTU57416	Sex	M	0.798727640622986	0.879125918785911	77	37	0.36666274576894903	0.838549413846027
HROV-vOTU73023	Age	Age	-0.273975037057979	0.301682574915749	77	31	0.366867746522672	0.838549413846027
HROV-vOTU22418	diagnosis	RA	0.561553832248866	0.617798089385188	77	59	0.366446380740462	0.838549413846027
HROV-vOTU68572	Smoking_Status	Former_Smoker	-1.69598648885992	1.86725799329439	77	29	0.366804893768502	0.838549413846027
HROV-vOTU48081	Age	Age	0.258899290124956	0.285210588052645	77	30	0.36708226582859	0.838549413846027
HROV-vOTU16803	Smoking_Status	Former_Smoker	-1.03674716415928	1.1420102609844	77	42	0.367040982499025	0.838549413846027
HROV-vOTU03613	Age	Age	0.186276588053548	0.204983336610504	77	15	0.366561713918962	0.838549413846027
HROV-vOTU28238	diagnosis	RA	-0.735703907207752	0.809629244280946	77	41	0.36658677360937	0.838549413846027
HROV-vOTU12009	Smoking_Status	Never_Smoker	0.540935922017301	0.595429737895143	77	26	0.366698212976599	0.838549413846027
HROV-vOTU71482	Smoking_Status	Never_Smoker	0.398021103862834	0.438395723826747	77	15	0.367000459824164	0.838549413846027
HROV-vOTU41896	Smoking_Status	Never_Smoker	0.461509298136305	0.508030327536025	77	9	0.366725075512522	0.838549413846027
HROV-vOTU07878	Age	Age	0.193599291920974	0.213177583435497	77	17	0.366866143050556	0.838549413846027
HROV-vOTU38448	Smoking_Status	Never_Smoker	0.812126717613909	0.894526842341058	77	15	0.367010737767306	0.838549413846027
HROV-vOTU43683	Smoking_Status	Never_Smoker	0.812988458683538	0.895519307765919	77	15	0.367033768371999	0.838549413846027
HROV-vOTU29846	Smoking_Status	Former_Smoker	0.479598888242374	0.528263911927285	77	11	0.367014244350421	0.838549413846027
HROV-vOTU41109	Smoking_Status	Former_Smoker	1.18296735835971	1.30353581722839	77	69	0.367208875932219	0.838695523953323
HROV-vOTU30770	Smoking_Status	Never_Smoker	0.779571614465182	0.859071660572656	77	30	0.367234288473526	0.838695523953323
HROV-vOTU27519	diagnosis	RA	0.27159292199086	0.299380638119287	77	25	0.367378949628225	0.838942707976006
HROV-vOTU27744	diagnosis	RA	-0.510394628666679	0.562908698119319	77	62	0.36762748179637	0.839107330018053
HROV-vOTU09585	diagnosis	RA	-0.674779112857523	0.744092524828082	77	56	0.367554489698057	0.839107330018053
HROV-vOTU61213	Age	Age	-0.177023512416065	0.195254597325397	77	28	0.367669651203307	0.839107330018053
HROV-vOTU74833	Age	Age	-0.320474551419056	0.353420949317415	77	36	0.367591154179143	0.839107330018053
HROV-vOTU14912	Sex	M	-0.358714697521309	0.395655366701949	77	9	0.367666991613978	0.839107330018053
HROV-vOTU39228	diagnosis	RA	-0.6871475713429	0.757674666298035	77	27	0.367518778857809	0.839107330018053
HROV-vOTU38195	diagnosis	RA	-0.681834736491476	0.752286683362431	77	73	0.367816536996973	0.839287667443283
HROV-vOTU27327	Smoking_Status	Never_Smoker	-0.64620416650652	0.71298202601585	77	12	0.367821555688452	0.839287667443283
HROV-vOTU50707	Smoking_Status	Former_Smoker	-1.15169196652099	1.2710658939101	77	52	0.367956330934612	0.839340675195486
HROV-vOTU04146	Age	Age	-0.271855023589346	0.300077580022589	77	34	0.368027014247678	0.839340675195486
HROV-vOTU05340	diagnosis	RA	-0.790051191895582	0.872039122308107	77	49	0.368010072749097	0.839340675195486
HROV-vOTU20277	Smoking_Status	Former_Smoker	1.23276554372808	1.36042683074799	77	19	0.367915727395152	0.839340675195486
HROV-vOTU17948	diagnosis	RA	0.504651256386538	0.557028843825741	77	37	0.368016201332892	0.839340675195486
HROV-vOTU67877	Sex	M	0.498762817667347	0.550603791553682	77	12	0.368080681690609	0.839379948443878
HROV-vOTU55191	Age	Age	0.303323032595917	0.33488749500909	77	42	0.368133768769218	0.839398624023508
HROV-vOTU06941	Sex	M	-0.170485324309909	0.188237469398086	77	8	0.36816176731487	0.839398624023508
HROV-vOTU25966	Age	Age	-0.152354544067706	0.168252415335524	77	15	0.368256964608255	0.839532557407257
HROV-vOTU24198	Smoking_Status	Never_Smoker	0.901611470495998	0.996226004904204	77	46	0.368511937202247	0.839609431407467
HROV-vOTU16260	Smoking_Status	Former_Smoker	-0.865270625965076	0.955941109872264	77	9	0.368446957157763	0.839609431407467
HROV-vOTU25935	Smoking_Status	Former_Smoker	-1.73998452458708	1.92315619233264	77	52	0.368655257073049	0.839609431407467
HROV-vOTU02641	Age	Age	-0.413709992536462	0.457122530866284	77	53	0.368509931863958	0.839609431407467
HROV-vOTU75519	diagnosis	RA	0.612807246368673	0.67697579841204	77	13	0.36841414512431	0.839609431407467
HROV-vOTU57768	Smoking_Status	Former_Smoker	-0.771275753285677	0.852445294442072	77	21	0.368641736542115	0.839609431407467
HROV-vOTU49020	Smoking_Status	Former_Smoker	-1.05518880306638	1.16612104206734	77	15	0.368594176666283	0.839609431407467
HROV-vOTU12753	Smoking_Status	Former_Smoker	1.59309399546695	1.7607840300622	77	36	0.368650343354958	0.839609431407467
HROV-vOTU18362	diagnosis	RA	-0.781149843175163	0.863172584294585	77	54	0.368539173292424	0.839609431407467
HROV-vOTU67015	diagnosis	RA	-0.218831911831994	0.241750537814898	77	9	0.368422415666745	0.839609431407467
HROV-vOTU19608	Sex	M	0.549543610500898	0.60779550124915	77	66	0.368968943170493	0.839674194442723
HROV-vOTU42542	Smoking_Status	Former_Smoker	-1.81409946434541	2.00621392231825	77	38	0.368926001520361	0.839674194442723
HROV-vOTU40209	Age	Age	0.29760219744411	0.328998552288351	77	39	0.368752477311524	0.839674194442723
HROV-vOTU15791	Smoking_Status	Never_Smoker	-0.923275976580791	1.02102824474304	77	21	0.368915122703129	0.839674194442723
HROV-vOTU27505	Smoking_Status	Former_Smoker	2.00519521399725	2.21794669947305	77	51	0.369011833345844	0.839674194442723
HROV-vOTU26839	diagnosis	RA	0.654444738320676	0.723580548937296	77	52	0.36881392255819	0.839674194442723
HROV-vOTU10652	diagnosis	RA	-0.284464608492787	0.314599358230379	77	21	0.368940740855603	0.839674194442723
HROV-vOTU45592	Sex	M	0.476319336035252	0.526842150223679	77	15	0.368998521365764	0.839674194442723
HROV-vOTU57616	Age	Age	-0.193436828013985	0.213865005507508	77	17	0.368799300684182	0.839674194442723
HROV-vOTU33481	diagnosis	RA	-0.586724390066798	0.649052695118339	77	43	0.369068142061233	0.839719355035585
HROV-vOTU74677	diagnosis	RA	0.464476035840978	0.51388731649933606	77	29	0.369132562748192	0.839746666756133
HROV-vOTU62984	Smoking_Status	Former_Smoker	1.2054796267316	1.33377684341612	77	39	0.369153072263964	0.839746666756133
HROV-vOTU21547	Sex	M	0.664016509351068	0.73541390696452	77	45	0.369623983919429	0.839756085680787
HROV-vOTU68647	diagnosis	RA	-0.284366656717157	0.314911394575667	77	11	0.369576577053491	0.839756085680787
HROV-vOTU43832	Sex	M	0.62984125018232	0.697332225699307	77	38	0.369465811901276	0.839756085680787
HROV-vOTU09115	Sex	M	0.699759739136574	0.77494315910145	77	74	0.369588844878417	0.839756085680787
HROV-vOTU74677	Smoking_Status	Former_Smoker	1.11973755599837	1.2391486065305	77	29	0.369244978773476	0.839756085680787
HROV-vOTU55149	Age	Age	-0.223366693314785	0.247233882825619	77	25	0.36933532168609	0.839756085680787
HROV-vOTU17167	Smoking_Status	Former_Smoker	1.21388835915785	1.3439953625643	77	50	0.369477197187486	0.839756085680787
HROV-vOTU57842	Sex	M	-0.60065713570852	0.664649354167924	77	22	0.369199818574056	0.839756085680787
HROV-vOTU45018	Sex	M	-0.461502057410264	0.511032785130288	77	14	0.369538677989382	0.839756085680787
HROV-vOTU23303	Age	Age	-0.192181232307442	0.212761761249928	77	34	0.369437281169331	0.839756085680787
HROV-vOTU65362	diagnosis	RA	-0.608963784611745	0.674452000400265	77	28	0.369631239276862	0.839756085680787
HROV-vOTU22962	Smoking_Status	Never_Smoker	0.432378280052003	0.478865227191842	77	9	0.369620116777098	0.839756085680787
HROV-vOTU42319	diagnosis	RA	-0.328577087544059	0.363788629897253	77	10	0.369469330235053	0.839756085680787
HROV-vOTU41694	Sex	M	0.791979349217407	0.877318064285158	77	29	0.369722890869489	0.83988145361258
HROV-vOTU40721	diagnosis	RA	0.387123595369995	0.428980964023268	77	30	0.369881965856626	0.840077088133935
HROV-vOTU69601	Smoking_Status	Never_Smoker	0.399669008473744	0.442869078432881	77	15	0.369867180382818	0.840077088133935
HROV-vOTU01595	Sex	M	-0.67412750832873	0.747573871918282	77	68	0.370236635823944	0.840282959467246
HROV-vOTU13785	Smoking_Status	Never_Smoker	-1.13652601770295	1.26004153016229	77	68	0.370119850945858	0.840282959467246
HROV-vOTU23954	Age	Age	0.453462066194839	0.502850798589786	77	51	0.3702214246247	0.840282959467246
HROV-vOTU41621	diagnosis	RA	0.593531335984341	0.658290340529309	77	26	0.3703043071448	0.840282959467246
HROV-vOTU03004	diagnosis	RA	-0.372277301846892	0.412924508278084	77	64	0.370337474537236	0.840282959467246
HROV-vOTU67441	Smoking_Status	Never_Smoker	0.617431643572069	0.684632811265089	77	8	0.370189260415582	0.840282959467246
HROV-vOTU00728	Sex	M	-0.378970268495636	0.420280885548077	77	39	0.370261215749518	0.840282959467246
HROV-vOTU48734	Smoking_Status	Never_Smoker	0.653481482007816	0.724826396057801	77	17	0.370333763428295	0.840282959467246
HROV-vOTU06950	Age	Age	-0.409436846607	0.454088348462867	77	20	0.370281961998361	0.840282959467246
HROV-vOTU19568	diagnosis	RA	0.407267390277273	0.451584698613777	77	26	0.37017913064523	0.840282959467246
HROV-vOTU32491	Age	Age	0.340279241238901	0.3775141860144	77	54	0.370440149597114	0.84043312434455
HROV-vOTU44644	Sex	M	0.879316870575453	0.975632088053978	77	48	0.37048709359654	0.840456832695855
HROV-vOTU06438	Age	Age	-0.286199476025923	0.317605387686845	77	66	0.370572934843945	0.840485984779994
HROV-vOTU09281	diagnosis	RA	-1.02448113317993	1.13683174805972	77	55	0.370543577482714	0.840485984779994
HROV-vOTU38073	Smoking_Status	Never_Smoker	-0.347146403015891	0.385342493884242	77	77	0.370699141669826	0.840606659379293
HROV-vOTU43598	Sex	M	0.320397473455449	0.355626550023483	77	11	0.370667219927978	0.840606659379293
HROV-vOTU23941	Age	Age	0.3037935038894	0.337270769112274	77	41	0.370771424733543	0.840637053535642
HROV-vOTU28243	Smoking_Status	Never_Smoker	1.02208487542893	1.13474969747501	77	37	0.370785548841296	0.840637053535642
HROV-vOTU57880	diagnosis	RA	0.203579829424251	0.226040107767988	77	9	0.370826785942986	0.840647788194405
HROV-vOTU54565	Sex	M	0.899690959806384	0.999285866137988	77	46	0.370986301420227	0.840926626152345
HROV-vOTU72279	Smoking_Status	Never_Smoker	-0.542981045699629	0.603342263331611	77	73	0.371186398694143	0.841057343283518
HROV-vOTU30073	Smoking_Status	Former_Smoker	1.29479381127058	1.4387423477045	77	57	0.371190049376191	0.841057343283518
HROV-vOTU46177	Age	Age	-0.183566872141255	0.203967090828591	77	17	0.371171848600499	0.841057343283518
HROV-vOTU05358	diagnosis	RA	0.221266667063894	0.245816297461949	77	8	0.371093959243952	0.841057343283518
HROV-vOTU06486	Sex	M	0.476265655511562	0.529535173602246	77	72	0.371478229105505	0.841131910759591
HROV-vOTU08682	diagnosis	RA	-0.805101587973717	0.895323331910801	77	41	0.371569856455538	0.841131910759591
HROV-vOTU28591	Smoking_Status	Former_Smoker	1.7844718034468	1.98685020747017	77	60	0.372146035049044	0.841131910759591
HROV-vOTU29517	Smoking_Status	Never_Smoker	0.770123608950477	0.856748198998943	77	19	0.371748942109446	0.841131910759591
HROV-vOTU04583	Smoking_Status	Former_Smoker	-0.777986350111346	0.865950966973205	77	9	0.371999202661701	0.841131910759591
HROV-vOTU61314	diagnosis	RA	-0.783360445185856	0.871220883426888	77	44	0.371610833045879	0.841131910759591
HROV-vOTU65887	diagnosis	RA	-0.832502700831738	0.926415593308313	77	34	0.371888486816639	0.841131910759591
HROV-vOTU06026	diagnosis	RA	-0.441582769383085	0.491298248817848	77	72	0.371793107710477	0.841131910759591
HROV-vOTU24821	Smoking_Status	Never_Smoker	-0.422478565658048	0.469621806282027	77	9	0.371366554451206	0.841131910759591
HROV-vOTU75081	Age	Age	0.287452458154644	0.320021178273383	77	23	0.372099238799644	0.841131910759591
HROV-vOTU01908	Age	Age	0.285573096600197	0.317442856851032	77	29	0.371371694632967	0.841131910759591
HROV-vOTU43884	diagnosis	RA	-0.28998361105868	0.32276038620644	77	73	0.371983270502449	0.841131910759591
HROV-vOTU38490	diagnosis	RA	0.328974765864524	0.36587547860693	77	11	0.371615299334108	0.841131910759591
HROV-vOTU59281	Sex	M	-0.67692454324908	0.753737163474346	77	63	0.372172564943128	0.841131910759591
HROV-vOTU54379	diagnosis	RA	-0.299848028175717	0.333401629292242	77	21	0.371501196332202	0.841131910759591
HROV-vOTU28224	Age	Age	-0.301981823141196	0.335714045907839	77	42	0.371415983664429	0.841131910759591
HROV-vOTU42036	Smoking_Status	Never_Smoker	0.675654325727909	0.752312530586975	77	20	0.372166067894073	0.841131910759591
HROV-vOTU68484	Sex	M	0.390254157702999	0.434448299104102	77	25	0.372075009445421	0.841131910759591
HROV-vOTU62126	Smoking_Status	Former_Smoker	1.42007082836681	1.58016447267252	77	52	0.371857918129069	0.841131910759591
HROV-vOTU13912	Smoking_Status	Former_Smoker	1.19067623676977	1.3247069908621	77	26	0.371785491867726	0.841131910759591
HROV-vOTU70747	diagnosis	RA	-0.141626939213535	0.157639274316529	77	9	0.371996173424489	0.841131910759591
HROV-vOTU59600	Sex	M	0.828774114798822	0.9222044555508	77	24	0.371856550306779	0.841131910759591
HROV-vOTU32362	Smoking_Status	Former_Smoker	-0.600694617231506	0.66829215029567	77	8	0.371770685139222	0.841131910759591
HROV-vOTU35132	Age	Age	-0.150263170399787	0.167304492328604	77	10	0.372145617572939	0.841131910759591
HROV-vOTU01868	diagnosis	RA	0.450072001695055	0.500706764351105	77	11	0.371758467223753	0.841131910759591
HROV-vOTU56015	Sex	M	0.449139496730308	0.499875308667859	77	10	0.371954435856532	0.841131910759591
HROV-vOTU50478	diagnosis	RA	-0.208295543943209	0.231966897390355	77	11	0.372245222021754	0.841213567182906
HROV-vOTU17802	Sex	M	0.20870553565826	0.232530568986015	77	76	0.372464223594831	0.841348773634948
HROV-vOTU33881	Age	Age	0.525585017820308	0.586035674379316	77	49	0.372830903961112	0.841348773634948
HROV-vOTU59157	diagnosis	RA	0.641344595071419	0.714598923348719	77	51	0.372491407048294	0.841348773634948
HROV-vOTU01892	Sex	M	1.08266108449796	1.20708683445477	77	43	0.372792496313494	0.841348773634948
HROV-vOTU36848	Age	Age	0.190070228037861	0.211928113204679	77	72	0.372823678631545	0.841348773634948
HROV-vOTU54368	Age	Age	-0.143115481848108	0.159608008754906	77	14	0.372926108609012	0.841348773634948
HROV-vOTU34922	Sex	M	-0.637425580498415	0.710090732276785	77	24	0.372396648651454	0.841348773634948
HROV-vOTU60532	diagnosis	RA	0.543170601270628	0.605732116985591	77	31	0.37290015084259	0.841348773634948
HROV-vOTU30687	Sex	M	-0.638086274731201	0.711123448887248	77	22	0.372595045661503	0.841348773634948
HROV-vOTU56041	Smoking_Status	Former_Smoker	0.724631897796631	0.807943111296445	77	18	0.372811484666211	0.841348773634948
HROV-vOTU17571	diagnosis	RA	0.334100803027408	0.372330870181343	77	22	0.372579643636194	0.841348773634948
HROV-vOTU19022	Smoking_Status	Never_Smoker	1.45002778084646	1.61710127828282	77	37	0.372918266912749	0.841348773634948
HROV-vOTU62662	Smoking_Status	Former_Smoker	1.0324930008019	1.15097942796066	77	35	0.372720758021888	0.841348773634948
HROV-vOTU75354	Age	Age	0.117068336750067	0.130500281036291	77	9	0.37271151303142	0.841348773634948
HROV-vOTU11680	Sex	M	1.30698658339208	1.45738669743823	77	33	0.372855633770464	0.841348773634948
HROV-vOTU45031	Sex	M	-0.510125382841718	0.568781363678131	77	18	0.37281705522199	0.841348773634948
HROV-vOTU62838	Smoking_Status	Never_Smoker	0.231654470479257	0.258230602751408	77	8	0.372706067012433	0.841348773634948
HROV-vOTU20414	Smoking_Status	Former_Smoker	-1.21775377540387	1.35910739988981	77	75	0.37328313247123	0.841365884252506
HROV-vOTU28665	diagnosis	RA	0.522174707679269	0.58280716758856	77	34	0.373299284024863	0.841365884252506
HROV-vOTU45238	Smoking_Status	Former_Smoker	1.31518775519578	1.46702818054804	77	57	0.373016551190967	0.841365884252506
HROV-vOTU48715	diagnosis	RA	0.410932258895688	0.458749756970904	77	72	0.373404947617151	0.841365884252506
HROV-vOTU52875	Sex	M	0.775580425253281	0.86596948509738	77	32	0.373481694950646	0.841365884252506
HROV-vOTU09133	Sex	M	0.69422956298113	0.774713733527396	77	48	0.37322169568244	0.841365884252506
HROV-vOTU44933	Smoking_Status	Former_Smoker	0.929479742461838	1.03766466291679	77	66	0.373417516927443	0.841365884252506
HROV-vOTU67333	Smoking_Status	Never_Smoker	0.789129008618248	0.880303960202042	77	66	0.373053704188546	0.841365884252506
HROV-vOTU16618	Age	Age	0.320068710985163	0.357163438740273	77	46	0.37320596300461	0.841365884252506
HROV-vOTU46243	diagnosis	RA	0.371290802687551	0.414478441943106	77	15	0.373385408079211	0.841365884252506
HROV-vOTU72186	Smoking_Status	Former_Smoker	1.65561060229999	1.84729512019254	77	48	0.373155960938528	0.841365884252506
HROV-vOTU66013	Smoking_Status	Never_Smoker	0.608070437663466	0.6786636726215	77	17	0.373290158620457	0.841365884252506
HROV-vOTU28965	diagnosis	RA	-0.296262257661904	0.330455748841713	77	13	0.373001539814602	0.841365884252506
HROV-vOTU55195	Smoking_Status	Never_Smoker	0.739425189780817	0.825167998454505	77	19	0.373232621779937	0.841365884252506
HROV-vOTU74161	Smoking_Status	Former_Smoker	-0.533757869982521	0.595950949066874	77	12	0.373471272430987	0.841365884252506
HROV-vOTU46158	Sex	M	0.991614817547228	1.10782770993361	77	59	0.373759028596154	0.841381443806283
HROV-vOTU72559	Smoking_Status	Never_Smoker	0.871993594804972	0.974015932356398	77	43	0.373675383169919	0.841381443806283
HROV-vOTU11972	Sex	M	0.622029398815071	0.694640047662371	77	32	0.37356174425841	0.841381443806283
HROV-vOTU12748	diagnosis	RA	-0.335042086261584	0.374291643455327	77	26	0.373738843036789	0.841381443806283
HROV-vOTU14316	Age	Age	-0.24782496260224	0.276810078106935	77	46	0.373657967250793	0.841381443806283
HROV-vOTU71904	Age	Age	-0.323761232187236	0.361555344985822	77	42	0.373562877061809	0.841381443806283
HROV-vOTU62071	Smoking_Status	Former_Smoker	0.769599883065188	0.859639242369315	77	21	0.373673713169665	0.841381443806283
HROV-vOTU59099	Sex	M	0.246822884694313	0.275762118928898	77	13	0.37378087501442	0.841381443806283
HROV-vOTU11025	Age	Age	-0.343545388317791	0.383873572254669	77	58	0.373840947814215	0.84143442417527
HROV-vOTU34240	Sex	M	0.652949825091042	0.729792046259298	77	55	0.373967007534574	0.841471439523326
HROV-vOTU57553	Smoking_Status	Former_Smoker	1.25167673087433	1.39890759088592	77	31	0.373942427562936	0.841471439523326
HROV-vOTU61603	Age	Age	-0.394408454588411	0.440808460567452	77	50	0.37394992957596	0.841471439523326
HROV-vOTU09275	Age	Age	-0.211937966161615	0.236923839359552	77	8	0.374055273955958	0.841587823290906
HROV-vOTU56629	Smoking_Status	Never_Smoker	0.625852098089604	0.699914179951941	77	11	0.374244610116404	0.841826060707647
HROV-vOTU72960	Smoking_Status	Former_Smoker	-0.752145961732788	0.841199818931851	77	11	0.374270822213877	0.841826060707647
HROV-vOTU10220	diagnosis	RA	-0.450579073982821	0.503854360931695	77	16	0.374201865292186	0.841826060707647
HROV-vOTU21315	Smoking_Status	Former_Smoker	1.12706421595032	1.26108321336857	77	20	0.37448744273935203	0.842148794677013
HROV-vOTU43428	Smoking_Status	Never_Smoker	0.596448652093117	0.667325299024708	77	9	0.374454022251019	0.842148794677013
HROV-vOTU51259	Smoking_Status	Never_Smoker	0.989610441968348	1.10753127864808	77	30	0.374593150430828	0.842304262294666
HROV-vOTU10958	Smoking_Status	Never_Smoker	1.01391504682248	1.13585208445558	77	61	0.375061740610216	0.842315172715137
HROV-vOTU69467	Smoking_Status	Former_Smoker	-0.723773994319284	0.810122363955398	77	74	0.374654305538447	0.842315172715137
HROV-vOTU29861	Age	Age	0.281214874719341	0.314910886310476	77	28	0.374874934956573	0.842315172715137
HROV-vOTU09661	Age	Age	0.332181504344944	0.372156088354643	77	61	0.375093965427161	0.842315172715137
HROV-vOTU36805	Sex	M	-0.298878704399195	0.334662078250643	77	77	0.37483353817739	0.842315172715137
HROV-vOTU67350	Smoking_Status	Never_Smoker	0.771850599333419	0.86425697295842	77	70	0.374831476412394	0.842315172715137
HROV-vOTU36848	Smoking_Status	Former_Smoker	-0.891664425859337	0.998836883345874	77	72	0.37503212777318	0.842315172715137
HROV-vOTU61114	Age	Age	-0.233048695229779	0.261180259384661	77	33	0.375251413931541	0.842315172715137
HROV-vOTU01674	Smoking_Status	Former_Smoker	-1.25485280400531	1.40588927545767	77	63	0.375103426048364	0.842315172715137
HROV-vOTU14316	Smoking_Status	Former_Smoker	1.1644666950757	1.30463161075769	77	46	0.375106151841281	0.842315172715137
HROV-vOTU37071	Sex	M	-0.833499053710583	0.933942443479514	77	39	0.375165391727777	0.842315172715137
HROV-vOTU16132	Smoking_Status	Never_Smoker	0.928317200826547	1.03979843904863	77	46	0.374987985309531	0.842315172715137
HROV-vOTU20117	Smoking_Status	Former_Smoker	1.68174416076469	1.88365675488716	77	27	0.374976038784886	0.842315172715137
HROV-vOTU03138	Age	Age	-0.134986212707449	0.151267988707942	77	19	0.375211992559081	0.842315172715137
HROV-vOTU36564	Smoking_Status	Never_Smoker	0.725437106992675	0.812204747157989	77	19	0.374783478046606	0.842315172715137
HROV-vOTU00742	diagnosis	RA	-0.647846445810646	0.725893303011926	77	46	0.375149763703342	0.842315172715137
HROV-vOTU31001	Smoking_Status	Former_Smoker	-0.783716813678457	0.878329256111217	77	10	0.375256347028107	0.842315172715137
HROV-vOTU34908	Age	Age	0.131865461634308	0.147705518505578	77	12	0.375002090235593	0.842315172715137
HROV-vOTU51034	diagnosis	RA	-0.394544098506034	0.442901844664963	77	72	0.376036643016134	0.842671910758213
HROV-vOTU30980	Age	Age	-0.250908526280054	0.281465611550297	77	39	0.375706502750438	0.842671910758213
HROV-vOTU12112	Age	Age	0.204438020793505	0.229330630130293	77	71	0.375696089153646	0.842671910758213
HROV-vOTU01795	Smoking_Status	Never_Smoker	0.731118433170538	0.820110582426994	77	74	0.375678910179373	0.842671910758213
HROV-vOTU13279	Smoking_Status	Former_Smoker	-1.46307309068531	1.64114287874339	77	57	0.375674195772918	0.842671910758213
HROV-vOTU34447	Smoking_Status	Never_Smoker	-1.31750927170091	1.47845768834253	77	29	0.375865337031874	0.842671910758213
HROV-vOTU26649	diagnosis	RA	-0.745557112823776	0.836645149921937	77	61	0.375870977572417	0.842671910758213
HROV-vOTU04717	Smoking_Status	Never_Smoker	0.77804388850846	0.87343625610197	77	66	0.376053237926108	0.842671910758213
HROV-vOTU61142	Age	Age	-0.256440018338818	0.287835368586432	77	33	0.37597807828538	0.842671910758213
HROV-vOTU37908	Age	Age	-0.260700566003562	0.292485138997892	77	66	0.375763248405212	0.842671910758213
HROV-vOTU01747	Age	Age	0.312997807656902	0.351048189644314	77	51	0.375614146982951	0.842671910758213
HROV-vOTU05876	diagnosis	RA	-0.65826287284276	0.738593206377001	77	59	0.375811475734684	0.842671910758213
HROV-vOTU26832	diagnosis	RA	-0.577879858686385	0.648108436768618	77	40	0.375597392834627	0.842671910758213
HROV-vOTU08785	Smoking_Status	Former_Smoker	0.982815165324355	1.10312766752601	77	20	0.375973235131386	0.842671910758213
HROV-vOTU19339	Age	Age	-0.260392045389608	0.292271967606902	77	32	0.375979271384724	0.842671910758213
HROV-vOTU40104	Smoking_Status	Former_Smoker	0.683450569613645	0.766536183994101	77	9	0.375614265531292	0.842671910758213
HROV-vOTU66047	Sex	M	0.579334106815643	0.650391893564591	77	20	0.37607389920855	0.842671910758213
HROV-vOTU14647	Age	Age	-0.0779604927220619	0.0874580172417439	77	9	0.375723042493102	0.842671910758213
HROV-vOTU71826	diagnosis	RA	0.408505409174808	0.458778538917238	77	17	0.376247968660656	0.842897929791333
HROV-vOTU27418	Smoking_Status	Never_Smoker	-0.499230796066412	0.560651890008795	77	13	0.376233367165484	0.842897929791333
HROV-vOTU07496	diagnosis	RA	-0.480775158746742	0.54003962033768	77	47	0.376333567798964	0.843007690536927
HROV-vOTU56622	Smoking_Status	Former_Smoker	1.70322353459091	1.91445655072185	77	52	0.376650775110337	0.84307745204192
HROV-vOTU48404	diagnosis	RA	-0.559643075869342	0.628943314697028	77	71	0.376570461950353	0.84307745204192
HROV-vOTU54747	Sex	M	0.446685804168279	0.502345346498275	77	73	0.376898127032294	0.84307745204192
HROV-vOTU02469	diagnosis	RA	-0.529304575434566	0.595013808582205	77	69	0.376702714946181	0.84307745204192
HROV-vOTU67091	diagnosis	RA	-0.354005509680238	0.398068476350594	77	69	0.376840798018215	0.84307745204192
HROV-vOTU05314	diagnosis	RA	-0.406983856423937	0.457402696470157	77	43	0.376593593606982	0.84307745204192
HROV-vOTU04448	diagnosis	RA	0.336950495677131	0.378854936237716	77	9	0.376796091630038	0.84307745204192
HROV-vOTU20675	Age	Age	0.188185183313107	0.211495556924829	77	10	0.37658734715631	0.84307745204192
HROV-vOTU13727	diagnosis	RA	0.469336844640869	0.527833739692717	77	29	0.376911528493579	0.84307745204192
HROV-vOTU26417	Smoking_Status	Former_Smoker	-1.35967519205843	1.52904302437819	77	23	0.376880971714711	0.84307745204192
HROV-vOTU08400	Sex	M	0.459592327853931	0.516865415438581	77	15	0.37690301166492	0.84307745204192
HROV-vOTU67441	Age	Age	0.182325508487752	0.205060571097556	77	8	0.376935818719498	0.84307745204192
HROV-vOTU03278	Age	Age	0.14025284478886	0.157579930221914	77	13	0.376448999528055	0.84307745204192
HROV-vOTU50719	Age	Age	-0.11256087784218	0.126491229604103	77	8	0.376540489178809	0.84307745204192
HROV-vOTU54933	Sex	M	0.601378795862234	0.676388504219362	77	34	0.376950435244275	0.84307745204192
HROV-vOTU68219	Smoking_Status	Never_Smoker	0.271775103541038	0.305528046728068	77	10	0.376724588370581	0.84307745204192
HROV-vOTU35715	diagnosis	RA	-0.285027276432694	0.320622031228646	77	16	0.377014714593547	0.843139335510719
HROV-vOTU39947	Smoking_Status	Former_Smoker	-1.22714164448299	1.38051026474714	77	75	0.377056240397005	0.843150326861155
HROV-vOTU27379	Smoking_Status	Never_Smoker	0.931343681534506	1.04793148749525	77	10	0.377141428064147	0.84325894061333
HROV-vOTU66406	diagnosis	RA	-0.530942725927408	0.597583912908331	77	38	0.377281600069679	0.843490462052686
HROV-vOTU13792	Smoking_Status	Never_Smoker	0.642484546373104	0.72330974771763	77	9	0.377402214327776	0.843678217430468
HROV-vOTU10197	Smoking_Status	Former_Smoker	1.07003131344529	1.20505988856106	77	72	0.377566627349141	0.843800041518749
HROV-vOTU20183	Age	Age	-0.261822891482	0.294832808449513	77	53	0.3775186203497	0.843800041518749
HROV-vOTU20422	Age	Age	-0.296683759586192	0.334111894764304	77	44	0.377551356428289	0.843800041518749
HROV-vOTU48596	diagnosis	RA	-0.541751594769684	0.610318821482432	77	30	0.377724375805779	0.844070674830885
HROV-vOTU35959	diagnosis	RA	-0.432312808178856	0.487121245693937	77	19	0.377814379451725	0.844128739655462
HROV-vOTU40970	Sex	M	0.480162307265738	0.541061063711757	77	10	0.377835402026764	0.844128739655462
HROV-vOTU14451	Smoking_Status	Never_Smoker	0.351880707852988	0.396530400905221	77	11	0.377860320326016	0.844128739655462
HROV-vOTU62066	Smoking_Status	Never_Smoker	1.22325550773358	1.37872860988588	77	49	0.37794832154806	0.844177443850699
HROV-vOTU41376	diagnosis	RA	0.410176153985253	0.4623155785672	77	27	0.377955433067502	0.844177443850699
HROV-vOTU73162	Smoking_Status	Former_Smoker	1.07486200061618	1.21178343943473	77	69	0.378069212777487	0.844224141494827
HROV-vOTU35103	Smoking_Status	Never_Smoker	1.52520676941035	1.71955743517586	77	60	0.378086313303415	0.844224141494827
HROV-vOTU68484	diagnosis	RA	0.291970941595247	0.3291696242204	77	25	0.378077750457368	0.844224141494827
HROV-vOTU01819	Smoking_Status	Former_Smoker	1.09907122820885	1.23946239696361	77	33	0.378216871144682	0.844351933158397
HROV-vOTU49930	diagnosis	RA	0.408014617119684	0.460099530587925	77	29	0.378182529035075	0.844351933158397
HROV-vOTU03059	Age	Age	0.281865873747751	0.317997441485619	77	19	0.37840644741091	0.844692729059477
HROV-vOTU72061	Smoking_Status	Never_Smoker	-0.70611285600811	0.796688621996268	77	12	0.378442882259474	0.844692729059477
HROV-vOTU22982	Sex	M	0.576118124324659	0.650195119401167	77	17	0.378571362850521	0.844897614734713
HROV-vOTU06005	Smoking_Status	Never_Smoker	-1.19057134853097	1.34400852082117	77	26	0.378696295512422	0.844938492132722
HROV-vOTU01979	Smoking_Status	Former_Smoker	1.58913079712344	1.79394613407686	77	40	0.378699744498218	0.844938492132722
HROV-vOTU34569	diagnosis	RA	-0.489864884134211	0.552945692182981	77	38	0.378652160833455	0.844938492132722
HROV-vOTU22345	Smoking_Status	Never_Smoker	1.13083403370559	1.27683329653282	77	34	0.378793170189446	0.844958690840896
HROV-vOTU62835	Age	Age	0.223122976379031	0.251937504969081	77	36	0.378807581523452	0.844958690840896
HROV-vOTU51101	Smoking_Status	Former_Smoker	2.29567532308229	2.59220492711933	77	39	0.378818865954505	0.844958690840896
HROV-vOTU19159	Smoking_Status	Former_Smoker	0.930593179899352	1.0510126070848	77	45	0.378916238091155	0.845094030916067
HROV-vOTU56464	diagnosis	RA	0.427446973512549	0.4828182352802	77	59	0.378974485978937	0.845142094712397
HROV-vOTU00252	Smoking_Status	Former_Smoker	1.14685497662069	1.29595066080302	77	71	0.379169384319016	0.84524933896689
HROV-vOTU62915	diagnosis	RA	-0.62391619634198	0.705010037048283	77	56	0.379157460651535	0.84524933896689
HROV-vOTU02903	Smoking_Status	Former_Smoker	-1.42793990677351	1.61338696852634	77	45	0.379113332901553	0.84524933896689
HROV-vOTU73506	Age	Age	-0.386441059053844	0.436580529064617	77	58	0.379061467052668	0.84524933896689
HROV-vOTU45763	Sex	M	-0.882716910048383	0.99792260737274	77	31	0.379382716196735	0.845364857970025
HROV-vOTU40319	Sex	M	-0.487064688293166	0.550658362751744	77	75	0.379404740424584	0.845364857970025
HROV-vOTU59806	diagnosis	RA	-0.377875190891518	0.427111692052893	77	24	0.379292851995213	0.845364857970025
HROV-vOTU56296	Smoking_Status	Never_Smoker	-0.839368418443841	0.948940922814935	77	27	0.379394870475721	0.845364857970025
HROV-vOTU13492	Smoking_Status	Never_Smoker	0.29101917496777	0.328970364152641	77	10	0.379338791443406	0.845364857970025
HROV-vOTU22654	Age	Age	0.207020052845262	0.234136019182742	77	76	0.379579601674951	0.845672654210517
HROV-vOTU03487	Smoking_Status	Former_Smoker	-1.61485132780524	1.82690117320058	77	67	0.379717863608373	0.845676342452996
HROV-vOTU67116	Sex	M	0.515165277201393	0.582732476930735	77	12	0.379652528401132	0.845676342452996
HROV-vOTU15824	diagnosis	RA	-0.314753051012615	0.356115646310986	77	23	0.379759982727817	0.845676342452996
HROV-vOTU03181	Smoking_Status	Former_Smoker	-1.23536936830236	1.39742249604769	77	16	0.379661544913235	0.845676342452996
HROV-vOTU42917	diagnosis	RA	-0.239296468499188	0.270745885794702	77	13	0.379764860340811	0.845676342452996
HROV-vOTU63882	Age	Age	-0.0636398515510983	0.0720149947474217	77	8	0.37983928063595	0.845760285511548
HROV-vOTU34476	diagnosis	RA	0.398622762826318	0.451207009294578	77	60	0.379970185609422	0.845969970474187
HROV-vOTU01806	Smoking_Status	Never_Smoker	0.409251263651753	0.463312555369231	77	15	0.380046888748787	0.846058950979658
HROV-vOTU28315	Smoking_Status	Former_Smoker	0.455334794013394	0.515607472630511	77	76	0.380160714673388	0.846136193926327
HROV-vOTU16979	Age	Age	0.210561537637253	0.238504696535835	77	47	0.380302029671359	0.846136193926327
HROV-vOTU37217	Smoking_Status	Never_Smoker	-0.46924805160474	0.531484760565593	77	18	0.38026978717251	0.846136193926327
HROV-vOTU20653	Sex	M	0.649926535533824	0.735936639411046	77	35	0.380147394376091	0.846136193926327
HROV-vOTU03709	diagnosis	RA	0.387013995379145	0.438367825134849	77	21	0.380295601961844	0.846136193926327
HROV-vOTU01853	Smoking_Status	Former_Smoker	1.11468076737095	1.262564443212	77	32	0.380285833568445	0.846136193926327
HROV-vOTU00293	Smoking_Status	Former_Smoker	1.74651828959114	1.97878026281516	77	28	0.380418258778294	0.846313031265854
HROV-vOTU22379	Smoking_Status	Former_Smoker	1.15939132704363	1.31405041108979	77	65	0.380590122583918	0.846368339427156
HROV-vOTU59223	Age	Age	0.195992037277838	0.222092312526852	77	25	0.380495349051669	0.846368339427156
HROV-vOTU74209	diagnosis	RA	-0.249800356013851	0.283116390657062	77	17	0.38057919336973	0.846368339427156
HROV-vOTU63882	Smoking_Status	Never_Smoker	0.212152489897132	0.240435438384261	77	8	0.38055561663753	0.846368339427156
HROV-vOTU67958	diagnosis	RA	0.441171097091772	0.500164286985792	77	28	0.380724996306731	0.846586527463938
HROV-vOTU00652	diagnosis	RA	-0.498982615201451	0.56596060055954	77	72	0.380937855752336	0.846689622992442
HROV-vOTU07899	Smoking_Status	Former_Smoker	1.49982221511012	1.70157677192701	77	49	0.381058895671907	0.846689622992442
HROV-vOTU74718	Smoking_Status	Never_Smoker	-0.466783959408483	0.529664843648564	77	9	0.381139006581096	0.846689622992442
HROV-vOTU75110	Sex	M	0.538202790578825	0.61069108958547	77	27	0.381128552452531	0.846689622992442
HROV-vOTU64100	Age	Age	0.140402647733086	0.159309082199364	77	9	0.381117210226872	0.846689622992442
HROV-vOTU23948	diagnosis	RA	0.270512656427376	0.306803522332591	77	14	0.380907282641119	0.846689622992442
HROV-vOTU56306	Age	Age	-0.113946601967797	0.129290396717882	77	9	0.38111683050788	0.846689622992442
HROV-vOTU37086	diagnosis	RA	-0.32494219563655	0.368556852391909	77	15	0.380935233441553	0.846689622992442
HROV-vOTU31635	Smoking_Status	Never_Smoker	0.48200705388795	0.546779878324096	77	10	0.38100149020673	0.846689622992442
HROV-vOTU24413	Smoking_Status	Never_Smoker	0.359319189224002	0.407561242084413	77	8	0.380950596894897	0.846689622992442
HROV-vOTU12864	diagnosis	RA	-0.487985345367152	0.553871754234458	77	72	0.381266830356082	0.846728553818763
HROV-vOTU43532	Smoking_Status	Never_Smoker	0.654097857640419	0.742373709400912	77	65	0.381242205436999	0.846728553818763
HROV-vOTU05759	Sex	M	0.581723689132531	0.660260715311399	77	32	0.381262763233218	0.846728553818763
HROV-vOTU74913	Age	Age	-0.245708835974107	0.27894772433444	77	26	0.381375451037741	0.846888114685101
HROV-vOTU43245	Age	Age	0.172858954124126	0.196326086336492	77	75	0.381576167836922	0.847031545133981
HROV-vOTU53018	Smoking_Status	Former_Smoker	1.55177268911887	1.76248047020281	77	54	0.38158715939058	0.847031545133981
HROV-vOTU63604	Smoking_Status	Never_Smoker	0.383923227805871	0.436035124978094	77	12	0.381566310130854	0.847031545133981
HROV-vOTU12921	Sex	M	0.622469778015266	0.706975789957537	77	34	0.381576323845017	0.847031545133981
HROV-vOTU31955	Age	Age	-0.303243685635534	0.344523409460618	77	62	0.381729725863607	0.847069818664356
HROV-vOTU60846	Smoking_Status	Former_Smoker	0.733440683859494	0.833287496776774	77	16	0.381732886364726	0.847069818664356
HROV-vOTU05048	Smoking_Status	Former_Smoker	1.26734730525843	1.43984164099873	77	19	0.381721127845602	0.847069818664356
HROV-vOTU52822	diagnosis	RA	0.572277884898499	0.650210426204335	77	26	0.381751526179651	0.847069818664356
HROV-vOTU08392	Smoking_Status	Former_Smoker	0.681640386655472	0.77488355201874	77	76	0.382006803514074	0.847228109103344
HROV-vOTU02293	diagnosis	RA	-0.416152814291589	0.473061980829463	77	76	0.381989450746895	0.847228109103344
HROV-vOTU17724	Sex	M	-0.71021818942171	0.807359478655199	77	58	0.382000294697577	0.847228109103344
HROV-vOTU18898	Sex	M	0.359779176295448	0.408928145372778	77	9	0.381930332665337	0.847228109103344
HROV-vOTU16565	Smoking_Status	Never_Smoker	0.283914540379086	0.322709946116771	77	9	0.381945306967573	0.847228109103344
HROV-vOTU06373	diagnosis	RA	-0.412508715417922	0.469415235355618	77	73	0.382489582260901	0.847428657578225
HROV-vOTU71437	Sex	M	1.00496558988444	1.1444333983634	77	45	0.382833163414844	0.847428657578225
HROV-vOTU02247	Sex	M	0.794945912871988	0.904373725743577	77	66	0.382365665720822	0.847428657578225
HROV-vOTU50767	Smoking_Status	Former_Smoker	-1.53508903534512	1.74714771784434	77	39	0.38256805405354	0.847428657578225
HROV-vOTU67283	Smoking_Status	Never_Smoker	0.858606493606775	0.97677544437788	77	60	0.382354993946899	0.847428657578225
HROV-vOTU21901	Sex	M	-1.14998060304202	1.30894438955213	77	33	0.382605788890979	0.847428657578225
HROV-vOTU28323	Age	Age	0.190983658763554	0.217482190959751	77	15	0.382820260187402	0.847428657578225
HROV-vOTU04485	Sex	M	0.627603348964157	0.714505391880878	77	27	0.382703407503324	0.847428657578225
HROV-vOTU71805	Sex	M	-0.840757020138611	0.956820375026418	77	30	0.38252866445605	0.847428657578225
HROV-vOTU55046	Sex	M	-0.437769644815722	0.498070392304428	77	13	0.382403514123623	0.847428657578225
HROV-vOTU36327	diagnosis	RA	0.431868670878693	0.491779866801489	77	16	0.382811057173452	0.847428657578225
HROV-vOTU69548	diagnosis	RA	-0.418089345359628	0.476097250174461	77	27	0.382819260474573	0.847428657578225
HROV-vOTU29204	Smoking_Status	Never_Smoker	0.647969808617779	0.737838427085367	77	36	0.38279738589409	0.847428657578225
HROV-vOTU69771	Smoking_Status	Never_Smoker	0.324812992112131	0.369517617039041	77	8	0.382356293104425	0.847428657578225
HROV-vOTU67371	Age	Age	-0.229890208888987	0.261533380435764	77	17	0.382361629365754	0.847428657578225
HROV-vOTU58184	Sex	M	0.411299611627488	0.467731398521359	77	16	0.38217804896605	0.847428657578225
HROV-vOTU46735	diagnosis	RA	-0.370713304464599	0.421817987560647	77	21	0.382449116037992	0.847428657578225
HROV-vOTU15208	Age	Age	0.231534581978386	0.263555111793809	77	17	0.38263292110137	0.847428657578225
HROV-vOTU41752	Sex	M	-0.488419854054348	0.555899590577748	77	8	0.382575670843138	0.847428657578225
HROV-vOTU64000	Age	Age	0.210863302949411	0.240006115136534	77	19	0.382595568110942	0.847428657578225
HROV-vOTU43123	diagnosis	RA	0.482996120477217	0.550258053301835	77	51	0.383033036915145	0.847543655499202
HROV-vOTU05373	Sex	M	0.995702161430277	1.13469171604342	77	65	0.383169958439093	0.847543655499202
HROV-vOTU72148	diagnosis	RA	-0.677107223418548	0.77166900137236	77	62	0.383197384640611	0.847543655499202
HROV-vOTU75934	Sex	M	0.534595472486333	0.608904224638034	77	41	0.382925107429456	0.847543655499202
HROV-vOTU23000	Smoking_Status	Former_Smoker	2.04255320092273	2.32750090804746	77	51	0.383135145961333	0.847543655499202
HROV-vOTU05033	Age	Age	-0.309483300181517	0.352667098953339	77	20	0.383147396513424	0.847543655499202
HROV-vOTU48844	Smoking_Status	Former_Smoker	0.676800532172314	0.770994685715124	77	12	0.382998091925139	0.847543655499202
HROV-vOTU43683	Smoking_Status	Former_Smoker	1.10921161707928	1.26416978680585	77	15	0.383216330208996	0.847543655499202
HROV-vOTU11412	diagnosis	RA	-0.453178295414958	0.516409485030291	77	9	0.383144545186702	0.847543655499202
HROV-vOTU17342	Age	Age	-0.260016563804257	0.29674081241733	77	60	0.383853869903359	0.847559848497477
HROV-vOTU47188	Smoking_Status	Former_Smoker	-1.10138843222472	1.25766100902149	77	25	0.384122673459877	0.847559848497477
HROV-vOTU34920	Smoking_Status	Former_Smoker	1.01623472068742	1.15993034462413	77	73	0.383920975614528	0.847559848497477
HROV-vOTU74196	Smoking_Status	Former_Smoker	-1.5316227243423	1.74875171494563	77	57	0.384071779729994	0.847559848497477
HROV-vOTU75522	diagnosis	RA	0.650667119864262	0.742097722569874	77	43	0.383555391905692	0.847559848497477
HROV-vOTU64807	Sex	M	0.630315463194058	0.719278177521265	77	43	0.383813196583974	0.847559848497477
HROV-vOTU27154	Age	Age	0.293536409778317	0.335201634498625	77	37	0.384145611545057	0.847559848497477
HROV-vOTU19348	Smoking_Status	Former_Smoker	1.1756890595319	1.3426967349585	77	31	0.384190593222035	0.847559848497477
HROV-vOTU17770	Sex	M	-0.513186361186591	0.585112548050407	77	26	0.38340513776906	0.847559848497477
HROV-vOTU07406	Age	Age	-0.144438885532688	0.164935649133955	77	9	0.38413064410346	0.847559848497477
HROV-vOTU29370	Smoking_Status	Never_Smoker	0.585655482962069	0.668691561079474	77	17	0.384079704256939	0.847559848497477
HROV-vOTU61225	diagnosis	RA	-0.515842130889378	0.589151254600499	77	33	0.384217317338848	0.847559848497477
HROV-vOTU22119	Sex	M	0.361751374810986	0.412327766230124	77	12	0.38326142725537	0.847559848497477
HROV-vOTU47090	Age	Age	0.206084962198891	0.23505488608565	77	14	0.383577986776872	0.847559848497477
HROV-vOTU53048	Smoking_Status	Never_Smoker	0.68978898255435	0.786970380478847	77	22	0.383707774680407	0.847559848497477
HROV-vOTU55080	Age	Age	-0.117719463540061	0.134435155389293	77	8	0.384167859041987	0.847559848497477
HROV-vOTU41534	Sex	M	0.515033657113197	0.587607129825324	77	37	0.383717917898168	0.847559848497477
HROV-vOTU43698	Smoking_Status	Never_Smoker	-0.656766802340602	0.74906941463465	77	15	0.383564797626431	0.847559848497477
HROV-vOTU09885	Age	Age	0.0899097331690431	0.10262233547685	77	9	0.383918039609334	0.847559848497477
HROV-vOTU25877	diagnosis	RA	0.368186358211309	0.420318137525119	77	18	0.383999995983656	0.847559848497477
HROV-vOTU06473	Smoking_Status	Former_Smoker	-0.777814027398635	0.888262387419378	77	12	0.384168863535173	0.847559848497477
HROV-vOTU25923	Smoking_Status	Former_Smoker	-0.528457669504938	0.603221299141506	77	12	0.383952103483228	0.847559848497477
HROV-vOTU07570	Sex	M	0.366422235738559	0.418224546378984	77	9	0.383909885683399	0.847559848497477
HROV-vOTU34253	Smoking_Status	Never_Smoker	0.36919267306124	0.420995827610086	77	9	0.383470948248298	0.847559848497477
HROV-vOTU57235	Smoking_Status	Never_Smoker	0.355187385594562	0.405029131781689	77	10	0.383475315819266	0.847559848497477
HROV-vOTU15078	Age	Age	-0.113804525568843	0.129889333142551	77	11	0.383894916833239	0.847559848497477
HROV-vOTU60236	diagnosis	RA	0.138501779744472	0.157999921612436	77	8	0.38366353436699	0.847559848497477
HROV-vOTU05670	diagnosis	RA	-0.31742379370817	0.362588258264047	77	29	0.384287293424146	0.847633020549572
HROV-vOTU01908	Smoking_Status	Former_Smoker	-1.309489428129	1.49613767132097	77	29	0.384391067610916	0.847699539124714
HROV-vOTU07511	Smoking_Status	Former_Smoker	1.27939073485404	1.46169949224623	77	62	0.384375097509072	0.847699539124714
HROV-vOTU02423	Age	Age	-0.215883589206607	0.246674687563047	77	19	0.384429607658913	0.847703357371195
HROV-vOTU40298	Sex	M	0.79634115793005	0.909993328348317	77	56	0.384466724731045	0.847704037391667
HROV-vOTU02260	diagnosis	RA	-0.433755143848059	0.496355638723416	77	73	0.385130005909269	0.847771181855513
HROV-vOTU28665	Sex	M	0.671850559270718	0.769207010714317	77	34	0.385371878861797	0.847771181855513
HROV-vOTU47360	Sex	M	-0.76093696252774	0.871558261687852	77	31	0.385564713797422	0.847771181855513
HROV-vOTU12421	Age	Age	0.299180497565575	0.342669580730838	77	65	0.385558760696521	0.847771181855513
HROV-vOTU20527	Age	Age	-0.288710529818212	0.33045164724379	77	53	0.385235557178413	0.847771181855513
HROV-vOTU44696	diagnosis	RA	0.83188140001537	0.951189461357248	77	31	0.38475694959599	0.847771181855513
HROV-vOTU28376	Sex	M	-0.468774966634821	0.536513374574103	77	11	0.385203823284391	0.847771181855513
HROV-vOTU23807	Sex	M	-0.728490815424194	0.834217847077176	77	58	0.385464216438389	0.847771181855513
HROV-vOTU17724	diagnosis	RA	-0.535201892639863	0.611714251725104	77	58	0.384566797811262	0.847771181855513
HROV-vOTU02247	Smoking_Status	Former_Smoker	1.44443350308017	1.65228545961525	77	66	0.384954980403931	0.847771181855513
HROV-vOTU05127	Smoking_Status	Never_Smoker	-0.849989129545574	0.972919257002564	77	34	0.385255290386934	0.847771181855513
HROV-vOTU21661	Smoking_Status	Never_Smoker	-0.959250326768775	1.09710891459957	77	34	0.384879063493703	0.847771181855513
HROV-vOTU20811	Smoking_Status	Former_Smoker	1.36224382292114	1.5570246699266	77	65	0.384577345907085	0.847771181855513
HROV-vOTU04569	Age	Age	-0.242731424122217	0.277952138738115	77	67	0.38545183184875	0.847771181855513
HROV-vOTU09485	Age	Age	-0.184129452152521	0.21064716153248	77	48	0.385003771614408	0.847771181855513
HROV-vOTU45038	Sex	M	-0.711484265546573	0.814854789597129	77	42	0.385528996772324	0.847771181855513
HROV-vOTU19606	diagnosis	RA	-0.504664699635747	0.576915261204768	77	46	0.38465187368604	0.847771181855513
HROV-vOTU09621	Smoking_Status	Former_Smoker	-1.10283801313749	1.26305058995601	77	27	0.385522572187476	0.847771181855513
HROV-vOTU69384	Age	Age	-0.311391420009983	0.356374784763762	77	48	0.385186609620274	0.847771181855513
HROV-vOTU04846	Sex	M	-0.403770919231127	0.462023839735672	77	19	0.385109354056089	0.847771181855513
HROV-vOTU75544	Sex	M	0.818156539287986	0.935713126678406	77	26	0.384866575056636	0.847771181855513
HROV-vOTU58716	Smoking_Status	Former_Smoker	0.460846377763035	0.526895019904322	77	9	0.384715906210695	0.847771181855513
HROV-vOTU38642	diagnosis	RA	-0.780397041566303	0.893838285739384	77	50	0.385559920111313	0.847771181855513
HROV-vOTU43907	Smoking_Status	Former_Smoker	1.35687637857893	1.5511470780755	77	45	0.384655790019118	0.847771181855513
HROV-vOTU01040	Smoking_Status	Former_Smoker	0.923349432503678	1.05598391672448	77	26	0.384850138154115	0.847771181855513
HROV-vOTU01713	Age	Age	-0.112799272782752	0.12908879693252	77	9	0.385166938897977	0.847771181855513
HROV-vOTU11805	diagnosis	RA	-0.333875385115401	0.382353815574883	77	9	0.385492109252609	0.847771181855513
HROV-vOTU22487	Sex	M	-0.29369459659469	0.335816657308001	77	8	0.384757670392072	0.847771181855513
HROV-vOTU59165	Age	Age	-0.172401376917943	0.197380712202187	77	12	0.385364729384889	0.847771181855513
HROV-vOTU47932	Smoking_Status	Never_Smoker	1.20735310936026	1.38326595452645	77	51	0.385699257088065	0.847986051621778
HROV-vOTU09249	diagnosis	RA	0.5084121033464	0.582552101067493	77	21	0.385750953385595	0.848018753004034
HROV-vOTU42965	Smoking_Status	Never_Smoker	0.703103208813779	0.805835244991278	77	26	0.385868778901253	0.848127306521959
HROV-vOTU29574	Smoking_Status	Former_Smoker	0.85570879985514	0.980825639040072	77	8	0.385910813940235	0.848127306521959
HROV-vOTU02636	diagnosis	RA	-0.273764783417369	0.313780404889328	77	8	0.385891693504779	0.848127306521959
HROV-vOTU09659	Smoking_Status	Never_Smoker	0.872276021118215	1.00006462857238	77	55	0.386028668166257	0.848175905671472
HROV-vOTU30149	diagnosis	RA	-0.774111048172807	0.887496111122107	77	59	0.386016765571559	0.848175905671472
HROV-vOTU26524	Age	Age	-0.107422359415272	0.123163599912796	77	10	0.386043414817558	0.848175905671472
HROV-vOTU71614	Sex	M	-0.59234473966214	0.679286794437649	77	13	0.386142361174412	0.848231455345929
HROV-vOTU49046	Age	Age	-0.157137433822704	0.180200938702704	77	13	0.386141008548428	0.848231455345929
HROV-vOTU14169	diagnosis	RA	-0.424671079976652	0.487418420336817	77	73	0.386545517183424	0.848314968627492
HROV-vOTU12864	Smoking_Status	Former_Smoker	1.16438812531965	1.33556402429154	77	72	0.386238430720325	0.848314968627492
HROV-vOTU01595	diagnosis	RA	-0.493239169922914	0.566416328487836	77	68	0.3867945339772	0.848314968627492
HROV-vOTU52361	Sex	M	0.643464341460344	0.739374479252683	77	49	0.387079196926714	0.848314968627492
HROV-vOTU55256	Sex	M	0.412131939195102	0.473583467736894	77	74	0.387101259457504	0.848314968627492
HROV-vOTU52562	Smoking_Status	Former_Smoker	-0.997542703318531	1.14498458295781	77	72	0.386566065209892	0.848314968627492
HROV-vOTU17409	Smoking_Status	Former_Smoker	-0.522333988255783	0.599859913063724	77	9	0.386819925569847	0.848314968627492
HROV-vOTU45518	diagnosis	RA	0.34076981407032497	0.391530607512998	77	11	0.387040734972751	0.848314968627492
HROV-vOTU01179	Smoking_Status	Former_Smoker	1.25530210001315	1.44124109287224	77	63	0.386696841526851	0.848314968627492
HROV-vOTU13101	Sex	M	0.50169056385721	0.576275677822989	77	60	0.386920850710319	0.848314968627492
HROV-vOTU48934	Smoking_Status	Never_Smoker	0.582251775634033	0.668920804923149	77	69	0.386996455997865	0.848314968627492
HROV-vOTU67635	Age	Age	-0.222550460280395	0.25572512241181	77	58	0.387084554605423	0.848314968627492
HROV-vOTU24682	Sex	M	-0.640484598131238	0.73538750702895594	77	44	0.386717697508461	0.848314968627492
HROV-vOTU13293	Sex	M	1.00468088217916	1.1525624398847	77	67	0.38631390492192	0.848314968627492
HROV-vOTU54797	Smoking_Status	Never_Smoker	0.988903607389487	1.13570365217581	77	23	0.386830265097311	0.848314968627492
HROV-vOTU61707	Smoking_Status	Former_Smoker	-1.0513510069536	1.20760877326606	77	17	0.386903632368737	0.848314968627492
HROV-vOTU46619	Age	Age	0.176535396337571	0.202804402257275	77	27	0.386976554570283	0.848314968627492
HROV-vOTU71058	Smoking_Status	Never_Smoker	-0.63809185689675	0.73316747558054	77	23	0.387057467508479	0.848314968627492
HROV-vOTU07919	Age	Age	0.230394977863495	0.264405877678632	77	50	0.386489876460567	0.848314968627492
HROV-vOTU67736	Age	Age	-0.243070031039988	0.279202632968853	77	48	0.386914038074212	0.848314968627492
HROV-vOTU72977	Smoking_Status	Former_Smoker	-0.537848748667791	0.616947100670584	77	10	0.386261080631862	0.848314968627492
HROV-vOTU69859	diagnosis	RA	-0.337343458864734	0.387165007038138	77	25	0.386517838504146	0.848314968627492
HROV-vOTU51632	diagnosis	RA	-0.294801553353636	0.338568373518884	77	13	0.386836310024576	0.848314968627492
HROV-vOTU32102	Smoking_Status	Never_Smoker	0.422858683296435	0.485395532211059	77	8	0.386601282537602	0.848314968627492
HROV-vOTU57641	Age	Age	-0.138839877948871	0.159421321066534	77	11	0.386744477633361	0.848314968627492
HROV-vOTU34031	Smoking_Status	Never_Smoker	0.611200192486485	0.702520960394664	77	76	0.387226895527894	0.848509553188145
HROV-vOTU54200	diagnosis	RA	-0.412064630898393	0.473800466833737	77	73	0.387394706041788	0.848728336688454
HROV-vOTU08286	Smoking_Status	Former_Smoker	-0.431225818362439	0.495838425729825	77	74	0.387400446168868	0.848728336688454
HROV-vOTU58212	diagnosis	RA	-0.250691823318172	0.288424529980107	77	75	0.38767940622749	0.848757075074538
HROV-vOTU47892	Smoking_Status	Never_Smoker	-0.858044897996619	0.98695852310325	77	36	0.387567287576044	0.848757075074538
HROV-vOTU06856	Age	Age	-0.328497519769201	0.377911394380635	77	53	0.387642301202087	0.848757075074538
HROV-vOTU66481	diagnosis	RA	-0.495252586532611	0.569534766710313	77	65	0.387463572306021	0.848757075074538
HROV-vOTU16495	diagnosis	RA	0.226497490906798	0.260604608123474	77	11	0.387708399035351	0.848757075074538
HROV-vOTU38942	Age	Age	-0.221249308463709	0.254526666449218	77	51	0.387635209056758	0.848757075074538
HROV-vOTU05033	Smoking_Status	Never_Smoker	1.02346082768671	1.17744462577479	77	20	0.387654666964835	0.848757075074538
HROV-vOTU41394	Smoking_Status	Former_Smoker	-0.764935055191376	0.880057784129964	77	10	0.387673536090318	0.848757075074538
HROV-vOTU48553	diagnosis	RA	-0.321109308798657	0.369554775501373	77	29	0.387824957010021	0.848931542623399
HROV-vOTU21834	Sex	M	-1.11005711710044	1.27778596472147	77	61	0.38791937533303	0.84905751890512
HROV-vOTU36381	Age	Age	0.137901444807358	0.158760799472688	77	17	0.38798640842329	0.849123537583234
HROV-vOTU59916	Smoking_Status	Former_Smoker	0.466309172155121	0.536988215340077	77	11	0.388112849045894	0.849319547085419
HROV-vOTU43318	diagnosis	RA	-0.242784298085711	0.279672674306226	77	53	0.388263523216974	0.84954797038541
HROV-vOTU36038	Sex	M	0.363728552766469	0.419017466282702	77	11	0.388291008956875	0.84954797038541
HROV-vOTU31923	Sex	M	-0.515306433758092	0.593690216836009	77	14	0.388334038110349	0.849561403788481
HROV-vOTU66937	diagnosis	RA	0.284121516800946	0.327405932890976	77	19	0.388429765986777	0.849690113096075
HROV-vOTU49842	diagnosis	RA	-0.385876811274158	0.444704801307705	77	64	0.388474010260428	0.849706188270268
HROV-vOTU60555	diagnosis	RA	-0.399866591526475	0.461123360709232	77	71	0.388777007781447	0.849723307317712
HROV-vOTU69432	Age	Age	0.158486824824039	0.182739388918255	77	14	0.38870856036533	0.849723307317712
HROV-vOTU46797	Smoking_Status	Former_Smoker	0.735948482511211	0.848308316405021	77	26	0.388564385666507	0.849723307317712
HROV-vOTU65362	Smoking_Status	Never_Smoker	0.999139020702676	1.15206262718974	77	28	0.388720690301232	0.849723307317712
HROV-vOTU09782	Sex	M	0.72407612481291606	0.834728589080311	77	28	0.388623874421669	0.849723307317712
HROV-vOTU09421	Smoking_Status	Never_Smoker	0.291053262368284	0.335579807219675	77	9	0.38869155138668	0.849723307317712
HROV-vOTU72573	diagnosis	RA	0.314545956999429	0.362662087163421	77	14	0.38868579362546	0.849723307317712
HROV-vOTU58927	Sex	M	0.360047638318369	0.41518531185957	77	12	0.388755290432864	0.849723307317712
HROV-vOTU27487	diagnosis	RA	-0.450322988368538	0.519477984058373	77	68	0.388930218305949	0.849977503092237
HROV-vOTU27244	Smoking_Status	Never_Smoker	-0.750201688565544	0.865756681818482	77	9	0.389120089576344	0.850311762306026
HROV-vOTU38189	Age	Age	-0.0916813632586468	0.105820569573131	77	9	0.389197448401912	0.850329804105109
HROV-vOTU12517	Smoking_Status	Never_Smoker	0.418974251549474	0.483593809277995	77	9	0.389202191275378	0.850329804105109
HROV-vOTU19194	diagnosis	RA	-0.372837274645499	0.430827909302712	77	73	0.389735559424263	0.850465760043179
HROV-vOTU69656	Age	Age	0.290373435376673	0.335590267864409	77	47	0.389809367244812	0.850465760043179
HROV-vOTU12284	Sex	M	-0.606569189874945	0.701045146799653	77	35	0.389823662651722	0.850465760043179
HROV-vOTU60687	Smoking_Status	Former_Smoker	1.19483492416693	1.38096594774369	77	66	0.38983389281823	0.850465760043179
HROV-vOTU50288	Smoking_Status	Never_Smoker	0.554722857915574	0.640636522867598	77	17	0.389465289132439	0.850465760043179
HROV-vOTU13913	Sex	M	0.778125211598982	0.899210862553167	77	54	0.389765479091648	0.850465760043179
HROV-vOTU51369	diagnosis	RA	-0.219312412711875	0.253324643878376	77	10	0.389550646549392	0.850465760043179
HROV-vOTU73206	Age	Age	-0.174361931777458	0.201533119414401	77	66	0.389855276976806	0.850465760043179
HROV-vOTU48171	Smoking_Status	Never_Smoker	1.39049516121707	1.6068189507766	77	28	0.389749631111626	0.850465760043179
HROV-vOTU71552	diagnosis	RA	-0.262334828612681	0.303192580642485	77	12	0.389820379376687	0.850465760043179
HROV-vOTU64793	Sex	M	0.451777545057097	0.521935582286605	77	27	0.389635392540657	0.850465760043179
HROV-vOTU56629	Smoking_Status	Former_Smoker	0.854961174852744	0.988041633473654	77	11	0.389783715510131	0.850465760043179
HROV-vOTU69621	Smoking_Status	Former_Smoker	0.772682773697775	0.89293444076175	77	8	0.389772305320593	0.850465760043179
HROV-vOTU43698	Sex	M	-0.501231580957794	0.578782475525623	77	15	0.389401551543921	0.850465760043179
HROV-vOTU36400	Smoking_Status	Former_Smoker	-0.61729051390401	0.713312501363272	77	8	0.389741779114497	0.850465760043179
HROV-vOTU50156	Smoking_Status	Never_Smoker	0.838645941026652	0.968569994115089	77	12	0.389483457478683	0.850465760043179
HROV-vOTU64708	diagnosis	RA	0.534862241077295	0.618324674522999	77	23	0.389942014385626	0.850574407207897
HROV-vOTU04657	Smoking_Status	Never_Smoker	-1.18261679610585	1.36759248342936	77	74	0.390091873377169	0.850626710417019
HROV-vOTU09276	diagnosis	RA	-0.597136638816017	0.690574530403031	77	39	0.390118120129019	0.850626710417019
HROV-vOTU13757	Sex	M	0.520920609353954	0.602474068913691	77	24	0.390150670522578	0.850626710417019
HROV-vOTU28965	Age	Age	-0.146224296067949	0.169068541586966	77	13	0.390016529450955	0.850626710417019
HROV-vOTU26189	Smoking_Status	Never_Smoker	0.438316243791074	0.506855928696899	77	12	0.390074830781768	0.850626710417019
HROV-vOTU02748	Smoking_Status	Former_Smoker	1.71544719003991	1.98421748090532	77	55	0.390199632618929	0.850652928740433
HROV-vOTU74685	diagnosis	RA	0.400815483540864	0.463662877557292	77	34	0.390249481777838	0.850681075754247
HROV-vOTU53941	Smoking_Status	Former_Smoker	0.887649241867303	1.02700644801098	77	23	0.39032975824688	0.850775537802919
HROV-vOTU28752	Smoking_Status	Never_Smoker	0.71470316770461	0.827175893488023	77	32	0.390482141531585	0.850866091349456
HROV-vOTU53637	Sex	M	-0.367065554708494	0.424792154401924	77	21	0.390439473695012	0.850866091349456
HROV-vOTU47918	diagnosis	RA	-0.246956498897272	0.285814223200763	77	18	0.390472606020709	0.850866091349456
HROV-vOTU07479	Age	Age	-0.115922345088099	0.134175840282679	77	11	0.390520136279178	0.850868376396355
HROV-vOTU12129	Sex	M	0.493766205009513	0.571638690121875	77	9	0.390621175917608	0.851008010725808
HROV-vOTU63677	Smoking_Status	Former_Smoker	0.904010627276867	1.04671569033444	77	19	0.390680811971659	0.851056211219033
HROV-vOTU02408	Sex	M	1.08972600552612	1.26184510789337	77	35	0.390717208910935	0.851056211219033
HROV-vOTU07552	diagnosis	RA	-0.696197695128359	0.807398222192912	77	62	0.391440418927816	0.851058862787015
HROV-vOTU01021	diagnosis	RA	-0.513364575564435	0.595232631888082	77	72	0.391338029588917	0.851058862787015
HROV-vOTU41690	Smoking_Status	Never_Smoker	0.63690292900412	0.738667051191443	77	75	0.391462414004572	0.851058862787015
HROV-vOTU07321	Smoking_Status	Former_Smoker	-0.95870666146823	1.11223384861794	77	76	0.391608741767873	0.851058862787015
HROV-vOTU71614	Age	Age	0.226665612310384	0.263320285364712	77	13	0.392246848200342	0.851058862787015
HROV-vOTU07112	Age	Age	0.225178248706919	0.261249925135424	77	72	0.391629759710791	0.851058862787015
HROV-vOTU75058	Smoking_Status	Never_Smoker	0.63906420537394	0.742264085085604	77	30	0.392154966696663	0.851058862787015
HROV-vOTU37296	Age	Age	0.267420647984068	0.310033028790036	77	42	0.391286157475448	0.851058862787015
HROV-vOTU11025	diagnosis	RA	-0.646930025114751	0.750306518227753	77	58	0.391468847622219	0.851058862787015
HROV-vOTU63905	Sex	M	0.65301843837298	0.75778745966206	77	45	0.391729811391033	0.851058862787015
HROV-vOTU35072	Sex	M	-0.562872466479457	0.652401734102233	77	18	0.391169054711982	0.851058862787015
HROV-vOTU39425	Smoking_Status	Former_Smoker	1.23359524776398	1.43239861454518	77	35	0.392021839935428	0.851058862787015
HROV-vOTU38085	Age	Age	-0.123398174137887	0.143287103428055	77	67	0.392029611024297	0.851058862787015
HROV-vOTU27505	Smoking_Status	Never_Smoker	1.35363076137757	1.57116086280811	77	51	0.391836620402903	0.851058862787015
HROV-vOTU25911	Age	Age	-0.23849085593118	0.27684742344661	77	23	0.391889027857326	0.851058862787015
HROV-vOTU18571	Sex	M	0.338634564098328	0.39235272663454	77	59	0.390995748675524	0.851058862787015
HROV-vOTU61440	Age	Age	-0.163228320566967	0.189234658425327	77	18	0.391277631587747	0.851058862787015
HROV-vOTU53343	diagnosis	RA	0.445478882907134	0.517232343849234	77	32	0.391986426045524	0.851058862787015
HROV-vOTU56750	Age	Age	-0.234548289782383	0.272131362551775	77	71	0.391647754415405	0.851058862787015
HROV-vOTU21557	Sex	M	0.58006042223702	0.673685203227539	77	39	0.392122236016804	0.851058862787015
HROV-vOTU09573	Sex	M	0.402145477118468	0.467010661920725	77	14	0.392078673509582	0.851058862787015
HROV-vOTU19658	Sex	M	0.505380084307998	0.586869177786002	77	15	0.392056516690857	0.851058862787015
HROV-vOTU51342	diagnosis	RA	-0.455109282885217	0.527678755508292	77	14	0.391330522399726	0.851058862787015
HROV-vOTU27480	diagnosis	RA	-0.39107199788376	0.453523770884391	77	39	0.391427537960897	0.851058862787015
HROV-vOTU38135	Smoking_Status	Never_Smoker	-0.553201055834895	0.641324824959782	77	11	0.391266654061534	0.851058862787015
HROV-vOTU64793	Age	Age	-0.174306738049285	0.202324301892963	77	27	0.391851196004096	0.851058862787015
HROV-vOTU05840	diagnosis	RA	-0.860041889393476	0.99898295489872	77	43	0.392181557376243	0.851058862787015
HROV-vOTU01617	Smoking_Status	Never_Smoker	0.735530543967677	0.852002116361085	77	20	0.390881335456651	0.851058862787015
HROV-vOTU19271	Smoking_Status	Never_Smoker	0.628003171848487	0.727497868871955	77	24	0.390913813023691	0.851058862787015
HROV-vOTU17559	diagnosis	RA	-0.492199665415555	0.570836322148138	77	50	0.391456776753067	0.851058862787015
HROV-vOTU58937	Smoking_Status	Never_Smoker	0.357447673458747	0.415272309054603	77	11	0.392270509269829	0.851058862787015
HROV-vOTU60104	Smoking_Status	Former_Smoker	1.29311894739799	1.50119763832057	77	38	0.391922265180513	0.851058862787015
HROV-vOTU34795	Age	Age	-0.385930394866274	0.447946257888177	77	19	0.391832815139995	0.851058862787015
HROV-vOTU11248	Smoking_Status	Never_Smoker	0.713844709983631	0.827882630801632	77	15	0.391451070545122	0.851058862787015
HROV-vOTU10126	Sex	M	0.261157740577177	0.303333388098584	77	11	0.3921586094125	0.851058862787015
HROV-vOTU70703	Smoking_Status	Former_Smoker	-0.798940602580731	0.927079902113339	77	22	0.391708879373073	0.851058862787015
HROV-vOTU51632	Smoking_Status	Never_Smoker	0.498639572231873	0.57832428348947	77	13	0.391472401447721	0.851058862787015
HROV-vOTU73174	Sex	M	-0.444397898828099	0.515775839694656	77	10	0.391802518319044	0.851058862787015
HROV-vOTU24679	Sex	M	0.280644966464144	0.326023795154361	77	9	0.392239649738404	0.851058862787015
HROV-vOTU60573	diagnosis	RA	-0.641217745324496	0.744152637435724	77	18	0.39176725935286	0.851058862787015
HROV-vOTU51823	diagnosis	RA	-0.194563713004969	0.225927508839461	77	9	0.392039261828215	0.851058862787015
HROV-vOTU02807	Age	Age	-0.171103397943668	0.198533331659427	77	13	0.39167863923802	0.851058862787015
HROV-vOTU70060	Sex	M	0.435176969577369	0.505625942086336	77	13	0.392317081182651	0.851079726793185
HROV-vOTU75566	Smoking_Status	Former_Smoker	1.02523907873358	1.19307419283108	77	14	0.393053085301549	0.851425054601639
HROV-vOTU18437	Age	Age	0.215489675340835	0.250607258137638	77	10	0.392754838367139	0.851425054601639
HROV-vOTU07899	Sex	M	0.800286910438204	0.931353184712222	77	49	0.393081691347854	0.851425054601639
HROV-vOTU07684	Smoking_Status	Former_Smoker	-0.71407359715604	0.831044126878734	77	69	0.393095152752113	0.851425054601639
HROV-vOTU29531	Smoking_Status	Never_Smoker	0.637271668435856	0.741016828544081	77	50	0.392685757226558	0.851425054601639
HROV-vOTU04125	Smoking_Status	Former_Smoker	-1.10678308226061	1.28711733807432	77	22	0.392742316764318	0.851425054601639
HROV-vOTU14470	Sex	M	-1.22817858874873	1.42857178412505	77	57	0.392834378061115	0.851425054601639
HROV-vOTU04675	Smoking_Status	Former_Smoker	1.69214396817191	1.96973054039751	77	51	0.393190969644024	0.851425054601639
HROV-vOTU59806	Smoking_Status	Former_Smoker	0.884600027131804	1.02990449666199	77	24	0.393278217442889	0.851425054601639
HROV-vOTU70988	Smoking_Status	Never_Smoker	0.743324932718442	0.864750908877447	77	23	0.392912193591225	0.851425054601639
HROV-vOTU53941	Smoking_Status	Never_Smoker	0.625182706324548	0.727516282221656	77	23	0.393045997683667	0.851425054601639
HROV-vOTU11476	Smoking_Status	Never_Smoker	0.559402025799597	0.65038983968161	77	17	0.392627485362294	0.851425054601639
HROV-vOTU73396	Sex	M	0.532117298820965	0.618997381342566	77	24	0.392878703766966	0.851425054601639
HROV-vOTU46735	Smoking_Status	Former_Smoker	0.873938031483384	1.01713966216551	77	21	0.393115575227275	0.851425054601639
HROV-vOTU33481	Smoking_Status	Former_Smoker	1.34616967664642	1.56507607192869	77	43	0.392612235492131	0.851425054601639
HROV-vOTU13053	Age	Age	-0.268514337652758	0.312385108433261	77	29	0.392923592745734	0.851425054601639
HROV-vOTU28118	Age	Age	0.135573719972553	0.157608791617784	77	8	0.392578926109845	0.851425054601639
HROV-vOTU20449	Age	Age	-0.165954016406085	0.192994252596401	77	9	0.392743379025338	0.851425054601639
HROV-vOTU02807	Smoking_Status	Never_Smoker	0.569453505701602	0.662840409818003	77	13	0.393170590132427	0.851425054601639
HROV-vOTU36038	Age	Age	-0.139661883902296	0.162428888207229	77	11	0.392774567040006	0.851425054601639
HROV-vOTU67290	Smoking_Status	Never_Smoker	0.381701503322014	0.444410578703318	77	9	0.393289610545039	0.851425054601639
HROV-vOTU10158	Sex	M	0.213430314019929	0.248461398304166	77	8	0.393227076936183	0.851425054601639
HROV-vOTU03137	diagnosis	RA	-0.682673315251819	0.795186214881622	77	36	0.393501374733969	0.851563302022487
HROV-vOTU50392	Smoking_Status	Never_Smoker	0.925917831758924	1.07833641661399	77	23	0.393421080306164	0.851563302022487
HROV-vOTU37715	Smoking_Status	Never_Smoker	0.789078802194983	0.919116047191386	77	21	0.393494933865576	0.851563302022487
HROV-vOTU20962	diagnosis	RA	0.505292945857064	0.588479098696716	77	37	0.393427564399131	0.851563302022487
HROV-vOTU00812	Sex	M	-0.498203382813895	0.580963096357483	77	73	0.394027930053635	0.851576547435029
HROV-vOTU22120	Smoking_Status	Former_Smoker	0.937180075116648	1.09241363539278	77	72	0.393835285367076	0.851576547435029
HROV-vOTU18513	Smoking_Status	Former_Smoker	1.46443646572511	1.70743960770834	77	62	0.393955280092649	0.851576547435029
HROV-vOTU54096	Age	Age	0.223012012791825	0.260024781971502	77	60	0.393967919840607	0.851576547435029
HROV-vOTU32053	Smoking_Status	Never_Smoker	0.874854001877611	1.02026167481486	77	38	0.394064890470578	0.851576547435029
HROV-vOTU49611	Smoking_Status	Former_Smoker	0.77576360800675	0.904534593655471	77	72	0.393977990222335	0.851576547435029
HROV-vOTU18787	Smoking_Status	Former_Smoker	0.90881981938112	1.05902649306916	77	53	0.393688974482339	0.851576547435029
HROV-vOTU44129	Smoking_Status	Former_Smoker	-1.89501698403893	2.20938499547988	77	32	0.393937378209189	0.851576547435029
HROV-vOTU61489	Smoking_Status	Never_Smoker	1.12305643725598	1.30839247810502	77	31	0.393588655514321	0.851576547435029
HROV-vOTU21251	Sex	M	-0.40006928781467	0.466514779035699	77	13	0.394015275421508	0.851576547435029
HROV-vOTU74251	Sex	M	0.617818778880225	0.72048697012192	77	13	0.394053012514289	0.851576547435029
HROV-vOTU35715	Smoking_Status	Former_Smoker	0.663063833770939	0.773123465911556	77	16	0.393975537768089	0.851576547435029
HROV-vOTU05048	diagnosis	RA	-0.512102349712821	0.597116724481118	77	19	0.393985236431576	0.851576547435029
HROV-vOTU05957	Smoking_Status	Never_Smoker	-0.424733538209328	0.495185154585592	77	12	0.3939295418697	0.851576547435029
HROV-vOTU13246	Smoking_Status	Former_Smoker	1.24595136429442	1.45314409255686	77	17	0.39409912473133	0.851576547435029
HROV-vOTU63272	Smoking_Status	Former_Smoker	0.958149526248969	1.11713077859871	77	9	0.393950850275968	0.851576547435029
HROV-vOTU57119	Smoking_Status	Former_Smoker	-1.6987706257864	1.98175675309417	77	38	0.394216135744146	0.851723814871785
HROV-vOTU46313	Smoking_Status	Never_Smoker	0.924567136596611	1.07864177364971	77	68	0.394241244747426	0.851723814871785
HROV-vOTU00850	Smoking_Status	Former_Smoker	-0.977865739757384	1.14115094156586	77	19	0.394376731975462	0.851850778176981
HROV-vOTU60104	Sex	M	-0.704084813268493	0.821676238415589	77	38	0.394389609476809	0.851850778176981
HROV-vOTU12546	Age	Age	-0.138209370854876	0.161299481053212	77	14	0.394410979057801	0.851850778176981
HROV-vOTU05701	Sex	M	0.462663457367679	0.54011632359077	77	63	0.394548126340963	0.851867767822876
HROV-vOTU36786	diagnosis	RA	0.449829603856531	0.525193844436826	77	15	0.394601726232612	0.851867767822876
HROV-vOTU62816	Smoking_Status	Never_Smoker	1.0195556292906	1.19037673056578	77	40	0.394603792754427	0.851867767822876
HROV-vOTU37055	Smoking_Status	Never_Smoker	0.555368725426264	0.648304163621232	77	17	0.394521360543507	0.851867767822876
HROV-vOTU56103	Sex	M	-0.282075905331185	0.32926611746141	77	9	0.394503663789713	0.851867767822876
HROV-vOTU56168	Smoking_Status	Former_Smoker	-1.14343767173695	1.33523450972031	77	37	0.394681282140971	0.85193306413734
HROV-vOTU23061	Smoking_Status	Never_Smoker	0.816302635368028	0.953281014054342	77	47	0.394708024070578	0.85193306413734
HROV-vOTU69478	diagnosis	RA	-0.406734105893541	0.47518869890934	77	73	0.39490919345585	0.852199352165858
HROV-vOTU33387	Age	Age	0.151524211805802	0.177018933984716	77	21	0.394889891367842	0.852199352165858
HROV-vOTU25647	Smoking_Status	Never_Smoker	0.604102035712467	0.70582410606662	77	11	0.394942409277733	0.852199352165858
HROV-vOTU13293	Smoking_Status	Never_Smoker	-1.27656516266687	1.49166450036391	77	67	0.394987863869762	0.852217585246452
HROV-vOTU29429	Smoking_Status	Never_Smoker	0.697945438078258	0.815622322037897	77	65	0.395030595259562	0.852229939937021
HROV-vOTU02712	diagnosis	RA	-0.482152540053732	0.563529764088937	77	70	0.39510072511647	0.852301395600629
HROV-vOTU25462	Smoking_Status	Former_Smoker	-1.05668036298053	1.23524535942571	77	59	0.395184303501021	0.852401845989371
HROV-vOTU18938	diagnosis	RA	0.305504370318917	0.357212963532418	77	26	0.395292773495772	0.852555963064959
HROV-vOTU12483	diagnosis	RA	-0.435033621881562	0.508777335373531	77	26	0.395395780381072	0.852621830829201
HROV-vOTU27485	Sex	M	0.420115559680826	0.491368173939708	77	20	0.395431854423196	0.852621830829201
HROV-vOTU72977	Sex	M	0.288715561738131	0.337684232935196	77	10	0.395434380160082	0.852621830829201
HROV-vOTU44575	Age	Age	0.368566618676537	0.431192485474819	77	35	0.395558427957022	0.852698020268448
HROV-vOTU52595	diagnosis	RA	0.674229529624648	0.788807392790564	77	67	0.39556710617343	0.852698020268448
HROV-vOTU35516	Smoking_Status	Never_Smoker	0.960770684185293	1.12407577769696	77	35	0.395580792381594	0.852698020268448
HROV-vOTU45238	Sex	M	0.686152879461005	0.802973683325881	77	57	0.395693984805076	0.852778534623668
HROV-vOTU25647	Smoking_Status	Former_Smoker	0.85136139480206	0.996384446377454	77	11	0.39572923141655	0.852778534623668
HROV-vOTU40268	diagnosis	RA	0.487389902605875	0.57039929418366	77	17	0.39571782936212	0.852778534623668
HROV-vOTU00709	diagnosis	RA	0.36228716492773	0.424095721005225	77	18	0.395835250311172	0.852837274073763
HROV-vOTU62481	Sex	M	-0.314515332903989	0.368167432613492	77	9	0.39582724580838	0.852837274073763
HROV-vOTU07437	Sex	M	0.393825585835629	0.461046517532496	77	14	0.395867584014265	0.852837274073763
HROV-vOTU21466	diagnosis	RA	-0.196416578537149	0.230050745163508	77	76	0.396089091700016	0.852911963416326
HROV-vOTU40255	Smoking_Status	Former_Smoker	-0.355967922919895	0.41687407647223	77	77	0.396033385247541	0.852911963416326
HROV-vOTU21543	diagnosis	RA	0.516548533949035	0.604870265781587	77	31	0.395986936317194	0.852911963416326
HROV-vOTU52308	diagnosis	RA	0.461346287563914	0.540393720535663	77	48	0.396129953118087	0.852911963416326
HROV-vOTU58773	Smoking_Status	Never_Smoker	0.850613933576906	0.996258201818761	77	28	0.396082506573999	0.852911963416326
HROV-vOTU66684	Smoking_Status	Never_Smoker	1.32546672832643	1.55267744771904	77	39	0.396161496859073	0.852911963416326
HROV-vOTU54487	Sex	M	-0.585981357364558	0.686203707214523	77	26	0.396006586402945	0.852911963416326
HROV-vOTU13522	Age	Age	0.192633238110896	0.225707669368958	77	74	0.39627259766154	0.853071408127246
HROV-vOTU03059	Smoking_Status	Former_Smoker	1.27891162506451	1.49875148021864	77	19	0.396352663147475	0.853164018346233
HROV-vOTU30012	Smoking_Status	Former_Smoker	0.864495922104922	1.01328793657138	77	38	0.396440119319401	0.853272518497738
HROV-vOTU56622	Sex	M	-0.891818315958588	1.0478723234384	77	52	0.397588786653324	0.853397421141758
HROV-vOTU14373	diagnosis	RA	-0.407707336682508	0.478897189370221	77	73	0.397439337502763	0.853397421141758
HROV-vOTU29058	Sex	M	0.791528890091313	0.931001485827485	77	62	0.398077004506765	0.853397421141758
HROV-vOTU09783	Age	Age	0.26735359988624	0.314152574870028	77	34	0.397613226885045	0.853397421141758
HROV-vOTU67500	Smoking_Status	Never_Smoker	-0.713875027732413	0.838976199459339	77	72	0.39769200280600697	0.853397421141758
HROV-vOTU11474	diagnosis	RA	0.351839789911767	0.413079815806291	77	17	0.397217942088565	0.853397421141758
HROV-vOTU59291	Sex	M	0.714035722308454	0.838344562644485	77	64	0.397232638962195	0.853397421141758
HROV-vOTU36831	Sex	M	0.661485844276453	0.775579649412247	77	52	0.396587173220059	0.853397421141758
HROV-vOTU68660	Smoking_Status	Never_Smoker	0.838107827500254	0.982999110265215	77	42	0.396746601220981	0.853397421141758
HROV-vOTU47777	diagnosis	RA	-0.50025084093891	0.586962812383004	77	71	0.396929976410673	0.853397421141758
HROV-vOTU50767	diagnosis	RA	0.617044792808128	0.724559627085265	77	39	0.397291928636516	0.853397421141758
HROV-vOTU72559	diagnosis	RA	-0.48583110351033	0.570218127465833	77	43	0.397073763391133	0.853397421141758
HROV-vOTU51259	Sex	M	0.728864626667499	0.855754730675585	77	30	0.397232447244898	0.853397421141758
HROV-vOTU68750	Age	Age	-0.169133824706374	0.198934297053712	77	72	0.398072238369325	0.853397421141758
HROV-vOTU35203	Sex	M	0.533480682124506	0.62641657780034	77	56	0.397277984537956	0.853397421141758
HROV-vOTU09281	Smoking_Status	Former_Smoker	2.33240463949259	2.74126920676717	77	55	0.397713993052642	0.853397421141758
HROV-vOTU70617	Smoking_Status	Former_Smoker	-0.952211557553582	1.12003221122486	77	72	0.398091554291181	0.853397421141758
HROV-vOTU65585	Age	Age	-0.273230906788428	0.321323482240655	77	43	0.398000301499963	0.853397421141758
HROV-vOTU73023	Smoking_Status	Former_Smoker	1.20997150445237	1.42185799860153	77	31	0.397641872803703	0.853397421141758
HROV-vOTU74136	Smoking_Status	Former_Smoker	-1.24864538733134	1.46453082363697	77	35	0.396753276974604	0.853397421141758
HROV-vOTU32540	Age	Age	0.122576434246307	0.144107009314937	77	71	0.397854889078182	0.853397421141758
HROV-vOTU31297	diagnosis	RA	0.339814033068376	0.398556341782724	77	21	0.396741394183201	0.853397421141758
HROV-vOTU31606	Age	Age	-0.134610934377507	0.15789103863198	77	14	0.396772470008377	0.853397421141758
HROV-vOTU28044	diagnosis	RA	0.321002411047214	0.377517470282938	77	8	0.39801772422482	0.853397421141758
HROV-vOTU04512	Age	Age	0.212108320444087	0.248836425642253	77	39	0.396858037370218	0.853397421141758
HROV-vOTU72289	Smoking_Status	Never_Smoker	-1.20503035583463	1.415836380714	77	24	0.397570512241777	0.853397421141758
HROV-vOTU64505	Smoking_Status	Former_Smoker	0.632900679105462	0.742718497285942	77	26	0.39700127279253	0.853397421141758
HROV-vOTU16795	Smoking_Status	Never_Smoker	0.532749026220244	0.625100948044828	77	14	0.396935096068327	0.853397421141758
HROV-vOTU17948	Age	Age	-0.24241695073535	0.284988397319732	77	37	0.397839833848342	0.853397421141758
HROV-vOTU23278	Smoking_Status	Never_Smoker	0.524624482405822	0.616596188049052	77	18	0.397718848061498	0.853397421141758
HROV-vOTU58571	Smoking_Status	Former_Smoker	0.841109501690636	0.987768718712859	77	28	0.397340903331951	0.853397421141758
HROV-vOTU62918	Sex	M	0.328555592560173	0.386027938206191	77	19	0.397564882412215	0.853397421141758
HROV-vOTU67736	Sex	M	0.61283681832021	0.720258453636707	77	48	0.397709370369972	0.853397421141758
HROV-vOTU61026	Smoking_Status	Never_Smoker	0.476711255377684	0.560569137871015	77	8	0.397958292467392	0.853397421141758
HROV-vOTU14109	Smoking_Status	Former_Smoker	1.2651684155457	1.48562716829173	77	10	0.397296310388593	0.853397421141758
HROV-vOTU24594	Smoking_Status	Never_Smoker	0.286098778779947	0.336407694914685	77	8	0.397932499726628	0.853397421141758
HROV-vOTU10315	diagnosis	RA	0.175505464135826	0.205919693521376	77	11	0.396913191388556	0.853397421141758
HROV-vOTU26901	Smoking_Status	Never_Smoker	0.53020461043275	0.622420851654276	77	10	0.39716561310005	0.853397421141758
HROV-vOTU14997	Age	Age	0.191951738783946	0.225669196032026	77	14	0.397857169470003	0.853397421141758
HROV-vOTU31229	Sex	M	-0.40881109256077097	0.480017917467946	77	9	0.39726742193456	0.853397421141758
HROV-vOTU72586	Smoking_Status	Never_Smoker	0.699190534683063	0.821822185545182	77	11	0.39775132308838	0.853397421141758
HROV-vOTU04898	Sex	M	0.346043586223649	0.405984084313193	77	9	0.396881784604776	0.853397421141758
HROV-vOTU04091	Age	Age	-0.113005982302935	0.132571947988407	77	8	0.396851497416647	0.853397421141758
HROV-vOTU67500	Sex	M	0.550918628445313	0.648250632242131	77	72	0.398262784997831	0.853403105980903
HROV-vOTU24869	Age	Age	0.236573419174916	0.278313600911101	77	69	0.398168747636331	0.853403105980903
HROV-vOTU54096	Smoking_Status	Former_Smoker	1.04143457504197	1.2255209509003	77	60	0.398298727362894	0.853403105980903
HROV-vOTU72545	Age	Age	-0.155321078942866	0.182752347559216	77	8	0.398238007563367	0.853403105980903
HROV-vOTU46976	Age	Age	-0.131311028673759	0.154527734149718	77	13	0.398316543039024	0.853403105980903
HROV-vOTU73170	diagnosis	RA	-0.325595449479849	0.383160346411666	77	13	0.398313298321097	0.853403105980903
HROV-vOTU46906	Smoking_Status	Former_Smoker	-1.53035921477338	1.80122856715843	77	19	0.398392419638458	0.85348627202546
HROV-vOTU58106	Age	Age	-0.338432865322753	0.398429565065709	77	35	0.398504356322201	0.853487894178397
HROV-vOTU58173	Smoking_Status	Former_Smoker	0.506244889853902	0.595913299720496	77	10	0.398443192031757	0.853487894178397
HROV-vOTU41694	Age	Age	-0.288876104721025	0.340085579367742	77	29	0.398501731724764	0.853487894178397
HROV-vOTU01795	Age	Age	0.208584661083191	0.245638744781855	77	74	0.39865074560158	0.85354035062393
HROV-vOTU68787	Sex	M	0.685924768854129	0.80782143972195	77	37	0.398677097336588	0.85354035062393
HROV-vOTU30434	diagnosis	RA	0.380472651559163	0.448068980931997	77	63	0.398658236833544	0.85354035062393
HROV-vOTU64540	Sex	M	0.288936002020395	0.340282147400361	77	10	0.398675601886626	0.85354035062393
HROV-vOTU36307	Smoking_Status	Former_Smoker	-1.45575821003056	1.71475117686659	77	70	0.398755941628069	0.853564212423017
HROV-vOTU55105	Sex	M	0.664498975905181	0.782841871096238	77	38	0.398829268900455	0.853564212423017
HROV-vOTU47236	Smoking_Status	Former_Smoker	-0.750371563411864	0.884163747691764	77	14	0.398912032680063	0.853564212423017
HROV-vOTU36327	Smoking_Status	Former_Smoker	-1.00632184744134	1.18584039166028	77	16	0.398947684868491	0.853564212423017
HROV-vOTU71255	Sex	M	-0.337508743008799	0.39760954655458	77	13	0.398820674667537	0.853564212423017
HROV-vOTU53340	Smoking_Status	Never_Smoker	-0.719148844684714	0.847393003798929	77	13	0.398922566362715	0.853564212423017
HROV-vOTU32667	diagnosis	RA	-0.25989115480409	0.306211960350111	77	9	0.398884282825958	0.853564212423017
HROV-vOTU08060	Sex	M	0.782080728792324	0.921767810035235	77	63	0.399034773696228	0.853671234391467
HROV-vOTU36922	Age	Age	0.256147721767244	0.302082712338331	77	69	0.399321476898198	0.853875845738566
HROV-vOTU10880	diagnosis	RA	-0.396333480412449	0.467301887502045	77	75	0.399214976319447	0.853875845738566
HROV-vOTU44891	Smoking_Status	Never_Smoker	0.910023504174331	1.07291311003287	77	46	0.399188154079927	0.853875845738566
HROV-vOTU49629	Age	Age	0.248292641219566	0.292777890488196	77	36	0.399255648959477	0.853875845738566
HROV-vOTU04055	Smoking_Status	Never_Smoker	0.485256268904931	0.572354342794076	77	8	0.399384610399883	0.853875845738566
HROV-vOTU73667	Age	Age	-0.139362027466162	0.164342248839409	77	14	0.399288420500727	0.853875845738566
HROV-vOTU56590	Sex	M	0.333048968864571	0.392832008542009	77	19	0.399389952683275	0.853875845738566
HROV-vOTU23163	Smoking_Status	Former_Smoker	1.00983277481991	1.1913321340458	77	73	0.39948134385163	0.853911805474888
HROV-vOTU32103	diagnosis	RA	-0.514908365097916	0.607513873041304	77	59	0.399527629429493	0.853911805474888
HROV-vOTU14459	Smoking_Status	Never_Smoker	0.786070732992889	0.927290962312284	77	26	0.399450030185909	0.853911805474888
HROV-vOTU31176	Sex	M	-0.301172156097164	0.355386419514722	77	8	0.399592163595435	0.853911805474888
HROV-vOTU04677	Age	Age	-0.166884645057504	0.196924282962343	77	21	0.399588798080237	0.853911805474888
HROV-vOTU75697	Sex	M	0.549890731689348	0.649064460043456	77	72	0.399727601151203	0.854085095376938
HROV-vOTU21634	Age	Age	0.249714822680505	0.29476377669428	77	45	0.399747426967782	0.854085095376938
HROV-vOTU53921	Smoking_Status	Never_Smoker	0.622923653551309	0.735734761068615	77	74	0.400024552961801	0.854235990942142
HROV-vOTU12851	Smoking_Status	Never_Smoker	0.907148466296075	1.07119012973022	77	54	0.399918462610035	0.854235990942142
HROV-vOTU59318	Smoking_Status	Former_Smoker	-0.544446582330757	0.643118430178649	77	76	0.400077698580197	0.854235990942142
HROV-vOTU12957	diagnosis	RA	-0.348910657521872	0.412123113323238	77	66	0.400052929211496	0.854235990942142
HROV-vOTU35245	diagnosis	RA	-0.419476117351336	0.49548994955776	77	22	0.400068986794324	0.854235990942142
HROV-vOTU12777	Age	Age	-0.306791723023995	0.362260515118956	77	19	0.399906769507619	0.854235990942142
HROV-vOTU26728	Sex	M	-0.233068488508616	0.275224302925325	77	11	0.399934689516806	0.854235990942142
HROV-vOTU05001	Age	Age	-0.104190069462578	0.123084456678315	77	9	0.40012218380194	0.854251774632306
HROV-vOTU21530	Age	Age	0.15790877910399	0.186565278629259	77	10	0.400173635475909	0.854255549747157
HROV-vOTU00408	Smoking_Status	Never_Smoker	0.38646012207005	0.456616845800366	77	10	0.400198138350937	0.854255549747157
HROV-vOTU06163	Smoking_Status	Former_Smoker	1.39540195977754	1.64939545746275	77	71	0.400390522923362	0.854587001197872
HROV-vOTU56332	Smoking_Status	Never_Smoker	0.574862889502452	0.679628033437071	77	19	0.400478540683498	0.854639771561146
HROV-vOTU01917	Sex	M	-0.310458091610278	0.36704568022749	77	8	0.400489466551797	0.854639771561146
HROV-vOTU37626	Smoking_Status	Never_Smoker	0.444553837433548	0.525707925782231	77	15	0.400600664155624	0.854698099936834
HROV-vOTU28292	Smoking_Status	Never_Smoker	0.835153134315016	0.987556083051933	77	36	0.400574213263965	0.854698099936834
HROV-vOTU11502	Sex	M	-0.403297645731663	0.476948297762361	77	16	0.400628136726797	0.854698099936834
HROV-vOTU38878	Smoking_Status	Former_Smoker	-0.594587809825424	0.703288566799786	77	9	0.4007057756804	0.854708878878872
HROV-vOTU05584	Smoking_Status	Former_Smoker	1.22974482089178	1.45456816162389	77	36	0.400707414904698	0.854708878878872
HROV-vOTU50399	Age	Age	-0.127678120754047	0.151035887599096	77	14	0.400755541148022	0.854732368275509
HROV-vOTU25356	Sex	M	0.678628498507233	0.802951566345038	77	26	0.400856532360786	0.854868593413177
HROV-vOTU28637	Age	Age	-0.26922808040883	0.318617208233778	77	34	0.400955393294973	0.855000250702151
HROV-vOTU62093	Sex	M	0.499860909642173	0.591789275483718	77	61	0.401137785237117	0.855309989261254
HROV-vOTU47931	Age	Age	0.33393150812405	0.395532805875506	77	60	0.401361316674939	0.855469793893924
HROV-vOTU46097	Sex	M	-0.606139548250214	0.717850232075085	77	73	0.40129239587787	0.855469793893924
HROV-vOTU19022	Age	Age	-0.408948812328334	0.484352643038704	77	37	0.401326376569925	0.855469793893924
HROV-vOTU35112	Smoking_Status	Former_Smoker	1.07955368004234	1.27842227691819	77	11	0.401258804972647	0.855469793893924
HROV-vOTU23807	diagnosis	RA	-0.533470743110339	0.632064104766	77	58	0.401496598696124	0.85557046579194
HROV-vOTU67952	Smoking_Status	Former_Smoker	1.09703308371406	1.2998461133583	77	23	0.401519999751597	0.85557046579194
HROV-vOTU62481	Age	Age	0.120463343794177	0.142717264948504	77	9	0.401465402525722	0.85557046579194
HROV-vOTU08443	Sex	M	0.567124808159873	0.672155376430642	77	17	0.401648157803817	0.855623256812782
HROV-vOTU36813	Age	Age	-0.294833524127104	0.349392306533389	77	53	0.401589312419114	0.855623256812782
HROV-vOTU49553	diagnosis	RA	-0.347583191440556	0.411962119792519	77	33	0.401656232279765	0.855623256812782
HROV-vOTU38300	Age	Age	-0.214907474029464	0.254878031603697	77	34	0.401960758018449	0.856192772582767
HROV-vOTU56596	diagnosis	RA	-0.627411616248896	0.744174345780917	77	35	0.402005244950402	0.856208340997666
HROV-vOTU50963	Age	Age	-0.199986036489385	0.237252170106679	77	28	0.402100547552489	0.856252945920833
HROV-vOTU40876	diagnosis	RA	-0.273552334658787	0.324507196258901	77	77	0.402071850093285	0.856252945920833
HROV-vOTU01314	diagnosis	RA	0.495707911192454	0.588172113886197	77	67	0.40217393351896	0.856293157189897
HROV-vOTU34352	Age	Age	-0.312529232004628	0.370855541069453	77	25	0.402212261584341	0.856293157189897
HROV-vOTU01809	Smoking_Status	Never_Smoker	0.70604551677518	0.837845968411953	77	10	0.402230975878433	0.856293157189897
HROV-vOTU69371	Smoking_Status	Former_Smoker	1.53936629624605	1.82760367035543	77	21	0.402455832530488	0.856613477188275
HROV-vOTU61017	diagnosis	RA	-0.321469884936596	0.381637573759118	77	14	0.402424335435101	0.856613477188275
HROV-vOTU40962	diagnosis	RA	-0.80155677507725	0.951766016759184	77	32	0.402516047696928	0.856662469130419
HROV-vOTU62944	Age	Age	-0.37931412464784803	0.450527675614363	77	46	0.402652468963037	0.856809999260558
HROV-vOTU20675	Sex	M	-0.459346979858206	0.545594649885357	77	10	0.402659775162702	0.856809999260558
HROV-vOTU37302	Smoking_Status	Former_Smoker	-1.14336496522165	1.35852388238859	77	41	0.402824859065546	0.857071418751756
HROV-vOTU12508	diagnosis	RA	-0.418754914229488	0.497590627118651	77	10	0.402857060702899	0.857071418751756
HROV-vOTU48368	Sex	M	0.635845363677065	0.755754550833813	77	67	0.402983142725177	0.857181285393999
HROV-vOTU04485	Age	Age	0.233029025779141	0.276972502962396	77	27	0.402980312807563	0.857181285393999
HROV-vOTU56181	Smoking_Status	Never_Smoker	-0.98317154491793	1.16884473492229	77	58	0.403089036094307	0.857227387984119
HROV-vOTU07406	Sex	M	-0.357874203326444	0.425484152250245	77	9	0.403116483363787	0.857227387984119
HROV-vOTU72947	Smoking_Status	Never_Smoker	0.76202483359879	0.905964690751547	77	25	0.40310479382718	0.857227387984119
HROV-vOTU12762	diagnosis	RA	-0.698546528020431	0.830702325470492	77	33	0.403221108394101	0.857370706889129
HROV-vOTU41630	Sex	M	-0.638291784132578	0.759186936791891	77	30	0.403306645898672	0.857407050684195
HROV-vOTU05584	Sex	M	0.669363270701985	0.796153727566002	77	36	0.403312660879804	0.857407050684195
HROV-vOTU09591	Smoking_Status	Never_Smoker	0.635273577522719	0.755872169962636	77	26	0.403476976823772	0.857677199210954
HROV-vOTU46696	Sex	M	0.372573794259197	0.443593484996098	77	77	0.403784310828	0.857697166423985
HROV-vOTU02836	Smoking_Status	Never_Smoker	0.938762254401162	1.11769341662372	77	71	0.403778083958337	0.857697166423985
HROV-vOTU18560	Age	Age	-0.179186243525189	0.213315306455354	77	17	0.403724527255665	0.857697166423985
HROV-vOTU56498	diagnosis	RA	-0.370684351251868	0.441153581400334	77	63	0.403582548643212	0.857697166423985
HROV-vOTU12841	Age	Age	-0.317660045058597	0.378093661540254	77	46	0.40363775552079	0.857697166423985
HROV-vOTU01341	Smoking_Status	Never_Smoker	0.689284221145546	0.820608467736409	77	34	0.403746397262217	0.857697166423985
HROV-vOTU05395	Age	Age	-0.225502863779316	0.268459111330934	77	20	0.403733933586597	0.857697166423985
HROV-vOTU11220	Smoking_Status	Former_Smoker	0.802435072492674	0.955183122003603	77	21	0.403680774096045	0.857697166423985
HROV-vOTU19833	Smoking_Status	Never_Smoker	0.830858621438266	0.989353380328164	77	35	0.40383973713701	0.857735787721602
HROV-vOTU08300	diagnosis	RA	-0.308037457261086	0.366869807942141	77	53	0.403930354393482	0.857849138849308
HROV-vOTU69480	Smoking_Status	Former_Smoker	1.3434307546568	1.60029678567951	77	39	0.404013075124039	0.85794570033256
HROV-vOTU20414	Sex	M	0.622232830090611	0.74390355236209	77	75	0.405712184248703	0.857955497285515
HROV-vOTU40992	Smoking_Status	Former_Smoker	-0.879430194252888	1.05078290012441	77	73	0.405440952285549	0.857955497285515
HROV-vOTU71677	Sex	M	0.821556925722744	0.981291162679604	77	53	0.405278034225078	0.857955497285515
HROV-vOTU02505	diagnosis	RA	-0.42597902094379	0.508620086744659	77	73	0.405111297480675	0.857955497285515
HROV-vOTU51929	Smoking_Status	Never_Smoker	0.976375315298717	1.16870787914887	77	54	0.406277410776018	0.857955497285515
HROV-vOTU31942	Smoking_Status	Never_Smoker	1.30457386802677	1.55887258921966	77	49	0.405473579120876	0.857955497285515
HROV-vOTU57374	Smoking_Status	Never_Smoker	1.25023668637073	1.49004120133355	77	65	0.404250852100754	0.857955497285515
HROV-vOTU05191	Sex	M	0.556585715621881	0.665797398406431	77	34	0.405977173007188	0.857955497285515
HROV-vOTU40089	Age	Age	-0.200379725025248	0.239014547922447	77	70	0.404643336498056	0.857955497285515
HROV-vOTU22654	diagnosis	RA	0.383723404014434	0.457634476666095	77	76	0.404567852942572	0.857955497285515
HROV-vOTU05701	Age	Age	0.174967348975407	0.209371926000418	77	63	0.406140020061605	0.857955497285515
HROV-vOTU50753	Smoking_Status	Never_Smoker	0.522728216651835	0.623788495657855	77	11	0.404848797196494	0.857955497285515
HROV-vOTU55957	Smoking_Status	Never_Smoker	-0.219819852145321	0.262227172204098	77	76	0.404686636981752	0.857955497285515
HROV-vOTU60083	Sex	M	0.518042085003499	0.620092538238964	77	68	0.406279864809179	0.857955497285515
HROV-vOTU52875	Age	Age	-0.280909851596998	0.335686390196571	77	32	0.405500283365102	0.857955497285515
HROV-vOTU16744	Smoking_Status	Never_Smoker	1.07834901490578	1.28678514466597	77	56	0.404832946975359	0.857955497285515
HROV-vOTU13649	Smoking_Status	Never_Smoker	0.750787877995247	0.897577052080255	77	66	0.405702262221646	0.857955497285515
HROV-vOTU28082	Smoking_Status	Never_Smoker	-0.401431716435291	0.480245056110171	77	12	0.406021471535775	0.857955497285515
HROV-vOTU45767	Sex	M	0.599694397432246	0.715162388933283	77	64	0.404540105764764	0.857955497285515
HROV-vOTU43948	Age	Age	0.17266375551274	0.206169025047627	77	30	0.405129526975318	0.857955497285515
HROV-vOTU40209	diagnosis	RA	-0.537882532109291	0.643049629125496	77	39	0.405705019405425	0.857955497285515
HROV-vOTU73249	Age	Age	-0.281972262828569	0.335977780702292	77	69	0.404141148515088	0.857955497285515
HROV-vOTU12828	Smoking_Status	Former_Smoker	1.7906247735037	2.13743184055764	77	52	0.404984712360143	0.857955497285515
HROV-vOTU01832	Sex	M	-0.39481678613998	0.472584811390087	77	9	0.406272000817655	0.857955497285515
HROV-vOTU25310	diagnosis	RA	-0.487604663576683	0.580961697394425	77	71	0.404114744662745	0.857955497285515
HROV-vOTU52590	Smoking_Status	Never_Smoker	0.825365892241677	0.987830039588629	77	48	0.406219904523816	0.857955497285515
HROV-vOTU75179	Smoking_Status	Former_Smoker	1.28331591031544	1.53350031820372	77	30	0.405482559671826	0.857955497285515
HROV-vOTU20362	diagnosis	RA	0.439220417469519	0.524809692760693	77	32	0.405449240916986	0.857955497285515
HROV-vOTU31636	diagnosis	RA	0.287715254463629	0.344443896270143	77	15	0.406348845655384	0.857955497285515
HROV-vOTU72962	Smoking_Status	Former_Smoker	-0.951137149079857	1.13348913230946	77	11	0.404216583497076	0.857955497285515
HROV-vOTU27047	Smoking_Status	Former_Smoker	-1.45607680199012	1.73827154046724	77	48	0.405033848138753	0.857955497285515
HROV-vOTU23000	Smoking_Status	Never_Smoker	1.38299402194583	1.64876745493628	77	51	0.404394135878716	0.857955497285515
HROV-vOTU33092	Age	Age	0.192442812471387	0.230255779919701	77	15	0.40608345423496	0.857955497285515
HROV-vOTU32220	diagnosis	RA	0.480425526588615	0.57494133626553	77	28	0.406178764152695	0.857955497285515
HROV-vOTU34299	diagnosis	RA	-0.431660592835525	0.51506851274743	77	23	0.404807010581359	0.857955497285515
HROV-vOTU73241	Smoking_Status	Former_Smoker	1.33363068184023	1.59668929515759	77	35	0.406380280242256	0.857955497285515
HROV-vOTU73363	Sex	M	0.805965719699947	0.960795624951559	77	44	0.404367586335266	0.857955497285515
HROV-vOTU58731	Smoking_Status	Former_Smoker	-0.956980170821401	1.1430518074529	77	14	0.405280992656602	0.857955497285515
HROV-vOTU39185	diagnosis	RA	-0.549074067608767	0.655347700326715	77	51	0.40493429653004	0.857955497285515
HROV-vOTU29201	Age	Age	-0.253946996091483	0.3039123713986	77	48	0.406187196482202	0.857955497285515
HROV-vOTU44910	Age	Age	0.164083170947434	0.196329329035506	77	21	0.406096680434467	0.857955497285515
HROV-vOTU46852	Sex	M	-0.490392490400758	0.586805202670692	77	28	0.406127875005588	0.857955497285515
HROV-vOTU65171	Sex	M	-0.76697596856931	0.918203230160951	77	54	0.406350410351734	0.857955497285515
HROV-vOTU42183	Smoking_Status	Never_Smoker	0.70616254956643	0.842989086917299	77	26	0.405016555754493	0.857955497285515
HROV-vOTU59294	Smoking_Status	Former_Smoker	0.488394586951398	0.58370694661418	77	11	0.405561889900325	0.857955497285515
HROV-vOTU13265	Age	Age	-0.353829652921826	0.423247854103841	77	48	0.405966955074778	0.857955497285515
HROV-vOTU08743	Age	Age	0.222969681709511	0.265751522073213	77	33	0.404276597012992	0.857955497285515
HROV-vOTU28184	Age	Age	0.170229266270668	0.203311415253329	77	18	0.405242854140588	0.857955497285515
HROV-vOTU22982	Smoking_Status	Never_Smoker	0.702894617541393	0.841492785430019	77	17	0.406353765097207	0.857955497285515
HROV-vOTU49689	Sex	M	0.576619512302029	0.689779084798293	77	33	0.405988628585949	0.857955497285515
HROV-vOTU45378	Sex	M	-0.617492555039286	0.739327219869288	77	19	0.406401933125822	0.857955497285515
HROV-vOTU44352	Smoking_Status	Former_Smoker	1.08409141694535	1.29654767845273	77	12	0.405883100909352	0.857955497285515
HROV-vOTU12315	Sex	M	-0.513893528921252	0.614947567907734	77	11	0.406143787513728	0.857955497285515
HROV-vOTU70060	Age	Age	-0.163977433143943	0.196001995693435	77	13	0.405618257806558	0.857955497285515
HROV-vOTU59311	Smoking_Status	Former_Smoker	0.92404881844642	1.10470639476959	77	26	0.405699533091254	0.857955497285515
HROV-vOTU25255	Age	Age	-0.308438418392516	0.36804756466308	77	15	0.4048208780652	0.857955497285515
HROV-vOTU17130	diagnosis	RA	-0.519941437002033	0.620540258019527	77	37	0.404907047387404	0.857955497285515
HROV-vOTU34381	diagnosis	RA	0.396451613193242	0.472661839735737	77	22	0.404417014730925	0.857955497285515
HROV-vOTU27008	Smoking_Status	Never_Smoker	0.96699695732537	1.15260019624395	77	28	0.404302047586884	0.857955497285515
HROV-vOTU72167	Age	Age	0.222246232241064	0.265527399182709	77	16	0.405401472355055	0.857955497285515
HROV-vOTU11407	Sex	M	0.644067009749613	0.768458189613674	77	18	0.404771045774637	0.857955497285515
HROV-vOTU22962	Age	Age	0.120094688293354	0.143429259233529	77	9	0.405228239509941	0.857955497285515
HROV-vOTU06818	Age	Age	-0.153027340626638	0.182720830818475	77	9	0.40512607854299	0.857955497285515
HROV-vOTU67015	Smoking_Status	Former_Smoker	-0.48796225378161	0.582938773624543	77	9	0.405360344464103	0.857955497285515
HROV-vOTU45083	Sex	M	0.242616464081504	0.290573960992392	77	77	0.406543290071757	0.858065646584577
HROV-vOTU10515	Age	Age	0.358559176511807	0.429455609376681	77	39	0.406565885172857	0.858065646584577
HROV-vOTU00933	Sex	M	-0.349329804262029	0.4183506511255	77	8	0.406509293751325	0.858065646584577
HROV-vOTU07037	Smoking_Status	Former_Smoker	1.47160530758332	1.76292521032669	77	33	0.406657392900183	0.858180129981785
HROV-vOTU59437	Sex	M	0.278367479120005	0.333543776676725	77	12	0.406756096157604	0.85830977593088
HROV-vOTU72571	diagnosis	RA	0.449774008456303	0.538986917163459	77	69	0.406809339638479	0.858343480703084
HROV-vOTU51360	Sex	M	0.437139654084744	0.523931717233349	77	21	0.406885257935856	0.858425017429714
HROV-vOTU09977	Sex	M	-0.490368245771281	0.587802436585978	77	63	0.406943907913464	0.858470110767342
HROV-vOTU10496	Sex	M	0.454901777735666	0.545396382587784	77	12	0.407035900164014	0.858585526724423
HROV-vOTU59313	Age	Age	-0.119205661899189	0.143026158553981	77	76	0.407384111425244	0.858690837097143
HROV-vOTU24412	Smoking_Status	Former_Smoker	-0.755103140033885	0.905696740684107	77	10	0.40723142979335	0.858690837097143
HROV-vOTU01295	diagnosis	RA	0.579248949829399	0.69481288235139	77	42	0.407259458618375	0.858690837097143
HROV-vOTU22834	Smoking_Status	Never_Smoker	1.24761720666776	1.49682539487826	77	39	0.407353155639812	0.858690837097143
HROV-vOTU10296	Smoking_Status	Former_Smoker	-1.56964938191562	1.88286347766214	77	27	0.407274044619182	0.858690837097143
HROV-vOTU72684	Smoking_Status	Former_Smoker	0.882619325533079	1.05880359247646	77	18	0.40730176900218	0.858690837097143
HROV-vOTU43933	Smoking_Status	Former_Smoker	-0.860075880653022	1.03158741672873	77	13	0.407223625167761	0.858690837097143
HROV-vOTU05957	Sex	M	0.318938996754029	0.382614059545303	77	12	0.407313942711115	0.858690837097143
HROV-vOTU74209	Age	Age	-0.120706234884769	0.14484866865089	77	17	0.407455269387859	0.858762226960957
HROV-vOTU60379	Smoking_Status	Former_Smoker	-1.27880681330408	1.53509735957067	77	49	0.407612352360884	0.858936085174414
HROV-vOTU56723	Smoking_Status	Former_Smoker	0.434208934146939	0.521216881816847	77	8	0.407600248049596	0.858936085174414
HROV-vOTU39751	diagnosis	RA	0.270193847512278	0.324396946705974	77	22	0.407687911086999	0.859016705611489
HROV-vOTU18440	Age	Age	0.295611294130062	0.35502134092928	77	56	0.407829881914188	0.859158633414174
HROV-vOTU39080	Smoking_Status	Never_Smoker	0.536164955670464	0.643915309282764	77	14	0.407826539253216	0.859158633414174
HROV-vOTU01853	Sex	M	0.575269501470008	0.691061040847558	77	32	0.407949803153431	0.859192663172841
HROV-vOTU43907	Age	Age	-0.273977280903554	0.329114472083086	77	45	0.407936233323622	0.859192663172841
HROV-vOTU68457	Smoking_Status	Never_Smoker	0.370662448784574	0.445278003024729	77	9	0.407957957958967	0.859192663172841
HROV-vOTU67392	Age	Age	-0.245372628185788	0.294903830123831	77	56	0.408174572398608	0.859293050746454
HROV-vOTU01212	Smoking_Status	Former_Smoker	-0.784024481981904	0.942105505042323	77	26	0.408083932105945	0.859293050746454
HROV-vOTU20726	Age	Age	0.392566390641342	0.471828107059807	77	42	0.408192183029362	0.859293050746454
HROV-vOTU01261	Smoking_Status	Never_Smoker	0.797426667347568	0.958143811834827	77	20	0.408051734027882	0.859293050746454
HROV-vOTU63077	Age	Age	0.300256825851	0.360853264752191	77	28	0.408156796539313	0.859293050746454
HROV-vOTU72850	Smoking_Status	Former_Smoker	-1.32536309163833	1.59316056596405	77	29	0.408250166210453	0.859336562272803
HROV-vOTU53890	Sex	M	0.509816711721058	0.613083177873788	77	73	0.408444195816219	0.859439420921313
HROV-vOTU08878	Smoking_Status	Never_Smoker	0.933594082012637	1.12276430685912	77	41	0.408471232765974	0.859439420921313
HROV-vOTU37579	diagnosis	RA	0.303413974684765	0.36488820960045	77	36	0.408464513235297	0.859439420921313
HROV-vOTU32445	Sex	M	0.469637920070136	0.564861289523173	77	29	0.408522941416657	0.859439420921313
HROV-vOTU39127	Smoking_Status	Never_Smoker	0.286963188746797	0.345018990219109	77	9	0.408349123828636	0.859439420921313
HROV-vOTU01313	diagnosis	RA	-0.24319069417574599	0.292499181284728	77	9	0.408521916106932	0.859439420921313
HROV-vOTU32378	Age	Age	0.273251011628277	0.328884760982279	77	27	0.408848637084415	0.859840726421678
HROV-vOTU56428	Sex	M	0.453072681609701	0.545332379893322	77	77	0.40886091578738	0.859840726421678
HROV-vOTU54747	Age	Age	0.161784958715913	0.194730298122559	77	73	0.408863039298471	0.859840726421678
HROV-vOTU65765	diagnosis	RA	0.462116830447653	0.556097055537009	77	21	0.408759345066877	0.859840726421678
HROV-vOTU20950	Sex	M	-0.335912077078661	0.404431517556481	77	14	0.408996155005225	0.860042133835859
HROV-vOTU16167	Smoking_Status	Never_Smoker	0.451641389665702	0.54386486239534	77	14	0.409079774427439	0.860139432581386
HROV-vOTU53530	Smoking_Status	Former_Smoker	-0.959687047653067	1.1568798758418	77	76	0.409574974654057	0.86024878278315
HROV-vOTU33511	diagnosis	RA	-0.403824147088792	0.486593353692125	77	72	0.409376701387608	0.86024878278315
HROV-vOTU41713	diagnosis	RA	-0.580167460649584	0.699296875176413	77	62	0.409520872904211	0.86024878278315
HROV-vOTU00231	Smoking_Status	Former_Smoker	1.01362700083358	1.22183172834073	77	69	0.40954771070588	0.86024878278315
HROV-vOTU43876	Smoking_Status	Never_Smoker	0.545603443412448	0.65731700119593806	77	11	0.409294993831135	0.86024878278315
HROV-vOTU09923	Sex	M	0.896985868695449	1.08070905736883	77	30	0.409322286316677	0.86024878278315
HROV-vOTU35203	Smoking_Status	Never_Smoker	0.672626521090666	0.810718221598209	77	56	0.409507701259264	0.86024878278315
HROV-vOTU17856	Sex	M	0.628942437469503	0.757995990462495	77	26	0.409464838815984	0.86024878278315
HROV-vOTU27032	Age	Age	0.332383605617602	0.400522863483686	77	56	0.409391544597303	0.86024878278315
HROV-vOTU07204	Smoking_Status	Never_Smoker	0.770886621458338	0.929314854276948	77	25	0.409589716831151	0.86024878278315
HROV-vOTU30169	Smoking_Status	Former_Smoker	-1.11138788372689	1.3398735119825	77	31	0.409617375249675	0.86024878278315
HROV-vOTU13371	diagnosis	RA	-0.30936369320399	0.372890340935504	77	24	0.409524703998338	0.86024878278315
HROV-vOTU02433	Smoking_Status	Never_Smoker	0.347821517830786	0.419093308152342	77	10	0.409355656216397	0.86024878278315
HROV-vOTU24461	Sex	M	0.616026874336578	0.742756243130514	77	27	0.409669429914922	0.86027965450357
HROV-vOTU03705	Age	Age	0.318679129493664	0.384374593742286	77	24	0.409835105667172	0.860362780125071
HROV-vOTU21204	Sex	M	0.520827421882435	0.628378196652934	77	33	0.409970523191165	0.860362780125071
HROV-vOTU67752	Age	Age	0.212876123062117	0.256803362294187	77	24	0.409913110297968	0.860362780125071
HROV-vOTU32710	diagnosis	RA	-0.296306835702734	0.357327974116326	77	10	0.409753873691164	0.860362780125071
HROV-vOTU65964	Age	Age	-0.252343682496371	0.304331551062305	77	18	0.409785202011042	0.860362780125071
HROV-vOTU67070	Age	Age	-0.16382258455232	0.197604590663203	77	19	0.409858930244694	0.860362780125071
HROV-vOTU00181	Age	Age	-0.156941374313752	0.189342522811144	77	18	0.409952758967867	0.860362780125071
HROV-vOTU23563	Smoking_Status	Former_Smoker	-0.646598907908561	0.780239477400682	77	77	0.410040996585552	0.860366229365768
HROV-vOTU06193	Smoking_Status	Former_Smoker	1.38491556001052	1.67117425233581	77	65	0.410046883782834	0.860366229365768
HROV-vOTU73341	diagnosis	RA	-0.280555067341823	0.338587613808029	77	76	0.41010536029281	0.860382224078397
HROV-vOTU44820	Age	Age	-0.136717298916899	0.16500559293837	77	9	0.410129225181617	0.860382224078397
HROV-vOTU35741	diagnosis	RA	-0.490788286796011	0.592592036619203	77	67	0.410329202815638	0.860563885315462
HROV-vOTU47170	diagnosis	RA	-0.539678395393369	0.652039919435393	77	39	0.410626857825949	0.860563885315462
HROV-vOTU04023	diagnosis	RA	-0.568972861153055	0.687291309685966	77	62	0.410530497144036	0.860563885315462
HROV-vOTU43832	Smoking_Status	Former_Smoker	1.05518251040102	1.27402186092566	77	38	0.410315981822849	0.860563885315462
HROV-vOTU71398	Age	Age	0.256235542291445	0.309413676426476	77	28	0.410370513045302	0.860563885315462
HROV-vOTU49726	Smoking_Status	Never_Smoker	0.366234988097107	0.442452706639357	77	13	0.410592402756032	0.860563885315462
HROV-vOTU02759	Smoking_Status	Never_Smoker	1.226169115098	1.48117301478316	77	54	0.410537058081245	0.860563885315462
HROV-vOTU52664	diagnosis	RA	0.276902321996171	0.33445494542177	77	12	0.410489446318979	0.860563885315462
HROV-vOTU06214	Sex	M	-0.418033133107946	0.505018399464299	77	10	0.410581112122696	0.860563885315462
HROV-vOTU33099	diagnosis	RA	-0.567198589160123	0.685281710805128	77	48	0.410621331537509	0.860563885315462
HROV-vOTU59437	Smoking_Status	Former_Smoker	0.504517604660804	0.609382511521977	77	12	0.410492274300048	0.860563885315462
HROV-vOTU65507	Sex	M	0.538913631954247	0.651321015059342	77	40	0.410773522605714	0.860792923167389
HROV-vOTU74179	diagnosis	RA	0.512680138465072	0.620007094255663	77	74	0.411067565505107	0.860877794623995
HROV-vOTU75483	Smoking_Status	Former_Smoker	-1.49946623437813	1.81340168054233	77	60	0.411075238861343	0.860877794623995
HROV-vOTU21688	Age	Age	-0.124873029877605	0.151020142799727	77	72	0.411084784514563	0.860877794623995
HROV-vOTU68906	Age	Age	-0.160662771430186	0.194265219409496	77	66	0.410992123762	0.860877794623995
HROV-vOTU57545	Age	Age	-0.174621810805713	0.211080241545075	77	20	0.410851984225646	0.860877794623995
HROV-vOTU06399	Sex	M	0.459690890410721	0.555746199426785	77	9	0.410917935224333	0.860877794623995
HROV-vOTU21507	Smoking_Status	Never_Smoker	-0.524164758704965	0.633957916103464	77	19	0.411113069269418	0.860877794623995
HROV-vOTU72573	Smoking_Status	Never_Smoker	0.512301258822156	0.61947986909617	77	14	0.411015685200897	0.860877794623995
HROV-vOTU04551	Smoking_Status	Former_Smoker	1.5323246662183	1.85346193039119	77	49	0.411156237069741	0.860889911784356
HROV-vOTU06892	Sex	M	0.428298936895695	0.518212576467256	77	23	0.411293529808672	0.86091292252631
HROV-vOTU18241	Sex	M	-0.34835551940379	0.421429286216257	77	23	0.411230353916701	0.86091292252631
HROV-vOTU00728	Age	Age	-0.134649065510253	0.162918642938541	77	39	0.411300484427356	0.86091292252631
HROV-vOTU10461	diagnosis	RA	-0.367273196391823	0.444397753303466	77	9	0.411316755820972	0.86091292252631
HROV-vOTU68963	Age	Age	0.312969183815577	0.378988425561848	77	57	0.411683034410272	0.861242888129188
HROV-vOTU26508	Smoking_Status	Former_Smoker	1.07490181611336	1.30135745106223	77	72	0.411579549749538	0.861242888129188
HROV-vOTU53239	Age	Age	-0.224304067096409	0.271746772652355	77	57	0.41190043037808	0.861242888129188
HROV-vOTU33001	diagnosis	RA	-0.406855418245316	0.492732049740971	77	64	0.411732691853803	0.861242888129188
HROV-vOTU69794	Smoking_Status	Never_Smoker	-0.770966324342205	0.933738457115334	77	58	0.411753191229106	0.861242888129188
HROV-vOTU10480	diagnosis	RA	-0.416261852105358	0.504212623352059	77	66	0.411814554233913	0.861242888129188
HROV-vOTU18571	Age	Age	-0.12560436810108	0.15209250759329	77	59	0.41166021675993	0.861242888129188
HROV-vOTU06783	Age	Age	0.181420664715679	0.219814220048385	77	14	0.411945200114105	0.861242888129188
HROV-vOTU61225	Age	Age	0.248823925221947	0.30142294010188	77	33	0.411854268115418	0.861242888129188
HROV-vOTU34340	diagnosis	RA	0.159957100079071	0.193726427660744	77	9	0.411748380321721	0.861242888129188
HROV-vOTU56119	diagnosis	RA	0.494159303880591	0.59875663737027	77	42	0.411960558212381	0.861242888129188
HROV-vOTU24040	Smoking_Status	Former_Smoker	1.06875693114685	1.29447364714986	77	19	0.411779371830561	0.861242888129188
HROV-vOTU34727	diagnosis	RA	0.310853814480659	0.376613122199544	77	11	0.411913288457349	0.861242888129188
HROV-vOTU03695	Smoking_Status	Never_Smoker	0.987942174178478	1.19740998571551	77	39	0.412097681329591	0.861451357086364
HROV-vOTU72401	Smoking_Status	Never_Smoker	0.787969357709251	0.955146816168144	77	22	0.412150661469205	0.861483911203104
HROV-vOTU00352	Smoking_Status	Never_Smoker	0.903474603420852	1.09542151225568	77	65	0.41226262243346	0.861611213301032
HROV-vOTU64693	Smoking_Status	Never_Smoker	0.515356957905963	0.624924314826035	77	11	0.412320426981864	0.861611213301032
HROV-vOTU06912	Age	Age	-0.246949201314519	0.299478040880739	77	37	0.412361215501692	0.861611213301032
HROV-vOTU39613	diagnosis	RA	0.498617907903613	0.604674338591319	77	30	0.41235726141283	0.861611213301032
HROV-vOTU41050	diagnosis	RA	-0.651369428936775	0.790115833333993	77	33	0.412474791034625	0.861770338159069
HROV-vOTU04572	Smoking_Status	Former_Smoker	0.946907804690132	1.14891058142031	77	73	0.412598108478756	0.861915690865284
HROV-vOTU15270	diagnosis	RA	-0.302178665990785	0.366658738107653	77	16	0.412619213712104	0.861915690865284
HROV-vOTU04367	diagnosis	RA	-0.40434858850054	0.490737587119188	77	73	0.412721114195942	0.861937460908134
HROV-vOTU53011	diagnosis	RA	-0.453572481992433	0.550588002578325	77	74	0.412813907524262	0.861937460908134
HROV-vOTU25340	Smoking_Status	Never_Smoker	0.540334853303884	0.655894514108528	77	9	0.41280423922788	0.861937460908134
HROV-vOTU46802	Smoking_Status	Never_Smoker	0.962836619860701	1.16878685210116	77	18	0.412816769162689	0.861937460908134
HROV-vOTU24973	Smoking_Status	Never_Smoker	0.550191214768173	0.667849434541559	77	15	0.412797701237842	0.861937460908134
HROV-vOTU71826	Smoking_Status	Former_Smoker	-0.911231440992685	1.10626351138232	77	17	0.412867282881871	0.861943628122709
HROV-vOTU39185	Sex	M	-0.712417776245466	0.864948260043858	77	51	0.412894576875802	0.861943628122709
HROV-vOTU35590	diagnosis	RA	-0.394521187979485	0.479056144490532	77	25	0.412959571326469	0.862001171725603
HROV-vOTU16615	diagnosis	RA	-0.347810438938721	0.422436043449892	77	58	0.413069070115123	0.862151593687809
HROV-vOTU64261	diagnosis	RA	-0.492009085188159	0.597678272987404	77	46	0.413150427559596	0.862243257516763
HROV-vOTU01913	diagnosis	RA	-0.40866911072899	0.497177862615373	77	73	0.413841449575201	0.862485739945043
HROV-vOTU15797	diagnosis	RA	-0.319059581248467	0.387817695548889	77	67	0.413430338216553	0.862485739945043
HROV-vOTU61101	Smoking_Status	Never_Smoker	1.37159207263099	1.66904343301356	77	34	0.413951342631262	0.862485739945043
HROV-vOTU19228	Sex	M	-0.371985167120569	0.452501628178489	77	42	0.413792817954758	0.862485739945043
HROV-vOTU35660	Smoking_Status	Former_Smoker	-1.29373699355546	1.57391591340225	77	46	0.413836698014153	0.862485739945043
HROV-vOTU12852	Smoking_Status	Never_Smoker	0.764733896539082	0.929805463476015	77	72	0.413565115153447	0.862485739945043
HROV-vOTU30351	Sex	M	-0.696302423389198	0.847615780386434	77	66	0.414120876251289	0.862485739945043
HROV-vOTU13279	Age	Age	0.286131226987128	0.348209321852751	77	57	0.413986078241744	0.862485739945043
HROV-vOTU21435	Age	Age	0.236754647139625	0.287770298976074	77	71	0.413421374038628	0.862485739945043
HROV-vOTU16004	Sex	M	0.646697931699429	0.787243776501684	77	48	0.414127977086942	0.862485739945043
HROV-vOTU16004	Smoking_Status	Never_Smoker	-0.838007512439284	1.01886332046137	77	48	0.413550412405981	0.862485739945043
HROV-vOTU37335	diagnosis	RA	0.354861165693616	0.431955315925688	77	12	0.414098645990995	0.862485739945043
HROV-vOTU66623	Age	Age	-0.119265445374456	0.144981875560138	77	10	0.413476629543473	0.862485739945043
HROV-vOTU01193	Age	Age	0.178497787893818	0.216911879926284	77	18	0.413317591697047	0.862485739945043
HROV-vOTU33134	Age	Age	-0.283404133007208	0.344776226382288	77	50	0.413831992664097	0.862485739945043
HROV-vOTU49689	Age	Age	-0.219659606163301	0.267387540778062	77	33	0.414110005955215	0.862485739945043
HROV-vOTU65890	Sex	M	-0.246040939452286	0.299220215372525	77	9	0.413674065599193	0.862485739945043
HROV-vOTU46976	diagnosis	RA	-0.248379685136364	0.302034770194026	77	13	0.413628383974526	0.862485739945043
HROV-vOTU64337	diagnosis	RA	-0.521724303988079	0.634751997954588	77	19	0.413866101447141	0.862485739945043
HROV-vOTU69859	Smoking_Status	Never_Smoker	-0.54368319965668	0.661334438773379	77	25	0.413772167612582	0.862485739945043
HROV-vOTU74254	Smoking_Status	Never_Smoker	0.655837248331334	0.79719327791189	77	18	0.413442881362853	0.862485739945043
HROV-vOTU63272	diagnosis	RA	0.380683387530479	0.463285303285999	77	9	0.41399620208644	0.862485739945043
HROV-vOTU12129	diagnosis	RA	0.356043879879382	0.433115040858225	77	9	0.413798401054786	0.862485739945043
HROV-vOTU58773	Smoking_Status	Former_Smoker	1.1546854077578	1.40637896656719	77	28	0.414375006590462	0.862610178231795
HROV-vOTU12973	Sex	M	0.498100079788053	0.606656795252421	77	63	0.414361924691918	0.862610178231795
HROV-vOTU64505	Smoking_Status	Never_Smoker	0.432019659700655	0.526130873792668	77	26	0.414323224980287	0.862610178231795
HROV-vOTU58622	diagnosis	RA	-0.326439038580276	0.397564169258231	77	31	0.414339130829527	0.862610178231795
HROV-vOTU25012	Smoking_Status	Never_Smoker	0.575423676696624	0.700689227812792	77	16	0.414266996347142	0.862610178231795
HROV-vOTU66003	Age	Age	-0.168640950404976	0.205440232575431	77	37	0.414464611701478	0.862718728080717
HROV-vOTU23684	Smoking_Status	Never_Smoker	0.808100167777364	0.984728240248409	77	36	0.414602304216142	0.862771398400448
HROV-vOTU63975	diagnosis	RA	-0.677259729406467	0.82526940234831	77	61	0.414590855010111	0.862771398400448
HROV-vOTU15817	Sex	M	-0.454436779016714	0.553727045220298	77	9	0.414571360126095	0.862771398400448
HROV-vOTU19538	Sex	M	0.412129548436037	0.502365731521709	77	14	0.414746740486937	0.862993985671681
HROV-vOTU23863	Smoking_Status	Former_Smoker	-1.31881288617087	1.60777006988271	77	31	0.414805025449078	0.863037287568187
HROV-vOTU03587	Smoking_Status	Former_Smoker	-1.30227630940579	1.5879877212211	77	40	0.41491542290442	0.863188996340452
HROV-vOTU14126	Age	Age	-0.093744698011832	0.114365903363424	77	8	0.415135514267653	0.863568864021682
HROV-vOTU38220	diagnosis	RA	0.456168335751912	0.556662465223661	77	65	0.415260542119824	0.863606341320567
HROV-vOTU34620	diagnosis	RA	0.70054491571198	0.854767246337424	77	37	0.41520183564375	0.863606341320567
HROV-vOTU10315	Age	Age	0.0863327239266072	0.105353114266352	77	11	0.415266027954145	0.863606341320567
HROV-vOTU14344	diagnosis	RA	0.250809924307193	0.306116698106556	77	12	0.41534125035166	0.863609539081452
HROV-vOTU17808	Smoking_Status	Never_Smoker	0.624884823006674	0.76268202160407	77	21	0.415342564258192	0.863609539081452
HROV-vOTU46906	Age	Age	-0.313081421283006	0.38217548636124	77	19	0.415408835042586	0.863669357319739
HROV-vOTU20977	Smoking_Status	Former_Smoker	-1.84605927881463	2.25378956825178	77	46	0.415475309732578	0.863713511192492
HROV-vOTU42317	Sex	M	0.432472657629023	0.528024689647185	77	11	0.415505079917569	0.863713511192492
HROV-vOTU59590	Age	Age	0.360425682981783	0.440102799619352	77	57	0.41555085285177	0.863730698662118
HROV-vOTU21507	diagnosis	RA	-0.303918281448116	0.371137969928387	77	19	0.415593776792926	0.863741961875379
HROV-vOTU02362	Age	Age	0.125522448925412	0.15339777964232	77	75	0.415934782650413	0.863835061044929
HROV-vOTU16750	diagnosis	RA	-0.648058630846761	0.791737227932158	77	46	0.415794906655002	0.863835061044929
HROV-vOTU08070	Age	Age	-0.268154567450879	0.327707577124497	77	31	0.415938644894799	0.863835061044929
HROV-vOTU05157	Age	Age	-0.326549123139366	0.399065476408702	77	47	0.415932609781873	0.863835061044929
HROV-vOTU00921	Smoking_Status	Never_Smoker	0.957761463743719	1.16989794000941	77	34	0.415713530267494	0.863835061044929
HROV-vOTU01715	Age	Age	-0.401356494313692	0.490446113758414	77	28	0.415895603654562	0.863835061044929
HROV-vOTU04429	Sex	M	0.354191340822314	0.432802128378164	77	15	0.415885394288145	0.863835061044929
HROV-vOTU18620	Smoking_Status	Former_Smoker	0.929901989056434	1.13598611932585	77	19	0.415761865913086	0.863835061044929
HROV-vOTU72947	Sex	M	0.572706703963262	0.700010541356484	77	25	0.416014536726437	0.863901382195644
HROV-vOTU13136	Age	Age	-0.219080928795784	0.267797157528976	77	38	0.416045602689183	0.863901382195644
HROV-vOTU42860	Sex	M	-0.563774775090227	0.68930310275750994	77	33	0.416155862504681	0.863917319456348
HROV-vOTU51039	Age	Age	-0.30599319587289	0.37412276847769	77	42	0.416153487490835	0.863917319456348
HROV-vOTU37128	Smoking_Status	Never_Smoker	0.337933973455166	0.413192282851378	77	22	0.416172692714507	0.863917319456348
HROV-vOTU04006	Smoking_Status	Never_Smoker	-0.391403312667642	0.478600911017383	77	10	0.416203328674259	0.863917319456348
HROV-vOTU52407	Age	Age	-0.313121210479656	0.383071794687875	77	43	0.416436908414378	0.864324261065531
HROV-vOTU06783	Smoking_Status	Never_Smoker	0.599737419481754	0.733890609112626	77	14	0.416546380696984	0.864324495270806
HROV-vOTU21557	Smoking_Status	Never_Smoker	0.71251440941977	0.871894022657459	77	39	0.416546236356735	0.864324495270806
HROV-vOTU48896	Age	Age	-0.117800249605908	0.144151584448048	77	19	0.416549612375626	0.864324495270806
HROV-vOTU31292	Age	Age	-0.169177029888758	0.207048816551424	77	69	0.416611713688782	0.864375474437175
HROV-vOTU53401	diagnosis	RA	0.480079285795056	0.587635664929073	77	25	0.416679873253289	0.864439012793734
HROV-vOTU68761	Sex	M	0.390391473969468	0.477909351215155	77	11	0.416733296331357	0.864471970321667
HROV-vOTU03452	Smoking_Status	Never_Smoker	0.911018245130956	1.1155229793118	77	55	0.416846747055683	0.864629432107753
HROV-vOTU46349	Smoking_Status	Former_Smoker	1.60986306303177	1.97306976839881	77	45	0.417276004460381	0.865037383869823
HROV-vOTU69838	diagnosis	RA	0.318867937422324	0.390845406420934	77	10	0.417319400286228	0.865037383869823
HROV-vOTU09958	Smoking_Status	Never_Smoker	-0.845557654627724	1.03607204645887	77	56	0.417162019129213	0.865037383869823
HROV-vOTU07207	Smoking_Status	Former_Smoker	-1.6394574803078	2.00921388563204	77	21	0.417246655800807	0.865037383869823
HROV-vOTU00893	Smoking_Status	Former_Smoker	1.04964444015001	1.28601411291986	77	71	0.417115892926274	0.865037383869823
HROV-vOTU01210	Sex	M	-0.891081231634459	1.09215377098242	77	55	0.417289867598683	0.865037383869823
HROV-vOTU33368	Sex	M	0.514409224606184	0.630520832136645	77	72	0.417315699003277	0.865037383869823
HROV-vOTU17675	Sex	M	-0.838391192723301	1.02769402899268	77	22	0.417343915422388	0.865037383869823
HROV-vOTU16373	Age	Age	0.329966481738938	0.404873288853316	77	43	0.417805154128794	0.865190124350701
HROV-vOTU26057	Sex	M	-0.624839180211613	0.76651708943563	77	32	0.417703018883215	0.865190124350701
HROV-vOTU67333	Smoking_Status	Former_Smoker	-1.01276945440348	1.24269087225962	77	66	0.417808584403816	0.865190124350701
HROV-vOTU71894	Sex	M	0.570674031567957	0.69988364549656	77	26	0.417579380112522	0.865190124350701
HROV-vOTU63670	Age	Age	0.194580599465327	0.238613745848838	77	41	0.417534754157929	0.865190124350701
HROV-vOTU72708	Sex	M	0.434854090666634	0.533644639387765	77	17	0.41786842176087	0.865190124350701
HROV-vOTU63137	Smoking_Status	Former_Smoker	-0.716624927547643	0.879088855583232	77	18	0.417689439942647	0.865190124350701
HROV-vOTU43248	diagnosis	RA	-0.480746113333601	0.589899196671565	77	16	0.417818731065054	0.865190124350701
HROV-vOTU36813	diagnosis	RA	-0.556872002393038	0.682910582958066	77	53	0.41754813557828	0.865190124350701
HROV-vOTU55021	Age	Age	-0.0973627946706219	0.1194406751498	77	11	0.417709027418297	0.865190124350701
HROV-vOTU66895	diagnosis	RA	-0.310532358126301	0.381079136795202	77	15	0.417868123194886	0.865190124350701
HROV-vOTU14600	Sex	M	0.286564749096507	0.351543168951251	77	10	0.417705483445997	0.865190124350701
HROV-vOTU19384	Smoking_Status	Former_Smoker	1.0503736256298	1.28929628707948	77	54	0.41797547511686	0.865258622340298
HROV-vOTU40432	Age	Age	-0.182675256532549	0.224227950644699	77	15	0.417976646701512	0.865258622340298
HROV-vOTU11599	Age	Age	-0.225818669539429	0.277295816773131	77	71	0.418161698063471	0.865365831410598
HROV-vOTU28745	Smoking_Status	Former_Smoker	1.10132777777711	1.35248988368159	77	64	0.41819792471619	0.865365831410598
HROV-vOTU34254	Sex	M	0.347219735456544	0.426550232891689	77	11	0.418356171161527	0.865365831410598
HROV-vOTU00289	Smoking_Status	Never_Smoker	0.721734196143013	0.886578491126968	77	8	0.418328572751575	0.865365831410598
HROV-vOTU48360	Smoking_Status	Former_Smoker	1.11042817634803	1.36416231173548	77	67	0.418366616019349	0.865365831410598
HROV-vOTU22913	Smoking_Status	Never_Smoker	0.328682951885039	0.40370776854767	77	13	0.418275259234378	0.865365831410598
HROV-vOTU38487	Sex	M	0.765148953017875	0.93971609075389	77	29	0.418233386893234	0.865365831410598
HROV-vOTU23140	Age	Age	-0.246206449819888	0.302420223021901	77	27	0.418298167353025	0.865365831410598
HROV-vOTU10315	Smoking_Status	Never_Smoker	0.286490487464355	0.351740943710677	77	11	0.41808621376057	0.865365831410598
HROV-vOTU16373	Smoking_Status	Former_Smoker	-1.5531406626620201	1.90820541868208	77	43	0.418407959586145	0.865373624541439
HROV-vOTU20490	diagnosis	RA	0.291506968844663	0.358257159275282	77	22	0.41854832065099	0.865586191145143
HROV-vOTU27690	Smoking_Status	Former_Smoker	-1.15507488155664	1.41995224527518	77	44	0.418673802923074	0.865767951990518
HROV-vOTU46602	Sex	M	0.705335492949837	0.867264531930945	77	19	0.418772173738588	0.865815886632523
HROV-vOTU12914	Smoking_Status	Never_Smoker	0.525385477823708	0.645989022529954	77	11	0.41876281815906	0.865815886632523
HROV-vOTU01004	Sex	M	0.46107217684913	0.567054088276636	77	74	0.418878507487021	0.865845796023558
HROV-vOTU16562	Sex	M	0.462035912982996	0.56821514077997	77	13	0.418858779679398	0.865845796023558
HROV-vOTU72573	Sex	M	-0.389175340404464	0.478652692485977	77	14	0.418899429409226	0.865845796023558
HROV-vOTU26901	diagnosis	RA	-0.296238242211059	0.364383826522587	77	10	0.418945039906509	0.865862359243192
HROV-vOTU46313	Sex	M	0.67731315796051	0.833432714994539	77	68	0.419118884734131	0.865908261953715
HROV-vOTU64647	diagnosis	RA	0.339855068700661	0.41814987748592	77	16	0.41907324682036	0.865908261953715
HROV-vOTU03607	Smoking_Status	Former_Smoker	1.41220924365163	1.73785760656344	77	47	0.419155245517152	0.865908261953715
HROV-vOTU61489	Sex	M	0.821581242263803	1.01095388844047	77	31	0.419118672017794	0.865908261953715
HROV-vOTU00742	Age	Age	-0.301837292166243	0.37138322609953	77	46	0.419085150891074	0.865908261953715
HROV-vOTU05602	Sex	M	0.679966931761763	0.836918067371091	77	47	0.419240538250411	0.866006780510088
HROV-vOTU54200	Smoking_Status	Never_Smoker	0.655753125750538	0.809320470930856	77	73	0.420503136806515	0.866083369510507
HROV-vOTU41690	Sex	M	-0.463019563735961	0.570744895099364	77	75	0.419930626857748	0.866083369510507
HROV-vOTU66153	Smoking_Status	Never_Smoker	0.675836229810935	0.834044722886237	77	64	0.420468751419921	0.866083369510507
HROV-vOTU24955	Smoking_Status	Never_Smoker	0.630260925079075	0.776582377222799	77	24	0.41974358152373	0.866083369510507
HROV-vOTU31555	Sex	M	0.562260071173372	0.692972955473171	77	58	0.419862808469136	0.866083369510507
HROV-vOTU53328	Age	Age	-0.435220634007887	0.536416806485956	77	24	0.419877572234079	0.866083369510507
HROV-vOTU11474	Age	Age	-0.171611433549216	0.21134085959217	77	17	0.419498584841768	0.866083369510507
HROV-vOTU01795	Sex	M	0.514014938657413	0.633673760840133	77	74	0.419981009230391	0.866083369510507
HROV-vOTU03523	Smoking_Status	Former_Smoker	1.08768711146242	1.34105402719131	77	63	0.420036737812655	0.866083369510507
HROV-vOTU31651	Smoking_Status	Former_Smoker	1.50227992392436	1.85283380751271	77	37	0.420189405448957	0.866083369510507
HROV-vOTU64354	Age	Age	0.192490379902548	0.237461425276515	77	14	0.420294260284736	0.866083369510507
HROV-vOTU61668	diagnosis	RA	-0.561796424272942	0.693535615102683	77	54	0.420619898440416	0.866083369510507
HROV-vOTU69371	Smoking_Status	Never_Smoker	1.04981476451606	1.29464759467354	77	21	0.420139647018126	0.866083369510507
HROV-vOTU03566	diagnosis	RA	0.493515955366046	0.608641587784213	77	36	0.420162585815543	0.866083369510507
HROV-vOTU43750	Smoking_Status	Former_Smoker	1.12300630190941	1.38390016555183	77	39	0.41980263412882	0.866083369510507
HROV-vOTU44513	Smoking_Status	Never_Smoker	-0.671568108822684	0.827838345816043	77	10	0.419944243671997	0.866083369510507
HROV-vOTU30919	Age	Age	0.244451826584761	0.30099891766875	77	29	0.41942866523045	0.866083369510507
HROV-vOTU03401	Smoking_Status	Former_Smoker	-0.974308838237503	1.19979498151897	77	57	0.419469967061187	0.866083369510507
HROV-vOTU14274	Smoking_Status	Former_Smoker	-0.976186560539737	1.20457650048886	77	52	0.420419432701255	0.866083369510507
HROV-vOTU22477	Age	Age	0.170177601641095	0.209784585736767	77	11	0.419960971687777	0.866083369510507
HROV-vOTU15781	diagnosis	RA	0.4040983425601	0.498519384866253	77	19	0.420305913803932	0.866083369510507
HROV-vOTU00884	Smoking_Status	Never_Smoker	-0.567314858168871	0.699698682445427	77	15	0.420190785086472	0.866083369510507
HROV-vOTU47690	Smoking_Status	Former_Smoker	1.2068287179541	1.48586044686654	77	38	0.419386818883201	0.866083369510507
HROV-vOTU46594	Smoking_Status	Former_Smoker	1.44220312614935	1.77660014026207	77	36	0.419632875057084	0.866083369510507
HROV-vOTU48533	diagnosis	RA	-0.407410226874135	0.502999896275481	77	24	0.420669065190818	0.866083369510507
HROV-vOTU18362	Smoking_Status	Never_Smoker	1.19597688048238	1.47442497700417	77	54	0.419991569009337	0.866083369510507
HROV-vOTU10321	diagnosis	RA	-0.448873595848695	0.554164884184035	77	34	0.420646675102142	0.866083369510507
HROV-vOTU30360	Smoking_Status	Never_Smoker	0.710044321595705	0.876634206466455	77	23	0.420665855002253	0.866083369510507
HROV-vOTU52384	Smoking_Status	Former_Smoker	0.813267360201078	1.00115802398706	77	19	0.419319565871458	0.866083369510507
HROV-vOTU23727	Smoking_Status	Former_Smoker	0.52623685844896	0.64954678952668	77	8	0.420555342408313	0.866083369510507
HROV-vOTU25255	Smoking_Status	Never_Smoker	0.995638845413418	1.2287951678174	77	15	0.420500480909211	0.866083369510507
HROV-vOTU25614	Smoking_Status	Never_Smoker	0.561648642343976	0.692072680388684	77	11	0.419764726659969	0.866083369510507
HROV-vOTU25800	Sex	M	0.54178694172724	0.667844751019719	77	30	0.419935196812298	0.866083369510507
HROV-vOTU24665	Smoking_Status	Former_Smoker	-0.496725402847963	0.61301121263479	77	9	0.420473201291171	0.866083369510507
HROV-vOTU02549	Sex	M	-0.418111258462654	0.515305747775316	77	11	0.419856503057698	0.866083369510507
HROV-vOTU73146	Smoking_Status	Never_Smoker	0.344978116830251	0.425846725043228	77	9	0.420590045839572	0.866083369510507
HROV-vOTU70612	Sex	M	-0.313138681249529	0.386267618732539	77	9	0.420259688769891	0.866083369510507
HROV-vOTU24406	Sex	M	0.484671146892005	0.598635104933754	77	23	0.420859709661904	0.866118953897081
HROV-vOTU44031	Smoking_Status	Former_Smoker	1.12522517248528	1.38966690670641	77	34	0.420813140280034	0.866118953897081
HROV-vOTU72046	diagnosis	RA	-0.54555285193486	0.673766747968313	77	53	0.420814702315689	0.866118953897081
HROV-vOTU43248	Age	Age	0.244350871221553	0.301805603970158	77	16	0.420857998808295	0.866118953897081
HROV-vOTU08046	diagnosis	RA	-0.581734315510957	0.718544196659967	77	51	0.420874390493367	0.866118953897081
HROV-vOTU04595	Smoking_Status	Never_Smoker	0.691047556138678	0.853708170706772	77	38	0.420951790816075	0.866200834747516
HROV-vOTU01204	diagnosis	RA	-0.688131008342969	0.850244854946393	77	67	0.421027784072187	0.866262064475867
HROV-vOTU17571	Smoking_Status	Former_Smoker	-0.726581643474258	0.897810208853631	77	22	0.421056775933254	0.866262064475867
HROV-vOTU74367	Smoking_Status	Never_Smoker	0.530303832382268	0.655412974829129	77	74	0.421152743013105	0.866382105546387
HROV-vOTU04024	Sex	M	-0.834909464981699	1.03226962750699	77	26	0.421326769212197	0.866443570111842
HROV-vOTU16041	diagnosis	RA	0.410588787698336	0.507533398933401	77	60	0.421224350962978	0.866443570111842
HROV-vOTU41752	diagnosis	RA	-0.34066027547476	0.421189954505737	77	8	0.421329692443617	0.866443570111842
HROV-vOTU65280	Sex	M	-0.313618324327203	0.38775834499196	77	8	0.421333110798199	0.866443570111842
HROV-vOTU21803	Age	Age	0.282948949849715	0.350285480332992	77	62	0.421922969762608	0.866513524847337
HROV-vOTU31555	Age	Age	0.217194325909143	0.2686256201054	77	58	0.421481292659179	0.866513524847337
HROV-vOTU56948	Smoking_Status	Former_Smoker	-1.44834540584162	1.7926603331511901	77	41	0.421829147602257	0.866513524847337
HROV-vOTU61820	Age	Age	0.283653729060337	0.351112923703217	77	42	0.421863677472886	0.866513524847337
HROV-vOTU43771	Smoking_Status	Former_Smoker	1.12524970779865	1.39285332174421	77	71	0.421861717344293	0.866513524847337
HROV-vOTU67265	diagnosis	RA	-0.400345873885886	0.495462955136146	77	60	0.421775916546971	0.866513524847337
HROV-vOTU07160	Smoking_Status	Former_Smoker	-1.21782971407785	1.50703995057469	77	42	0.421735875329158	0.866513524847337
HROV-vOTU04775	Smoking_Status	Former_Smoker	-1.04335638180023	1.29167945950301	77	23	0.421931509667305	0.866513524847337
HROV-vOTU59663	diagnosis	RA	-0.439378595631024	0.543429974732423	77	21	0.421487398729523	0.866513524847337
HROV-vOTU26115	diagnosis	RA	-0.672904771640469	0.832664830478843	77	30	0.421712907989605	0.866513524847337
HROV-vOTU38448	Sex	M	0.55857060710059	0.691172874127822	77	15	0.421704388317331	0.866513524847337
HROV-vOTU74161	Smoking_Status	Never_Smoker	0.341299288199127	0.42216289848159	77	12	0.42152995279588	0.866513524847337
HROV-vOTU68414	Smoking_Status	Former_Smoker	0.808840447480176	1.00130456418373	77	15	0.421911571068039	0.866513524847337
HROV-vOTU52066	Smoking_Status	Never_Smoker	0.632969207479413	0.782848375190202	77	12	0.421477158962474	0.866513524847337
HROV-vOTU17706	Smoking_Status	Former_Smoker	-0.754071350078929	0.932915911699361	77	14	0.421620808547255	0.866513524847337
HROV-vOTU44891	Age	Age	0.259510248454086	0.321357918377953	77	46	0.422051098702109	0.866527307043735
HROV-vOTU27563	Age	Age	-0.199157808721492	0.246620346966088	77	55	0.422047985194589	0.866527307043735
HROV-vOTU26589	Age	Age	-0.349314494532988	0.432539387717641	77	30	0.422024038718435	0.866527307043735
HROV-vOTU05286	Smoking_Status	Former_Smoker	0.74124911351135	0.918328947892916	77	19	0.422263404634248	0.866654149249329
HROV-vOTU19405	Smoking_Status	Former_Smoker	0.80052384596398	0.991754226208533	77	19	0.422258830206771	0.866654149249329
HROV-vOTU59294	Age	Age	0.0999795986228911	0.123847961486993	77	11	0.422203188953572	0.866654149249329
HROV-vOTU18294	diagnosis	RA	-0.248243945899772	0.30748563872549	77	12	0.422169893390403	0.866654149249329
HROV-vOTU74082	Smoking_Status	Former_Smoker	-1.50786856020271	1.86971704277201	77	47	0.422665716714606	0.866784635435207
HROV-vOTU52240	Smoking_Status	Never_Smoker	-1.31775336874487	1.63380101860228	77	58	0.422615344836771	0.866784635435207
HROV-vOTU49471	Smoking_Status	Former_Smoker	-0.873951484626503	1.08342223472521	77	71	0.422557278417043	0.866784635435207
HROV-vOTU01399	Smoking_Status	Former_Smoker	1.37272595010269	1.7016699620076	77	63	0.422537148029849	0.866784635435207
HROV-vOTU14207	diagnosis	RA	-0.358955682827688	0.444943134903491	77	71	0.422507573050211	0.866784635435207
HROV-vOTU21886	Sex	M	0.523543129554935	0.649142565449493	77	65	0.422639370743527	0.866784635435207
HROV-vOTU74323	Smoking_Status	Former_Smoker	-1.19703108121366	1.48411136214415	77	35	0.422611129332128	0.866784635435207
HROV-vOTU13976	Smoking_Status	Never_Smoker	0.693391152894525	0.859303821587407	77	41	0.422406301435389	0.866784635435207
HROV-vOTU34795	Sex	M	0.932339616810937	1.15556603312864	77	19	0.422461794901802	0.866784635435207
HROV-vOTU46696	Smoking_Status	Former_Smoker	-0.65331923213276	0.810442679144047	77	77	0.422861834192429	0.867056756017018
HROV-vOTU03095	Smoking_Status	Former_Smoker	-1.08592267684944	1.34712200841735	77	14	0.422873707493841	0.867056756017018
HROV-vOTU05840	Smoking_Status	Never_Smoker	1.37536457707891	1.70640894660461	77	43	0.422934575174839	0.867082486353183
HROV-vOTU73490	Smoking_Status	Former_Smoker	0.485229901300306	0.60210694881013	77	10	0.422999206868346	0.867082486353183
HROV-vOTU66180	Sex	M	-0.470800992438395	0.5841670551087	77	10	0.4229711507853	0.867082486353183
HROV-vOTU38736	diagnosis	RA	-0.37524810875314	0.46579327712109603	77	63	0.423157182125763	0.86717475568217794
HROV-vOTU68906	Sex	M	0.403733037930401	0.501145583906038	77	66	0.423151776420513	0.86717475568217794
HROV-vOTU59311	Sex	M	0.487157191576264	0.604657889032792	77	26	0.423120938877585	0.86717475568217794
HROV-vOTU66003	diagnosis	RA	0.323454121085825	0.401546646470651	77	37	0.423208848448363	0.867203468259258
HROV-vOTU67214	diagnosis	RA	0.710509242948229	0.882634450427235	77	59	0.423514729033611	0.867317538917585
HROV-vOTU49179	Age	Age	-0.264101344155988	0.328070440278014	77	30	0.423499159058649	0.867317538917585
HROV-vOTU00255	diagnosis	RA	-0.511958017912354	0.636053364631077	77	34	0.423565799401046	0.867317538917585
HROV-vOTU39924	Sex	M	-0.578765370207375	0.71881400014171	77	18	0.423411490438684	0.867317538917585
HROV-vOTU13316	Smoking_Status	Never_Smoker	-0.398387141166744	0.494783471301918	77	11	0.423407113862376	0.867317538917585
HROV-vOTU73170	Smoking_Status	Never_Smoker	0.526830871020291	0.65449389290859	77	13	0.423539423873329	0.867317538917585
HROV-vOTU09000	Smoking_Status	Former_Smoker	0.902981417868594	1.12163479125073	77	17	0.423473835592745	0.867317538917585
HROV-vOTU64477	Smoking_Status	Former_Smoker	-0.541477210314091	0.672509749435169	77	8	0.423416179502414	0.867317538917585
HROV-vOTU32094	Sex	M	0.633234818032227	0.786973370734529	77	26	0.423710347489873	0.867322989170914
HROV-vOTU14223	diagnosis	RA	-0.366475417222043	0.455422176030026	77	33	0.423682803696043	0.867322989170914
HROV-vOTU06759	Smoking_Status	Former_Smoker	-0.809084836259453	1.00529986709751	77	22	0.423610806423414	0.867322989170914
HROV-vOTU74065	Smoking_Status	Former_Smoker	-0.858222230185651	1.0666041077356	77	16	0.423719103393919	0.867322989170914
HROV-vOTU71496	Smoking_Status	Never_Smoker	-0.890846977756067	1.10734913633358	77	31	0.423801936621301	0.867415446177441
HROV-vOTU75949	Smoking_Status	Former_Smoker	-0.876529141430704	1.08972351728585	77	74	0.423874710720889	0.867473782772378
HROV-vOTU31842	Smoking_Status	Never_Smoker	0.903555079205736	1.12339849148673	77	66	0.423905772962238	0.867473782772378
HROV-vOTU52385	Smoking_Status	Never_Smoker	0.619614911837432	0.771013826434406	77	57	0.424289307642703	0.868104367005282
HROV-vOTU59791	Age	Age	0.0785449123146197	0.0977363502191005	77	9	0.424286921088293	0.868104367005282
HROV-vOTU06912	Sex	M	0.620691586943699	0.772562881407262	77	37	0.424414268458155	0.868173779687468
HROV-vOTU37401	Age	Age	-0.192347403304737	0.239403267745668	77	31	0.42439915476835	0.868173779687468
HROV-vOTU34253	Age	Age	0.101303276804977	0.126096271488785	77	9	0.424436325901051	0.868173779687468
HROV-vOTU48334	diagnosis	RA	-0.593606843786753	0.739241348640095	77	61	0.424657809503744	0.868542176681243
HROV-vOTU60277	Age	Age	0.127299897136777	0.15854314663362	77	12	0.424691856344224	0.868542176681243
HROV-vOTU35520	Age	Age	-0.193994635290824	0.241646215001947	77	58	0.424767078362601	0.868618878946076
HROV-vOTU17977	Smoking_Status	Never_Smoker	0.456308432501545	0.568460610171721	77	8	0.424821860900233	0.868634516865765
HROV-vOTU67636	Age	Age	0.28556216079116	0.355827909781571	77	22	0.424925322723292	0.868634516865765
HROV-vOTU74890	Age	Age	-0.120430435721038	0.150063774085432	77	10	0.424925595614837	0.868634516865765
HROV-vOTU32330	diagnosis	RA	0.222862241927129	0.277659174202199	77	9	0.424857581539273	0.868634516865765
HROV-vOTU08786	Sex	M	0.62029353039087	0.773376837017441	77	15	0.425195498465404	0.869109108871772
HROV-vOTU66914	Smoking_Status	Never_Smoker	-0.479571814100801	0.59801735690796	77	54	0.425265782060716	0.869126127150906
HROV-vOTU03622	Sex	M	-0.771124158945533	0.961606054282347	77	31	0.425279302078313	0.869126127150906
HROV-vOTU08333	Smoking_Status	Former_Smoker	-1.58196317538088	1.97306809191695	77	31	0.425356578435104	0.869206921149994
HROV-vOTU72030	Sex	M	0.449254754697935	0.560443548786343	77	72	0.425455776230126	0.869245422700072
HROV-vOTU11572	Sex	M	0.308663002274501	0.385083360776969	77	19	0.425488651762827	0.869245422700072
HROV-vOTU40432	Smoking_Status	Never_Smoker	0.600078054230937	0.748626668659069	77	15	0.42547525401153	0.869245422700072
HROV-vOTU37593	Sex	M	0.778445893144949	0.971306565539048	77	23	0.425549886181763	0.869293407731595
HROV-vOTU06484	Age	Age	0.267350165419825	0.333654621758029	77	55	0.425644090059232	0.869331624163189
HROV-vOTU00058	Smoking_Status	Never_Smoker	0.796201030301261	0.993663094021785	77	20	0.425643810747645	0.869331624163189
HROV-vOTU62007	diagnosis	RA	-0.366511909804725	0.457479034316809	77	26	0.425714547236618	0.869398423593092
HROV-vOTU60533	Smoking_Status	Never_Smoker	1.0590156326228	1.32258824319733	77	55	0.425968250977107	0.869456022400508
HROV-vOTU73002	diagnosis	RA	-0.514733296904152	0.6427281974006	77	56	0.425886373693331	0.869456022400508
HROV-vOTU17770	diagnosis	RA	-0.355033093131515	0.443323815435729	77	26	0.425893941986513	0.869456022400508
HROV-vOTU28977	Sex	M	0.600322190310801	0.749674276256132	77	45	0.425932110589753	0.869456022400508
HROV-vOTU16795	Sex	M	-0.386763097101684	0.482995924135098	77	14	0.425942954962293	0.869456022400508
HROV-vOTU38135	Smoking_Status	Former_Smoker	-0.724852530713282	0.905333319127749	77	11	0.426007023741526	0.869456022400508
HROV-vOTU31098	Smoking_Status	Former_Smoker	0.915228245416709	1.14310606058146	77	15	0.426005186915462	0.869456022400508
HROV-vOTU51025	Sex	M	0.338914486555728	0.423345346562265	77	10	0.426055611043472	0.869478132240244
HROV-vOTU15477	Age	Age	0.120211057487093	0.150181768443163	77	76	0.426127872568344	0.869508627897718
HROV-vOTU43771	diagnosis	RA	-0.462300470137663	0.577630198683277	77	71	0.42618382074292	0.869508627897718
HROV-vOTU75577	Age	Age	-0.227304414789045	0.284005987433872	77	26	0.426177532407278	0.869508627897718
HROV-vOTU74655	Smoking_Status	Never_Smoker	0.757977322330443	0.947187668120844	77	13	0.426241366583871	0.869549001012184
HROV-vOTU00253	Sex	M	0.556501506936981	0.695582674656921	77	67	0.426350145320156	0.86962117494943
HROV-vOTU51369	Smoking_Status	Never_Smoker	0.346192831186227	0.43271552991944	77	10	0.42635226601624	0.86962117494943
HROV-vOTU00314	Smoking_Status	Former_Smoker	0.95208224025984	1.19219125162904	77	73	0.427186503806992	0.869654560335998
HROV-vOTU27780	diagnosis	RA	-0.571032141190827	0.714708520241939	77	61	0.426971321652001	0.869654560335998
HROV-vOTU09585	Sex	M	-0.784821664269308	0.982076437196364	77	56	0.426871595007961	0.869654560335998
HROV-vOTU63059	Smoking_Status	Never_Smoker	0.857646553492373	1.07269306757597	77	50	0.426651992293856	0.869654560335998
HROV-vOTU09777	diagnosis	RA	0.295915566618002	0.370450379023154	77	75	0.42707075281323	0.869654560335998
HROV-vOTU15439	Smoking_Status	Former_Smoker	1.09074680656096	1.36392490902	77	39	0.426545329786444	0.869654560335998
HROV-vOTU09258	Age	Age	-0.199982966347897	0.250416767664539	77	59	0.427185373131716	0.869654560335998
HROV-vOTU34282	Smoking_Status	Former_Smoker	-1.55255619318076	1.94359539158485	77	50	0.427066832974943	0.869654560335998
HROV-vOTU71197	Sex	M	0.324824425695341	0.406602655055882	77	11	0.427027621494729	0.869654560335998
HROV-vOTU22265	Smoking_Status	Never_Smoker	0.985801291640752	1.23270261602367	77	34	0.4265478996234	0.869654560335998
HROV-vOTU75676	Smoking_Status	Never_Smoker	0.861589139700624	1.07813887802326	77	46	0.426871788623728	0.869654560335998
HROV-vOTU05179	Smoking_Status	Never_Smoker	0.848896305259962	1.06299497780611	77	49	0.427191910717512	0.869654560335998
HROV-vOTU30890	Smoking_Status	Former_Smoker	-1.04345192190595	1.30604563590603	77	30	0.426989871147509	0.869654560335998
HROV-vOTU59579	diagnosis	RA	0.351151666519709	0.439695110769963	77	31	0.427171071704751	0.869654560335998
HROV-vOTU09590	Smoking_Status	Never_Smoker	0.745080310453176	0.93230308916324	77	31	0.426850109271821	0.869654560335998
HROV-vOTU28137	Age	Age	0.174394001894977	0.21817412599819	77	11	0.426762840619154	0.869654560335998
HROV-vOTU20653	Smoking_Status	Never_Smoker	0.761307865674189	0.952460813868265	77	35	0.426778844756962	0.869654560335998
HROV-vOTU01502	Smoking_Status	Former_Smoker	1.43481862339583	1.7948736056497	77	52	0.426725916564914	0.869654560335998
HROV-vOTU34455	diagnosis	RA	0.36802149814589	0.460487097778159	77	25	0.426839765880776	0.869654560335998
HROV-vOTU19413	Age	Age	-0.225973182598398	0.282787591871247	77	23	0.426902478018862	0.869654560335998
HROV-vOTU58016	Age	Age	-0.159492895093992	0.199563564009919	77	15	0.426835136907347	0.869654560335998
HROV-vOTU09662	Age	Age	0.162644113905127	0.203667617173641	77	11	0.427199393881075	0.869654560335998
HROV-vOTU20504	Sex	M	-0.355216753486637	0.445312833718322	77	74	0.427716518717622	0.86994582017365
HROV-vOTU02585	Age	Age	0.226565298848676	0.284074701667357	77	53	0.427787899383014	0.86994582017365
HROV-vOTU18411	Smoking_Status	Former_Smoker	-1.21518941277263	1.52298424025712	77	72	0.427589053864068	0.86994582017365
HROV-vOTU39920	Smoking_Status	Never_Smoker	-0.567734186488104	0.711603536234095	77	16	0.427633138985578	0.86994582017365
HROV-vOTU40721	Smoking_Status	Former_Smoker	0.825655311760201	1.03441191625174	77	30	0.427423058960671	0.86994582017365
HROV-vOTU52289	diagnosis	RA	0.310296401009939	0.389021195827907	77	21	0.427742738421634	0.86994582017365
HROV-vOTU18806	Smoking_Status	Never_Smoker	0.520458876390364	0.652319001327388	77	25	0.427612545358163	0.86994582017365
HROV-vOTU24121	Smoking_Status	Former_Smoker	-0.423667933870553	0.531041952776176	77	14	0.42764392830534	0.86994582017365
HROV-vOTU50395	Smoking_Status	Former_Smoker	0.663636065517757	0.832021505917223	77	23	0.427751260296318	0.86994582017365
HROV-vOTU04911	Age	Age	-0.250275603807974	0.31380879283	77	41	0.427795762634242	0.86994582017365
HROV-vOTU33026	Age	Age	-0.194221537487261	0.243424576136713	77	19	0.427605581074012	0.86994582017365
HROV-vOTU71692	Smoking_Status	Former_Smoker	-0.942915770789831	1.18144305664919	77	20	0.427470899914556	0.86994582017365
HROV-vOTU04109	Smoking_Status	Never_Smoker	0.904041227736326	1.13520700832458	77	57	0.428473656715674	0.870065762067598
HROV-vOTU45866	Smoking_Status	Never_Smoker	0.885063985296227	1.11118908248804	77	12	0.428395819820549	0.870065762067598
HROV-vOTU54818	Age	Age	0.356472983116016	0.447311466173105	77	37	0.428152438577588	0.870065762067598
HROV-vOTU04488	Sex	M	-0.496013593052538	0.622371350124268	77	24	0.428123431015947	0.870065762067598
HROV-vOTU56181	Age	Age	0.278843992878174	0.350091267791621	77	58	0.428402900431027	0.870065762067598
HROV-vOTU71081	diagnosis	RA	-0.303444629230642	0.380725493922438	77	11	0.428098537245132	0.870065762067598
HROV-vOTU19045	Age	Age	-0.33732907165812	0.423641347907824	77	21	0.428534778077845	0.870065762067598
HROV-vOTU16132	diagnosis	RA	-0.485034858983246	0.608729179020509	77	46	0.428224178411314	0.870065762067598
HROV-vOTU40575	Smoking_Status	Former_Smoker	1.43609594041878	1.80343151435164	77	57	0.428504748495825	0.870065762067598
HROV-vOTU24598	Age	Age	-0.265924827275488	0.333656093404303	77	38	0.428106659800245	0.870065762067598
HROV-vOTU73192	Smoking_Status	Never_Smoker	0.848056080539308	1.06501245200625	77	34	0.428519475584771	0.870065762067598
HROV-vOTU72056	Sex	M	-0.344721070393987	0.432796096097497	77	13	0.428398157487841	0.870065762067598
HROV-vOTU26102	Smoking_Status	Never_Smoker	-0.44497280792104	0.558344037388844	77	11	0.428136556486345	0.870065762067598
HROV-vOTU56294	diagnosis	RA	-0.401182176779905	0.503508886511596	77	33	0.42823936238362	0.870065762067598
HROV-vOTU04552	Sex	M	0.956397014382875	1.20006266613034	77	39	0.428133700882404	0.870065762067598
HROV-vOTU11334	diagnosis	RA	-0.26036467602376	0.326831069056559	77	12	0.428319571881429	0.870065762067598
HROV-vOTU05229	diagnosis	RA	-0.261241305052781	0.32807260025756	77	8	0.428517361759356	0.870065762067598
HROV-vOTU27652	Smoking_Status	Never_Smoker	0.589988124765283	0.739920315676808	77	9	0.42789646954245403	0.870065762067598
HROV-vOTU56207	Sex	M	0.646035502171099	0.811481866470842	77	32	0.428617193817048	0.870156379901853
HROV-vOTU56542	Smoking_Status	Never_Smoker	0.816962346895782	1.02636873601178	77	39	0.428700741607211	0.870249279789692
HROV-vOTU22053	diagnosis	RA	-0.190155759564675	0.239457065525646	77	76	0.429776406630637	0.870438467020749
HROV-vOTU17254	Sex	M	0.434879786493866	0.549842249681931	77	11	0.431626314057635	0.870438467020749
HROV-vOTU52624	Sex	M	0.603323576386727	0.761406597432804	77	65	0.430778636815857	0.870438467020749
HROV-vOTU69410	diagnosis	RA	-0.381026511063843	0.48175460169747	77	10	0.431628205808702	0.870438467020749
HROV-vOTU02260	Smoking_Status	Former_Smoker	0.946687982207008	1.19687405841719	77	73	0.431597492667628	0.870438467020749
HROV-vOTU00252	diagnosis	RA	-0.425854730918537	0.537443696329744	77	71	0.43078408709864	0.870438467020749
HROV-vOTU00606	Smoking_Status	Former_Smoker	1.13896899847337	1.43481547177503	77	70	0.429951904363381	0.870438467020749
HROV-vOTU36861	Sex	M	0.674043611343705	0.849520142816886	77	52	0.430164969276566	0.870438467020749
HROV-vOTU66153	diagnosis	RA	-0.385972685095409	0.488274785153031	77	64	0.431878473242767	0.870438467020749
HROV-vOTU10604	diagnosis	RA	-0.24642420504846901	0.311386951558924	77	77	0.431360374239959	0.870438467020749
HROV-vOTU04221	Smoking_Status	Former_Smoker	-1.76201159206584	2.21439113868957	77	39	0.428853345531317	0.870438467020749
HROV-vOTU05936	diagnosis	RA	-0.215135417003536	0.270467042276458	77	77	0.42901933248372	0.870438467020749
HROV-vOTU35520	Smoking_Status	Never_Smoker	0.640684105042873	0.806780780053736	77	58	0.429769450752894	0.870438467020749
HROV-vOTU30980	diagnosis	RA	-0.437677489712429	0.550143323914582	77	39	0.428933833754737	0.870438467020749
HROV-vOTU02348	diagnosis	RA	-0.592336320123687	0.744508637797123	77	70	0.428912397177732	0.870438467020749
HROV-vOTU38248	Smoking_Status	Never_Smoker	0.677543459651657	0.856349575232007	77	57	0.431462688755814	0.870438467020749
HROV-vOTU74196	Age	Age	0.294647065893365	0.37104121562914	77	57	0.429778375083684	0.870438467020749
HROV-vOTU09478	diagnosis	RA	-0.509190623904412	0.6408219728365	77	72	0.429500198382811	0.870438467020749
HROV-vOTU64653	diagnosis	RA	-0.29420112632442	0.369984472485286	77	11	0.429163993001615	0.870438467020749
HROV-vOTU45238	Smoking_Status	Never_Smoker	0.822378043955284	1.03922121413526	77	57	0.43138091636851	0.870438467020749
HROV-vOTU07037	Sex	M	-0.762502183280549	0.964932077197899	77	33	0.43203462226899	0.870438467020749
HROV-vOTU04630	Sex	M	0.589626908646111	0.744618462308964	77	70	0.431085186950219	0.870438467020749
HROV-vOTU07014	diagnosis	RA	0.61385517710526	0.774852994088495	77	68	0.430870613986418	0.870438467020749
HROV-vOTU43644	Smoking_Status	Former_Smoker	1.21016795761383	1.52898463235195	77	60	0.431297455672729	0.870438467020749
HROV-vOTU62466	Smoking_Status	Former_Smoker	1.15748512024728	1.46503772655012	77	69	0.432116675179794	0.870438467020749
HROV-vOTU09376	Age	Age	-0.0996683411188097	0.12539188752446	77	10	0.429347051871661	0.870438467020749
HROV-vOTU64807	Smoking_Status	Never_Smoker	0.736046064249895	0.9309011695733	77	43	0.431763247950663	0.870438467020749
HROV-vOTU27690	Age	Age	0.239490482186328	0.301278221899334	77	44	0.429312430744289	0.870438467020749
HROV-vOTU27154	diagnosis	RA	-0.518226908968817	0.655173967323967	77	37	0.431592300622085	0.870438467020749
HROV-vOTU53264	Age	Age	-0.325450299407027	0.411814963864667	77	60	0.431994295900939	0.870438467020749
HROV-vOTU49004	diagnosis	RA	-0.559984747102932	0.706852285602579	77	54	0.430869637978138	0.870438467020749
HROV-vOTU08686	Smoking_Status	Former_Smoker	0.816813193421956	1.02966593960298	77	12	0.430257906129446	0.870438467020749
HROV-vOTU03026	Age	Age	0.240778174470022	0.303051616840635	77	24	0.429545139702062	0.870438467020749
HROV-vOTU25148	Sex	M	0.584556880073613	0.736395563626418	77	44	0.429952157249814	0.870438467020749
HROV-vOTU19348	diagnosis	RA	-0.442958920225742	0.556829760662978	77	31	0.428973355842215	0.870438467020749
HROV-vOTU40737	Smoking_Status	Never_Smoker	-0.601797659034268	0.757915049443898	77	15	0.42983124940396	0.870438467020749
HROV-vOTU71281	Smoking_Status	Never_Smoker	0.5395949072427	0.678566487624611	77	22	0.429148544943927	0.870438467020749
HROV-vOTU05602	Smoking_Status	Never_Smoker	0.857695853108726	1.08315257170407	77	47	0.431084996721183	0.870438467020749
HROV-vOTU10480	Sex	M	0.526385744582647	0.665475488878791	77	66	0.431583084457171	0.870438467020749
HROV-vOTU63664	Smoking_Status	Never_Smoker	0.82618566352409	1.04332373901207	77	34	0.431069267453101	0.870438467020749
HROV-vOTU22698	Smoking_Status	Never_Smoker	1.04696518452694	1.32214732333518	77	24	0.431075790966182	0.870438467020749
HROV-vOTU66515	Sex	M	0.34895995613475	0.439730238045879	77	10	0.430085739451993	0.870438467020749
HROV-vOTU41638	Smoking_Status	Former_Smoker	-0.71219140238666	0.898497681484557	77	14	0.430624254026088	0.870438467020749
HROV-vOTU48217	Smoking_Status	Former_Smoker	0.492053219194147	0.621198493506506	77	10	0.430939205103531	0.870438467020749
HROV-vOTU75719	diagnosis	RA	0.458880112486064	0.580149237546312	77	31	0.431596330850482	0.870438467020749
HROV-vOTU08830	Smoking_Status	Never_Smoker	0.449642977866924	0.566283729229915	77	10	0.429827264505195	0.870438467020749
HROV-vOTU20031	Smoking_Status	Former_Smoker	1.09967240344299	1.3918737467719	77	50	0.432119973662537	0.870438467020749
HROV-vOTU61390	Smoking_Status	Never_Smoker	-0.546109659263511	0.689415770042518	77	9	0.430921286334056	0.870438467020749
HROV-vOTU07603	diagnosis	RA	0.621879013660451	0.785052822512691	77	45	0.430912436206788	0.870438467020749
HROV-vOTU12693	diagnosis	RA	-0.60284552818542	0.759002513976782	77	53	0.429690749541734	0.870438467020749
HROV-vOTU11379	diagnosis	RA	0.381523240096575	0.482325847721216	77	14	0.431574208408996	0.870438467020749
HROV-vOTU26589	Smoking_Status	Never_Smoker	-1.14249449584035	1.44411309990513	77	30	0.431497707589325	0.870438467020749
HROV-vOTU27588	Smoking_Status	Former_Smoker	0.63685322108285	0.803523629097957	77	20	0.430665538072187	0.870438467020749
HROV-vOTU12294	Smoking_Status	Never_Smoker	-0.598049174246196	0.753192665540508	77	20	0.429830351218999	0.870438467020749
HROV-vOTU67489	Age	Age	0.138434022059005	0.174170338232621	77	13	0.429367306763212	0.870438467020749
HROV-vOTU30481	Smoking_Status	Former_Smoker	1.09897072696966	1.38949024665043	77	26	0.43162683384777	0.870438467020749
HROV-vOTU68419	Smoking_Status	Never_Smoker	0.418868983343288	0.527127854653392	77	20	0.429479855655584	0.870438467020749
HROV-vOTU70587	diagnosis	RA	-0.175927975908064	0.222495771564449	77	9	0.431750868749113	0.870438467020749
HROV-vOTU35245	Sex	M	-0.518797818123444	0.653963032945021	77	22	0.430238303752853	0.870438467020749
HROV-vOTU09774	Sex	M	0.367712794943914	0.463534256656609	77	12	0.430257367710332	0.870438467020749
HROV-vOTU60207	diagnosis	RA	-0.553757515252871	0.69886302721598	77	58	0.4307850746985	0.870438467020749
HROV-vOTU04553	Age	Age	-0.255274156414076	0.322328358697689	77	23	0.431016694612252	0.870438467020749
HROV-vOTU24034	Age	Age	-0.273707248085828	0.346226233531352	77	64	0.431842524062332	0.870438467020749
HROV-vOTU23521	Age	Age	-0.20119413210073	0.2532328454731	77	23	0.429550678314749	0.870438467020749
HROV-vOTU46573	Sex	M	0.430613437182805	0.542173152406302	77	17	0.429704771875223	0.870438467020749
HROV-vOTU31042	Sex	M	0.65358421519739	0.827249838037227	77	33	0.432118516060397	0.870438467020749
HROV-vOTU42481	Sex	M	0.38596271328826	0.48766363031102	77	21	0.431315986602039	0.870438467020749
HROV-vOTU46374	diagnosis	RA	0.348499939755439	0.439686949863263	77	21	0.430646058445896	0.870438467020749
HROV-vOTU62918	Smoking_Status	Never_Smoker	0.395838070216769	0.499603450229086	77	19	0.430822515834267	0.870438467020749
HROV-vOTU41249	Sex	M	0.47103152699419	0.594299128028393	77	23	0.430661114804007	0.870438467020749
HROV-vOTU01539	Smoking_Status	Never_Smoker	-0.463140526848913	0.584000354461383	77	20	0.430391849085659	0.870438467020749
HROV-vOTU38487	diagnosis	RA	0.564816094733816	0.711997245944336	77	29	0.430255419094364	0.870438467020749
HROV-vOTU48854	diagnosis	RA	0.362840931397415	0.459220771869004	77	13	0.432086973798453	0.870438467020749
HROV-vOTU32342	Smoking_Status	Never_Smoker	0.732644135000866	0.926951920340585	77	35	0.431938015834721	0.870438467020749
HROV-vOTU67101	Age	Age	-0.0949578763376142	0.120061358065845	77	12	0.431629874632175	0.870438467020749
HROV-vOTU02103	Smoking_Status	Never_Smoker	0.978993168505786	1.23208738753863	77	33	0.429505332357896	0.870438467020749
HROV-vOTU44701	Age	Age	0.196873593783206	0.249067849329796	77	11	0.431902199072613	0.870438467020749
HROV-vOTU49692	Smoking_Status	Never_Smoker	-0.884155982886636	1.11731433598796	77	27	0.431391460628441	0.870438467020749
HROV-vOTU12428	Smoking_Status	Never_Smoker	0.504610863610181	0.636488524640829	77	10	0.430533105792449	0.870438467020749
HROV-vOTU17998	Smoking_Status	Former_Smoker	-0.241879386714329	0.305189442718118	77	8	0.430677525762789	0.870438467020749
HROV-vOTU16007	Age	Age	-0.0839987849303893	0.105727241472534	77	8	0.42956037940861	0.870438467020749
HROV-vOTU59845	Sex	M	-0.533611467360998	0.673701171833707	77	14	0.43096438273111	0.870438467020749
HROV-vOTU11788	Smoking_Status	Never_Smoker	0.497165024552457	0.627610868235634	77	9	0.43090917038102	0.870438467020749
HROV-vOTU16452	Smoking_Status	Former_Smoker	-0.552151070274265	0.695251011374138	77	10	0.429739965653068	0.870438467020749
HROV-vOTU18264	Sex	M	-0.651488963972124	0.824524782508506	77	10	0.43207789583762	0.870438467020749
HROV-vOTU50000	diagnosis	RA	0.437130165434218	0.551726308794529	77	12	0.430827849387197	0.870438467020749
HROV-vOTU68219	Smoking_Status	Former_Smoker	0.343008853791112	0.431302063892952	77	10	0.429097381384153	0.870438467020749
HROV-vOTU08586	diagnosis	RA	0.40096060765727	0.505053844271659	77	9	0.42990096899555	0.870438467020749
HROV-vOTU13745	diagnosis	RA	-0.646863600856858	0.819236587734092	77	61	0.432394475014923	0.870610662667747
HROV-vOTU25189	Age	Age	-0.212153163421644	0.268611488496933	77	56	0.432266202403434	0.870610662667747
HROV-vOTU19646	Smoking_Status	Former_Smoker	-0.58941193091028	0.746458552018313	77	12	0.432384080491756	0.870610662667747
HROV-vOTU33099	Sex	M	0.714263012544004	0.904456097282824	77	48	0.43232346097581	0.870610662667747
HROV-vOTU59845	Smoking_Status	Former_Smoker	-0.972036745261452	1.23084806497597	77	14	0.432315477756576	0.870610662667747
HROV-vOTU67958	Smoking_Status	Former_Smoker	0.952129493762082	1.20605794180088	77	28	0.432474171100718	0.870618895144189
HROV-vOTU38189	Sex	M	0.215525088160511	0.272985104020137	77	9	0.432441422816595	0.870618895144189
HROV-vOTU42137	Sex	M	0.710566089438623	0.901378265966085	77	54	0.43313920677161	0.870642445595472
HROV-vOTU49540	Age	Age	0.118785096342919	0.150704550741642	77	9	0.433204385929629	0.870642445595472
HROV-vOTU42956	Smoking_Status	Former_Smoker	-1.46588799199386	1.86064381436186	77	44	0.43341320831732	0.870642445595472
HROV-vOTU35570	diagnosis	RA	-0.683526012150289	0.866732781649609	77	60	0.432957355171588	0.870642445595472
HROV-vOTU60687	diagnosis	RA	-0.451756880910292	0.572700385831808	77	66	0.432843991175883	0.870642445595472
HROV-vOTU20726	Smoking_Status	Former_Smoker	1.75280376145716	2.22376969626225	77	42	0.433196053950411	0.870642445595472
HROV-vOTU49304	Sex	M	0.308101207853733	0.390506636284883	77	8	0.43275149870234	0.870642445595472
HROV-vOTU51628	Sex	M	0.732409255809713	0.929451412145061	77	39	0.433318748194716	0.870642445595472
HROV-vOTU20060	Sex	M	-0.605634337582616	0.768534020419478	77	29	0.43329738462561	0.870642445595472
HROV-vOTU09307	Age	Age	0.142115734181542	0.18010066795536	77	9	0.432686243321679	0.870642445595472
HROV-vOTU63699	Sex	M	-0.42207915033067	0.535608309108667	77	19	0.433298227633106	0.870642445595472
HROV-vOTU45112	diagnosis	RA	0.504669833758892	0.639702762240012	77	52	0.432789329494264	0.870642445595472
HROV-vOTU09621	Smoking_Status	Never_Smoker	0.70526685801739	0.894726485157214	77	27	0.433175286178123	0.870642445595472
HROV-vOTU36670	Smoking_Status	Former_Smoker	1.44963719683158	1.83925084558971	77	28	0.433222552742431	0.870642445595472
HROV-vOTU75084	Smoking_Status	Former_Smoker	1.37045212154339	1.73795960893296	77	48	0.433005487133505	0.870642445595472
HROV-vOTU24598	diagnosis	RA	-0.514642341419922	0.652153104099528	77	38	0.432655534004037	0.870642445595472
HROV-vOTU61489	Smoking_Status	Former_Smoker	-1.45649223773428	1.84700678786118	77	31	0.432989145262894	0.870642445595472
HROV-vOTU48193	Age	Age	-0.290677409904236	0.368943811458294	77	41	0.433398966366467	0.870642445595472
HROV-vOTU70292	Age	Age	-0.191924246829266	0.243391173799027	77	17	0.433004610380842	0.870642445595472
HROV-vOTU23074	Age	Age	0.146142981971675	0.18544439586607	77	12	0.433279608974197	0.870642445595472
HROV-vOTU03761	Smoking_Status	Never_Smoker	-0.622743718481777	0.790475974602623	77	20	0.433430987353543	0.870642445595472
HROV-vOTU16981	diagnosis	RA	0.240709482929998	0.305298966568436	77	8	0.433064888601647	0.870642445595472
HROV-vOTU46641	Sex	M	-0.545701937210081	0.691507084809447	77	12	0.432652460830622	0.870642445595472
HROV-vOTU20454	Smoking_Status	Former_Smoker	-0.422429459691427	0.535221078907467	77	11	0.432586915524545	0.870642445595472
HROV-vOTU28139	Sex	M	0.310818285722246	0.394328296979004	77	9	0.433190645435549	0.870642445595472
HROV-vOTU53131	Smoking_Status	Never_Smoker	-0.963820338820841	1.22373004636536	77	52	0.433547186406716	0.870648038275781
HROV-vOTU51707	Sex	M	-0.498201278497185	0.632504673202541	77	8	0.43351488907192	0.870648038275781
HROV-vOTU15581	Sex	M	0.223230333548	0.283408859550324	77	8	0.433516273697253	0.870648038275781
HROV-vOTU52417	Sex	M	0.302386790479326	0.384087146201954	77	74	0.43373421274766	0.870663975474644
HROV-vOTU59373	Smoking_Status	Never_Smoker	-0.942381224346144	1.19682892969384	77	47	0.433669381951549	0.870663975474644
HROV-vOTU06205	Age	Age	0.237223002936458	0.301423190759064	77	30	0.433895373274967	0.870663975474644
HROV-vOTU42036	Sex	M	0.457532151923337	0.581288329646257	77	20	0.43384280468201	0.870663975474644
HROV-vOTU33099	Age	Age	-0.275995751489453	0.350605428497296	77	48	0.433786156909016	0.870663975474644
HROV-vOTU69031	Age	Age	-0.0887435166772243	0.112686590614457	77	8	0.433595751019901	0.870663975474644
HROV-vOTU53025	Age	Age	-0.151020821857421	0.191863338923107	77	12	0.433827188306234	0.870663975474644
HROV-vOTU34727	Sex	M	0.391206403051994	0.49706570205981	77	11	0.433882704528312	0.870663975474644
HROV-vOTU17850	Sex	M	0.800580245679011	1.01674246166735	77	15	0.433670054341084	0.870663975474644
HROV-vOTU72586	Age	Age	-0.193653884947297	0.246151402526463	77	11	0.434060023006132	0.870918481428056
HROV-vOTU49506	Sex	M	-0.409272850706498	0.520311667402401	77	31	0.434138555411522	0.870924297136529
HROV-vOTU46797	Smoking_Status	Never_Smoker	0.472696098367233	0.600929150663027	77	26	0.434128678063705	0.870924297136529
HROV-vOTU71080	Sex	M	0.586059078789728	0.745248351182093	77	32	0.434253401376805	0.871018459432308
HROV-vOTU65171	Smoking_Status	Former_Smoker	1.31908595652914	1.67755188256858	77	54	0.434298956563665	0.871018459432308
HROV-vOTU20449	Smoking_Status	Former_Smoker	0.715270788765101	0.909599839549739	77	9	0.434274747480199	0.871018459432308
HROV-vOTU25063	Smoking_Status	Never_Smoker	0.511359188904762	0.650652431467018	77	19	0.43453085423602	0.871379191238552
HROV-vOTU61322	Age	Age	-0.184592238738674	0.234886941325764	77	15	0.43455449463199203	0.871379191238552
HROV-vOTU07138	Sex	M	0.440167361272816	0.560219951111843	77	8	0.434654873487361	0.871428722591966
HROV-vOTU19515	Smoking_Status	Former_Smoker	0.898490453841798	1.14353055035436	77	63	0.434648100263619	0.871428722591966
HROV-vOTU55792	Age	Age	0.225828614611566	0.287486589143611	77	71	0.43475796678591	0.871470897561095
HROV-vOTU02293	Smoking_Status	Former_Smoker	-0.89607670662415	1.14070551174646	77	76	0.434747152816409	0.871470897561095
HROV-vOTU16189	Sex	M	0.758855625979994	0.966112397513368	77	62	0.434789431740208	0.871470897561095
HROV-vOTU23606	Age	Age	0.260555768326951	0.332065158941857	77	71	0.435267589127631	0.871573911640694
HROV-vOTU60443	Smoking_Status	Former_Smoker	-1.22667284006633	1.56477895535027	77	62	0.435690316408322	0.871573911640694
HROV-vOTU49565	Sex	M	-0.955434751122319	1.21833466606452	77	56	0.435523319527604	0.871573911640694
HROV-vOTU73012	Smoking_Status	Former_Smoker	-1.34473551655356	1.71309127649794	77	53	0.435079147816446	0.871573911640694
HROV-vOTU05922	Smoking_Status	Former_Smoker	0.927002668194259	1.18122797784629	77	69	0.435194025151928	0.871573911640694
HROV-vOTU59893	diagnosis	RA	-0.618657300439191	0.788127000852081	77	56	0.435081712831292	0.871573911640694
HROV-vOTU04933	Sex	M	0.521271852030024	0.664615750063638	77	66	0.435460996043499	0.871573911640694
HROV-vOTU39637	Smoking_Status	Former_Smoker	0.843165789508715	1.07570477217937	77	22	0.435749110665695	0.871573911640694
HROV-vOTU29849	Smoking_Status	Former_Smoker	-0.801805625802983	1.02212206912875	77	25	0.435384485520209	0.871573911640694
HROV-vOTU69242	diagnosis	RA	0.167049978133704	0.213120709319107	77	9	0.435748175939579	0.871573911640694
HROV-vOTU60071	Smoking_Status	Never_Smoker	1.21557743859358	1.54929756543962	77	42	0.435298737640529	0.871573911640694
HROV-vOTU46619	Smoking_Status	Former_Smoker	-0.749445405679247	0.955835986157437	77	27	0.435605208521437	0.871573911640694
HROV-vOTU02735	Age	Age	0.177239030046158	0.225941920856368	77	43	0.435388470318857	0.871573911640694
HROV-vOTU13478	diagnosis	RA	-0.520051440411021	0.662632165363112	77	58	0.43516609367475	0.871573911640694
HROV-vOTU67284	Sex	M	-0.358374081799139	0.456691224921715	77	19	0.435229117102289	0.871573911640694
HROV-vOTU20618	Smoking_Status	Never_Smoker	0.483727978540471	0.616798230194586	77	24	0.435498420651316	0.871573911640694
HROV-vOTU22913	Age	Age	0.0948728728033927	0.120918168414881	77	13	0.435295896579739	0.871573911640694
HROV-vOTU17653	Age	Age	0.170567484988359	0.217558314236229	77	11	0.435643161995179	0.871573911640694
HROV-vOTU73260	Smoking_Status	Former_Smoker	1.05349977936023	1.34226410335578	77	31	0.435142212567365	0.871573911640694
HROV-vOTU08922	Sex	M	-0.291059405814418	0.371207050203543	77	12	0.435595949284004	0.871573911640694
HROV-vOTU15594	Smoking_Status	Never_Smoker	0.581666463256448	0.741876592631338	77	21	0.435620224724167	0.871573911640694
HROV-vOTU58307	Smoking_Status	Never_Smoker	0.459628424210402	0.585584038889181	77	12	0.435119919277881	0.871573911640694
HROV-vOTU34090	Age	Age	0.180501953999053	0.229898194123934	77	8	0.434984409868048	0.871573911640694
HROV-vOTU66601	Sex	M	-0.503610503984388	0.64191337664182	77	16	0.435329726988576	0.871573911640694
HROV-vOTU33986	Smoking_Status	Former_Smoker	-0.496679135577246	0.633857097680322	77	9	0.435891502028976	0.871748987931735
HROV-vOTU26524	diagnosis	RA	-0.18862429388427	0.240731476460325	77	10	0.435912346722617	0.871748987931735
HROV-vOTU50116	Smoking_Status	Never_Smoker	0.508439660224784	0.649051453511749	77	70	0.436022243683819	0.871882772909565
HROV-vOTU57371	Sex	M	0.665540767041867	0.849801405224683	77	32	0.436130679284333	0.871882772909565
HROV-vOTU19405	Smoking_Status	Never_Smoker	0.550242776076368	0.702544126111592	77	19	0.436105932186462	0.871882772909565
HROV-vOTU60600	Smoking_Status	Former_Smoker	1.07702141751537	1.37517097711645	77	47	0.436119713945255	0.871882772909565
HROV-vOTU63649	Smoking_Status	Former_Smoker	-0.782805416719141	0.999910805719398	77	73	0.436303879692752	0.871884815133281
HROV-vOTU20282	diagnosis	RA	-0.641360254863989	0.819143454577318	77	52	0.436251795888174	0.871884815133281
HROV-vOTU10328	Age	Age	-0.213537676764389	0.272858413144091	77	11	0.436467315089776	0.871884815133281
HROV-vOTU60571	diagnosis	RA	0.494024659148926	0.631227301212463	77	40	0.436440299065789	0.871884815133281
HROV-vOTU41376	Smoking_Status	Never_Smoker	0.618079363000042	0.789702602585185	77	27	0.436421556832059	0.871884815133281
HROV-vOTU74567	Age	Age	0.220978724377984	0.282261026299694	77	43	0.436296532297264	0.871884815133281
HROV-vOTU49493	Sex	M	-0.401042411527347	0.512457674232664	77	13	0.436472428730855	0.871884815133281
HROV-vOTU66829	Smoking_Status	Never_Smoker	0.587623812043211	0.75071315660939	77	8	0.436374560438157	0.871884815133281
HROV-vOTU05001	Smoking_Status	Never_Smoker	0.321652903321114	0.410940324352365	77	9	0.436392064095002	0.871884815133281
HROV-vOTU52091	Age	Age	0.28942490184753	0.36992379521059	77	68	0.436586712307345	0.871904299459426
HROV-vOTU62538	Smoking_Status	Never_Smoker	1.28471586471889	1.64218042497751	77	44	0.436626050817476	0.871904299459426
HROV-vOTU62884	Smoking_Status	Never_Smoker	0.448841368103415	0.573780295063899	77	8	0.436667026033324	0.871904299459426
HROV-vOTU51876	diagnosis	RA	-0.21874929036283	0.279665984924808	77	11	0.43670933974227	0.871904299459426
HROV-vOTU64253	Smoking_Status	Former_Smoker	-0.767627428816568	0.981272497461935	77	15	0.436652715558321	0.871904299459426
HROV-vOTU67070	Smoking_Status	Former_Smoker	0.728472639078355	0.931328791108743	77	19	0.436705964294019	0.871904299459426
HROV-vOTU33821	diagnosis	RA	-0.483325278891162	0.618109575004816	77	46	0.436849138645663	0.87191515075052
HROV-vOTU18560	Smoking_Status	Never_Smoker	0.556871975082935	0.712192778761568	77	17	0.436866214698665	0.87191515075052
HROV-vOTU05795	Smoking_Status	Former_Smoker	0.774785267970894	0.990882829995764	77	65	0.436864895491632	0.87191515075052
HROV-vOTU70896	Smoking_Status	Former_Smoker	-1.12876766667252	1.44356000812942	77	41	0.436853680749714	0.87191515075052
HROV-vOTU02505	Smoking_Status	Former_Smoker	0.958554752936795	1.22644761119315	77	73	0.437065813090897	0.872237926818316
HROV-vOTU32551	Sex	M	0.524688677279656	0.671382471776952	77	54	0.43710389460414	0.872238340935216
HROV-vOTU10459	Sex	M	0.406005662384612	0.519604616902273	77	54	0.437180206416469	0.872255373333388
HROV-vOTU10108	Age	Age	-0.175233912866124	0.224279280445476	77	13	0.437211825913482	0.872255373333388
HROV-vOTU43933	Sex	M	-0.441148044095032	0.564636425302923	77	13	0.437226054266636	0.872255373333388
HROV-vOTU35445	Smoking_Status	Never_Smoker	1.13637434774403	1.45472048050681	77	48	0.43730340259476	0.872258562424851
HROV-vOTU73170	Smoking_Status	Former_Smoker	0.72173848955582	0.923923580305711	77	13	0.437301356697285	0.872258562424851
HROV-vOTU58430	Smoking_Status	Former_Smoker	-0.554878450451463	0.710440224505455	77	17	0.437378596160788	0.872290122625821
HROV-vOTU23315	Age	Age	0.279464438145954	0.357825943304031	77	38	0.437394977684888	0.872290122625821
HROV-vOTU71149	Sex	M	0.687308290336923	0.880312463578005	77	49	0.437542080820398	0.87239644156645
HROV-vOTU11247	Smoking_Status	Former_Smoker	-0.622813045103781	0.797740906227981	77	16	0.43756193211177	0.87239644156645
HROV-vOTU57244	diagnosis	RA	-0.359649532329945	0.460616367122672	77	13	0.4375153899741	0.87239644156645
HROV-vOTU22940	Sex	M	0.691326128537404	0.885679288732376	77	36	0.437655813795736	0.872508084462932
HROV-vOTU12014	Age	Age	0.129454629382369	0.165888756298196	77	11	0.437767012794617	0.872578700420636
HROV-vOTU13478	Sex	M	-0.682509795268829	0.874562523366123	77	58	0.437748743227664	0.872578700420636
HROV-vOTU01432	Sex	M	0.744635951560246	0.954338386600102	77	50	0.437829019429246	0.872626769143708
HROV-vOTU35570	Smoking_Status	Former_Smoker	-1.63037484123771	2.08997319866097	77	60	0.437928660354149	0.872684032840955
HROV-vOTU59140	Smoking_Status	Former_Smoker	0.624520240330747	0.800579404355204	77	21	0.437933537453014	0.872684032840955
HROV-vOTU36922	Sex	M	0.60784563984183	0.779282146968366	77	69	0.437979254367415	0.872699621740921
HROV-vOTU39150	Sex	M	-0.459238985817354	0.589223220693552	77	75	0.438335975370794	0.87273537316611
HROV-vOTU49348	Sex	M	0.552485993171775	0.708890858360278	77	66	0.438353824478926	0.87273537316611
HROV-vOTU66406	Sex	M	0.614786371454482	0.788709818379737	77	38	0.438285481244256	0.87273537316611
HROV-vOTU04431	Age	Age	-0.182424082967894	0.233991567513549	77	18	0.438206745638522	0.87273537316611
HROV-vOTU21077	Age	Age	-0.262766138146924	0.33719780289704	77	44	0.438413917719147	0.87273537316611
HROV-vOTU16562	Smoking_Status	Former_Smoker	0.809230016321914	1.03812570878488	77	13	0.438269674996682	0.87273537316611
HROV-vOTU51564	diagnosis	RA	0.354185110289395	0.454501034253207	77	33	0.438402618517449	0.87273537316611
HROV-vOTU34795	diagnosis	RA	-0.682626366528787	0.87554085876549	77	19	0.43818083286562	0.87273537316611
HROV-vOTU66895	Age	Age	0.15196059412185	0.194968597499103	77	15	0.438328184702477	0.87273537316611
HROV-vOTU43683	diagnosis	RA	-0.408795883505775	0.524263850128618	77	15	0.438128366424618	0.87273537316611
HROV-vOTU53606	Smoking_Status	Never_Smoker	0.445386498469956	0.571547737426543	77	14	0.438414048291738	0.87273537316611
HROV-vOTU35718	Smoking_Status	Former_Smoker	-1.0839207797373	1.39156721130082	77	29	0.438614759121843	0.872780946538509
HROV-vOTU70245	Smoking_Status	Former_Smoker	1.29164525302858	1.65800314519026	77	41	0.438546998977862	0.872780946538509
HROV-vOTU48486	Smoking_Status	Never_Smoker	0.824873635258065	1.05895672215691	77	71	0.438598113934977	0.872780946538509
HROV-vOTU47637	Age	Age	-0.112356100855394	0.144205130037194	77	16	0.438486059548748	0.872780946538509
HROV-vOTU69101	diagnosis	RA	0.186774403044717	0.239792237184311	77	8	0.438626429667247	0.872780946538509
HROV-vOTU23447	diagnosis	RA	0.433159808029943	0.556231053600732	77	24	0.438720184407734	0.87283944586118
HROV-vOTU08918	Age	Age	-0.190629695280925	0.244800000765463	77	15	0.438734651141942	0.87283944586118
HROV-vOTU19048	diagnosis	RA	-0.441963260232695	0.567597219287552	77	70	0.438769529515192	0.87283944586118
HROV-vOTU34617	diagnosis	RA	-0.237637417142352	0.305229363054209	77	14	0.43882977172874	0.872843008041439
HROV-vOTU07479	Smoking_Status	Never_Smoker	0.348756132741987	0.447970968991808	77	11	0.43884712071697	0.872843008041439
HROV-vOTU64696	Smoking_Status	Never_Smoker	0.558611613643031	0.717669358428545	77	12	0.438937825180055	0.872872646049276
HROV-vOTU63385	Sex	M	0.370416206510368	0.475853686254126	77	8	0.438905307015983	0.872872646049276
HROV-vOTU44485	Smoking_Status	Former_Smoker	0.98791491478986	1.26934652272997	77	71	0.438986321706597	0.872893713426259
HROV-vOTU11783	Smoking_Status	Former_Smoker	1.04422569563072	1.34230789733299	77	50	0.4391931574123	0.87297533282014
HROV-vOTU01864	Sex	M	0.240367046383634	0.308975938853642	77	10	0.43918472596552	0.87297533282014
HROV-vOTU23941	diagnosis	RA	-0.512956643572165	0.659218229028655	77	41	0.43907855490073	0.87297533282014
HROV-vOTU14490	diagnosis	RA	-0.517992967712559	0.665892711065213	77	36	0.43921689888784	0.87297533282014
HROV-vOTU42580	Smoking_Status	Never_Smoker	0.440447536337922	0.566101176053365	77	8	0.439132408250101	0.87297533282014
HROV-vOTU51612	Sex	M	0.479757341993563	0.617470721340707	77	39	0.439756424707544	0.872981185248968
HROV-vOTU12710	Smoking_Status	Never_Smoker	0.636921941624646	0.819782313103712	77	28	0.439774875750752	0.872981185248968
HROV-vOTU65765	Smoking_Status	Former_Smoker	-1.04199020131564	1.34092994580708	77	21	0.43970159106861	0.872981185248968
HROV-vOTU23118	Smoking_Status	Never_Smoker	0.390221850465514	0.501935599194748	77	10	0.439485482663977	0.872981185248968
HROV-vOTU29160	Smoking_Status	Former_Smoker	-0.704659693693077	0.90675938946003	77	14	0.439670312220168	0.872981185248968
HROV-vOTU61537	diagnosis	RA	0.320267511228172	0.4122371025133	77	61	0.439797798299233	0.872981185248968
HROV-vOTU57856	Smoking_Status	Never_Smoker	0.546540468254543	0.703531807301163	77	35	0.439826343571158	0.872981185248968
HROV-vOTU34455	Age	Age	0.183202316406045	0.235595483854812	77	25	0.439380147324697	0.872981185248968
HROV-vOTU75544	Smoking_Status	Former_Smoker	1.32821299303294	1.70954236016828	77	26	0.439774674809707	0.872981185248968
HROV-vOTU65910	Age	Age	-0.346790771599212	0.446057441356802	77	53	0.439471680664972	0.872981185248968
HROV-vOTU70688	Age	Age	0.142493502852526	0.183338969975885	77	9	0.439614823013995	0.872981185248968
HROV-vOTU05377	Smoking_Status	Never_Smoker	-0.402527374076977	0.517829589881049	77	13	0.439543204262053	0.872981185248968
HROV-vOTU24435	Sex	M	0.451164635855271	0.580619913745094	77	17	0.439716716047427	0.872981185248968
HROV-vOTU74890	Smoking_Status	Former_Smoker	0.55010780896507006	0.707264506553928	77	10	0.439273194448319	0.872981185248968
HROV-vOTU58500	diagnosis	RA	0.139973731041503	0.180113413583464	77	8	0.439656559847405	0.872981185248968
HROV-vOTU02437	Age	Age	0.0974532159914789	0.125360137204955	77	9	0.439513666578136	0.872981185248968
HROV-vOTU41648	Age	Age	0.268439168995616	0.34562639653619	77	21	0.43993079041999	0.87311324572323
HROV-vOTU16795	Age	Age	0.145353764571833	0.18722964381861	77	14	0.4401271787459	0.873366672430352
HROV-vOTU20955	Sex	M	0.343500030531341	0.442468061168284	77	10	0.440134329145752	0.873366672430352
HROV-vOTU41534	Smoking_Status	Never_Smoker	0.590211895392037	0.760490421507098	77	37	0.440271283891544	0.873563166022423
HROV-vOTU70050	diagnosis	RA	-0.182644332361576	0.235382775203847	77	76	0.440357959100013	0.873615581418652
HROV-vOTU05584	Age	Age	-0.23946646711875	0.308622850397692	77	36	0.440373568592668	0.873615581418652
HROV-vOTU10841	Age	Age	0.2187231967097	0.281939638316182	77	67	0.440455241038304	0.873671894702169
HROV-vOTU15781	Smoking_Status	Never_Smoker	-0.660578215650162	0.851543997042318	77	19	0.44047782758953	0.873671894702169
HROV-vOTU21289	Sex	M	0.556242932262806	0.717691197153012	77	73	0.440886782388384	0.873819473657912
HROV-vOTU35802	Smoking_Status	Never_Smoker	0.730167371741332	0.942592821890609	77	53	0.441126251765604	0.873819473657912
HROV-vOTU04832	diagnosis	RA	-0.376231330594934	0.485268718208628	77	73	0.440734044154632	0.873819473657912
HROV-vOTU23301	Sex	M	-0.530257027860788	0.683850030335129	77	73	0.440678611970055	0.873819473657912
HROV-vOTU21564	Age	Age	-0.136594686885605	0.17632836306522	77	73	0.441112281355238	0.873819473657912
HROV-vOTU71934	Smoking_Status	Never_Smoker	-0.859689350349846	1.10914547788314	77	11	0.440859387454009	0.873819473657912
HROV-vOTU03230	Smoking_Status	Former_Smoker	-0.986982956299698	1.27389806043549	77	17	0.441045925828067	0.873819473657912
HROV-vOTU67096	Sex	M	0.676720309980507	0.873340429079225	77	24	0.440992846507407	0.873819473657912
HROV-vOTU46097	Smoking_Status	Never_Smoker	0.720024338841977	0.929053100039872	77	73	0.440907993891027	0.873819473657912
HROV-vOTU15928	Smoking_Status	Never_Smoker	0.478851454413983	0.618015597871904	77	20	0.441018272500043	0.873819473657912
HROV-vOTU30012	Sex	M	-0.429598203749012	0.554620257120381	77	38	0.44115931481635	0.873819473657912
HROV-vOTU15898	Age	Age	-0.284681490190712	0.367457809176258	77	56	0.441070257593292	0.873819473657912
HROV-vOTU63797	diagnosis	RA	0.30636279400686	0.395508192970622	77	21	0.441144851341956	0.873819473657912
HROV-vOTU38723	diagnosis	RA	-0.279260821632992	0.360115793850394	77	10	0.440634306897543	0.873819473657912
HROV-vOTU58176	Age	Age	0.194209294741664	0.25066469822764	77	10	0.441043978462513	0.873819473657912
HROV-vOTU16938	Smoking_Status	Never_Smoker	0.532966202910386	0.688007271065858	77	14	0.441117507547576	0.873819473657912
HROV-vOTU17583	diagnosis	RA	0.342448685500682	0.442209023683752	77	48	0.441262824743206	0.873852209461512
HROV-vOTU10071	diagnosis	RA	-0.489175170412285	0.631701234169021	77	41	0.441278768833725	0.873852209461512
HROV-vOTU04091	Sex	M	-0.264827304168513	0.341995579477175	77	8	0.441289674165757	0.873852209461512
HROV-vOTU21960	diagnosis	RA	-0.509923566851264	0.659058881664483	77	71	0.441668114668655	0.873868334454989
HROV-vOTU37802	Smoking_Status	Former_Smoker	1.57518198240103	2.0357256350376	77	41	0.441636052561823	0.873868334454989
HROV-vOTU11195	Smoking_Status	Former_Smoker	1.82020562287271	2.35295817525965	77	55	0.441746240349975	0.873868334454989
HROV-vOTU67877	Age	Age	0.165113739806789	0.213437312048491	77	12	0.441739302306175	0.873868334454989
HROV-vOTU11450	Smoking_Status	Former_Smoker	0.817373726177695	1.05595922135554	77	29	0.441466386623267	0.873868334454989
HROV-vOTU54931	Age	Age	0.0660071314245125	0.0853111278719636	77	8	0.441663603458829	0.873868334454989
HROV-vOTU56041	diagnosis	RA	-0.259248379945872	0.335062086306784	77	18	0.441657753841583	0.873868334454989
HROV-vOTU29721	Smoking_Status	Never_Smoker	0.652116461599898	0.842831233011928	77	11	0.441664266494482	0.873868334454989
HROV-vOTU51003	Smoking_Status	Never_Smoker	0.659353507799459	0.851986573925028	77	13	0.441558487567805	0.873868334454989
HROV-vOTU56306	diagnosis	RA	-0.195486338800831	0.252706709742766	77	9	0.44175315456904	0.873868334454989
HROV-vOTU13086	Sex	M	-0.46356936096397	0.599207188897193	77	20	0.441713299137561	0.873868334454989
HROV-vOTU65200	Sex	M	0.622834015631952	0.804592986945311	77	24	0.441442768734008	0.873868334454989
HROV-vOTU70227	Smoking_Status	Former_Smoker	0.977593609767856	1.26392255713185	77	18	0.441817799175108	0.873921147041376
HROV-vOTU35442	Sex	M	0.606309528176018	0.78404236015985	77	56	0.441904708124353	0.873980941811754
HROV-vOTU74668	diagnosis	RA	-0.517166424836107	0.66879623241558706	77	21	0.441923928241332	0.873980941811754
HROV-vOTU63233	Sex	M	0.426206942708249	0.552283884975544	77	11	0.442842969383382	0.874087181389998
HROV-vOTU01482	diagnosis	RA	-0.368769520807077	0.478323410501854	77	73	0.443287144309486	0.874087181389998
HROV-vOTU73912	Smoking_Status	Former_Smoker	0.91512695209015	1.18611578205847	77	73	0.442951619195083	0.874087181389998
HROV-vOTU01835	diagnosis	RA	-0.266376382245288	0.344625208714654	77	68	0.442120521070037	0.874087181389998
HROV-vOTU34131	Age	Age	-0.142749807792398	0.185424690885066	77	74	0.443940815713322	0.874087181389998
HROV-vOTU49658	diagnosis	RA	-0.386489173220352	0.50205428781692	77	74	0.443963088703271	0.874087181389998
HROV-vOTU66742	Smoking_Status	Former_Smoker	0.596947136865042	0.773466817757505	77	58	0.442805276814919	0.874087181389998
HROV-vOTU41415	diagnosis	RA	0.740250820155169	0.958754819924493	77	29	0.442619974547295	0.874087181389998
HROV-vOTU58420	Smoking_Status	Never_Smoker	-0.669854541272564	0.867403136301192	77	41	0.442527724484205	0.874087181389998
HROV-vOTU51944	Smoking_Status	Former_Smoker	-1.3389957319779	1.73947713098478	77	57	0.443990445525964	0.874087181389998
HROV-vOTU71745	Smoking_Status	Never_Smoker	1.04530779952871	1.35895641533177	77	65	0.444326629320077	0.874087181389998
HROV-vOTU01828	Age	Age	-0.247874123098993	0.321924098021933	77	47	0.443867948905236	0.874087181389998
HROV-vOTU08745	diagnosis	RA	-0.392242485296419	0.508263853152202	77	74	0.442835377445522	0.874087181389998
HROV-vOTU11091	Sex	M	0.626735793762671	0.810699295411426	77	65	0.442040949374479	0.874087181389998
HROV-vOTU69787	Sex	M	-0.352046360706459	0.458507354087138	77	32	0.445146391021956	0.874087181389998
HROV-vOTU07424	Smoking_Status	Never_Smoker	0.655704299200317	0.852550523395948	77	50	0.44437964462239	0.874087181389998
HROV-vOTU51606	Smoking_Status	Former_Smoker	0.559035335475567	0.724406863285986	77	22	0.442844481129657	0.874087181389998
HROV-vOTU62981	diagnosis	RA	-0.297849517197302	0.387850007867067	77	60	0.445063365138751	0.874087181389998
HROV-vOTU16979	Smoking_Status	Former_Smoker	-0.863531817840263	1.12409478926058	77	47	0.444914803671953	0.874087181389998
HROV-vOTU21336	Sex	M	0.448915247961912	0.584342081426774	77	47	0.444892061395772	0.874087181389998
HROV-vOTU11108	Smoking_Status	Never_Smoker	0.753495353762288	0.980322871184031	77	41	0.444668363852813	0.874087181389998
HROV-vOTU40842	diagnosis	RA	0.373284521409137	0.483716873959213	77	64	0.442852805364609	0.874087181389998
HROV-vOTU04143	Sex	M	0.221813832754038	0.288381829479302	77	8	0.444345356572196	0.874087181389998
HROV-vOTU00904	diagnosis	RA	-0.681689698154836	0.886722557979093	77	50	0.444576960979517	0.874087181389998
HROV-vOTU15261	diagnosis	RA	0.629824537163593	0.819820962122102	77	47	0.444888549709944	0.874087181389998
HROV-vOTU33624	Sex	M	0.676322580833946	0.879910432339567	77	63	0.444664210821178	0.874087181389998
HROV-vOTU34103	Smoking_Status	Former_Smoker	1.00523309965979	1.30460486455127	77	28	0.443543881433917	0.874087181389998
HROV-vOTU25966	Smoking_Status	Never_Smoker	0.434116513050155	0.561741945303078	77	15	0.442203428903958	0.874087181389998
HROV-vOTU68703	Smoking_Status	Former_Smoker	1.1035899236496	1.43527174679338	77	34	0.444499037120907	0.874087181389998
HROV-vOTU24052	Age	Age	-0.28239852943186	0.366493607052106	77	41	0.443535267858517	0.874087181389998
HROV-vOTU26731	Smoking_Status	Never_Smoker	0.774157253253405	1.0033191263403	77	64	0.442914143417296	0.874087181389998
HROV-vOTU71476	Age	Age	-0.269362598880426	0.349946304273844	77	61	0.444016134603198	0.874087181389998
HROV-vOTU59505	Sex	M	-0.462680334334162	0.600358307285228	77	23	0.443457405233056	0.874087181389998
HROV-vOTU59666	Age	Age	-0.196652818739774	0.255563750605173	77	25	0.444157132736826	0.874087181389998
HROV-vOTU37079	diagnosis	RA	0.35893838547081103	0.465973384057487	77	29	0.443678702700286	0.874087181389998
HROV-vOTU58516	Smoking_Status	Former_Smoker	-1.44881908721998	1.87547332174934	77	33	0.442377324846189	0.874087181389998
HROV-vOTU03079	Smoking_Status	Former_Smoker	-1.28732805094395	1.66756714791624	77	10	0.442688424173352	0.874087181389998
HROV-vOTU67751	Smoking_Status	Former_Smoker	0.777879209622037	1.01189788116191	77	18	0.444601497501617	0.874087181389998
HROV-vOTU63137	Sex	M	0.371075766459654	0.481166773548073	77	18	0.443147478382196	0.874087181389998
HROV-vOTU12957	Smoking_Status	Former_Smoker	0.767970644665299	0.993762183259027	77	66	0.442211066644141	0.874087181389998
HROV-vOTU66226	diagnosis	RA	-0.444013926252076	0.577513123538175	77	32	0.444539616576534	0.874087181389998
HROV-vOTU16803	Sex	M	0.48073373805136	0.625076053628383	77	42	0.444396528670055	0.874087181389998
HROV-vOTU45112	Age	Age	0.252746931607134	0.327286220439994	77	52	0.442529133531022	0.874087181389998
HROV-vOTU19658	Smoking_Status	Former_Smoker	-0.82486618965434	1.07220652430487	77	15	0.444257276814134	0.874087181389998
HROV-vOTU06779	diagnosis	RA	-0.374370735583908	0.485783690752822	77	12	0.443469482526896	0.874087181389998
HROV-vOTU18241	Smoking_Status	Never_Smoker	0.418908724466728	0.545420433556189	77	23	0.445006051871851	0.874087181389998
HROV-vOTU54319	diagnosis	RA	-0.210617412029644	0.27382135322048	77	8	0.444338853310331	0.874087181389998
HROV-vOTU43200	Smoking_Status	Former_Smoker	0.662287115573209	0.861770444114466	77	42	0.444727602619774	0.874087181389998
HROV-vOTU14574	diagnosis	RA	-0.2117770060921	0.275716265609962	77	13	0.444976388834354	0.874087181389998
HROV-vOTU38884	diagnosis	RA	0.381418070678646	0.494125559127983	77	33	0.44273231066327	0.874087181389998
HROV-vOTU49670	Age	Age	0.253511656361267	0.329299590880259	77	26	0.44394209757736	0.874087181389998
HROV-vOTU66680	diagnosis	RA	-0.241212641123475	0.312424918301486	77	17	0.442637693230644	0.874087181389998
HROV-vOTU56795	Smoking_Status	Former_Smoker	1.23905108488214	1.61342992614245	77	59	0.44505709339078	0.874087181389998
HROV-vOTU35097	Smoking_Status	Never_Smoker	0.552713097320729	0.718870240525947	77	9	0.444524456457988	0.874087181389998
HROV-vOTU04553	Smoking_Status	Never_Smoker	0.827978273144689	1.07615310532162	77	23	0.444215680380463	0.874087181389998
HROV-vOTU69010	diagnosis	RA	-0.472133782807408	0.611196017964309	77	50	0.442396898689773	0.874087181389998
HROV-vOTU03570	Sex	M	0.539359075144048	0.700319804879894	77	25	0.443759395681728	0.874087181389998
HROV-vOTU42631	Age	Age	0.20439245846905	0.266213402968879	77	37	0.445165807664928	0.874087181389998
HROV-vOTU29204	Age	Age	0.169859422984904	0.220996666747928	77	36	0.444676218971662	0.874087181389998
HROV-vOTU42883	Smoking_Status	Never_Smoker	-0.52075369493089	0.678130577339117	77	21	0.445078044651741	0.874087181389998
HROV-vOTU52217	Smoking_Status	Never_Smoker	0.434436791835946	0.564276173438924	77	9	0.443912690472361	0.874087181389998
HROV-vOTU35834	Smoking_Status	Never_Smoker	0.556412196217821	0.724682661458669	77	12	0.445151383380632	0.874087181389998
HROV-vOTU41114	Smoking_Status	Former_Smoker	-1.3631595610891	1.76736338529051	77	26	0.443091141936358	0.874087181389998
HROV-vOTU27190	Sex	M	0.345505690854971	0.447623626258371	77	21	0.442755052931969	0.874087181389998
HROV-vOTU69031	Sex	M	0.224317338526032	0.290697364270973	77	8	0.442881038618257	0.874087181389998
HROV-vOTU27630	Smoking_Status	Former_Smoker	1.07401961874969	1.39000569918799	77	16	0.442280676280489	0.874087181389998
HROV-vOTU07267	Age	Age	0.313683627337552	0.406927832488283	77	33	0.443348748670678	0.874087181389998
HROV-vOTU71494	Age	Age	-0.15415403737034	0.200257985206647	77	8	0.443985647753184	0.874087181389998
HROV-vOTU02175	Sex	M	-0.480768360988308	0.624218888997869	77	12	0.443741221367778	0.874087181389998
HROV-vOTU58966	Smoking_Status	Never_Smoker	-0.52713794954374	0.684995236716771	77	16	0.444119723513428	0.874087181389998
HROV-vOTU08922	Smoking_Status	Never_Smoker	-0.369253743318226	0.480422023060913	77	12	0.44467822604674	0.874087181389998
HROV-vOTU04694	Smoking_Status	Never_Smoker	-0.489799146650956	0.636218187882532	77	11	0.443936661960321	0.874087181389998
HROV-vOTU49322	Age	Age	0.183518486667888	0.23745329615589	77	27	0.442169768522035	0.874087181389998
HROV-vOTU04012	diagnosis	RA	0.218031018651839	0.283236367195744	77	9	0.443981251911821	0.874087181389998
HROV-vOTU58189	Age	Age	-0.0709755221485039	0.0922802198062828	77	10	0.444367037725371	0.874087181389998
HROV-vOTU35469	Smoking_Status	Never_Smoker	0.557815745020393	0.725831597766733	77	8	0.444727407309724	0.874087181389998
HROV-vOTU37751	Age	Age	0.231567858019663	0.300797489104441	77	11	0.443944887245403	0.874087181389998
HROV-vOTU20188	Age	Age	0.169804483655359	0.220344690914903	77	9	0.443482444386262	0.874087181389998
HROV-vOTU30661	Sex	M	-0.450718153604045	0.58362886689455	77	22	0.442518551249459	0.874087181389998
HROV-vOTU16097	Smoking_Status	Former_Smoker	0.965476720170884	1.25286245661623	77	27	0.443490965207047	0.874087181389998
HROV-vOTU10545	Age	Age	-0.147712942703585	0.192352240514006	77	13	0.445075677115332	0.874087181389998
HROV-vOTU25315	Smoking_Status	Never_Smoker	0.543584915015439	0.704396962758427	77	13	0.442851574198465	0.874087181389998
HROV-vOTU57544	Sex	M	-0.215183415886922	0.2799665436537	77	8	0.444677534089228	0.874087181389998
HROV-vOTU50000	Sex	M	0.560887069090978	0.728185527429697	77	12	0.443705258425078	0.874087181389998
HROV-vOTU39627	Sex	M	0.80872620471893	1.05375330421601	77	68	0.445345716766164	0.874131166204902
HROV-vOTU08073	Smoking_Status	Never_Smoker	-0.572097744987258	0.745256227779183	77	22	0.445239209555248	0.874131166204902
HROV-vOTU43325	Smoking_Status	Former_Smoker	-0.875777431429806	1.1409850677684	77	13	0.445292261453624	0.874131166204902
HROV-vOTU33631	Sex	M	-0.506664397009553	0.660220108730762	77	32	0.445377989763279	0.874131166204902
HROV-vOTU47242	Age	Age	0.156965032060306	0.204527279555809	77	12	0.445357086172682	0.874131166204902
HROV-vOTU66575	diagnosis	RA	-0.469731262158788	0.612227634391098	77	52	0.445477229561501	0.874176942467737
HROV-vOTU31814	Smoking_Status	Former_Smoker	-0.623307880367531	0.812364781995443	77	11	0.445461584067039	0.874176942467737
HROV-vOTU13481	Smoking_Status	Former_Smoker	1.1740635009926501	1.53059370453471	77	57	0.445586652038044	0.87424268158427
HROV-vOTU06556	diagnosis	RA	0.463990247857805	0.604885853267292	77	20	0.445582728286379	0.87424268158427
HROV-vOTU73532	Sex	M	0.567231459573565	0.740111399041989	77	62	0.445971002015658	0.874353332063812
HROV-vOTU38772	Sex	M	-0.55454227409028	0.723841778699245	77	70	0.446150591873019	0.874353332063812
HROV-vOTU07148	diagnosis	RA	0.600917069508981	0.784295308481691	77	53	0.446104800592414	0.874353332063812
HROV-vOTU32243	Sex	M	0.668557116294056	0.872939404540898	77	33	0.446293025280835	0.874353332063812
HROV-vOTU02921	Age	Age	-0.219376371087714	0.286202263375377	77	24	0.445915130524593	0.874353332063812
HROV-vOTU42214	Smoking_Status	Former_Smoker	0.80926178085295	1.05669193549252	77	47	0.446307393751813	0.874353332063812
HROV-vOTU07688	diagnosis	RA	-0.396974881519979	0.518235426980705	77	67	0.446208032030557	0.874353332063812
HROV-vOTU69314	Smoking_Status	Former_Smoker	0.810119073276849	1.05788786732148	77	60	0.446340150040963	0.874353332063812
HROV-vOTU21222	Smoking_Status	Former_Smoker	-0.80288007496647	1.04849102598594	77	9	0.446364399699272	0.874353332063812
HROV-vOTU73786	diagnosis	RA	0.236924933180463	0.30938482476665	77	17	0.446337503796063	0.874353332063812
HROV-vOTU06547	Sex	M	0.522078760011285	0.681602132338242	77	43	0.446240195186355	0.874353332063812
HROV-vOTU25602	Sex	M	0.348652719833322	0.455125605525048	77	12	0.446181067791878	0.874353332063812
HROV-vOTU15698	Smoking_Status	Former_Smoker	-1.3436768230127	1.75387741070837	77	30	0.446145817273758	0.874353332063812
HROV-vOTU58571	Sex	M	0.414133938013569	0.540652386133885	77	28	0.446221828980991	0.874353332063812
HROV-vOTU06146	Sex	M	0.715685408092672	0.93422632968921	77	23	0.44617244203909	0.874353332063812
HROV-vOTU38461	Age	Age	-0.102330746475146	0.133498363034725	77	9	0.445901135405201	0.874353332063812
HROV-vOTU23376	Smoking_Status	Never_Smoker	0.361140702304504	0.470998550857337	77	9	0.445769009746996	0.874353332063812
HROV-vOTU42317	Smoking_Status	Former_Smoker	0.739042698366525	0.964697991756197	77	11	0.446163998990443	0.874353332063812
HROV-vOTU56723	Smoking_Status	Never_Smoker	0.283124192673115	0.369222382999587	77	8	0.445735531181236	0.874353332063812
HROV-vOTU36939	Smoking_Status	Former_Smoker	0.867982739480994	1.13370693367708	77	52	0.446443297517625	0.874397097944004
HROV-vOTU04086	Smoking_Status	Never_Smoker	0.390914535345211	0.510675421269099	77	13	0.446519840721346	0.874397097944004
HROV-vOTU33355	diagnosis	RA	-0.474835233085486	0.620331852201488	77	56	0.446538613500627	0.874397097944004
HROV-vOTU56260	diagnosis	RA	-0.592290186156574	0.773757939899736	77	41	0.446527601870959	0.874397097944004
HROV-vOTU53204	Sex	M	-0.602314927158294	0.786988979530861	77	64	0.446605202060156	0.87445313751448694
HROV-vOTU01741	Smoking_Status	Former_Smoker	1.50871726346473	1.9717244750006	77	53	0.446702496797781	0.87445726968172
HROV-vOTU20950	Smoking_Status	Never_Smoker	0.400556117175604	0.523421653084285	77	14	0.446650327588444	0.87445726968172
HROV-vOTU00933	Smoking_Status	Former_Smoker	0.584818710755854	0.764324170637423	77	8	0.446721223526072	0.87445726968172
HROV-vOTU70504	Smoking_Status	Former_Smoker	-0.565812412470265	0.741169373529648	77	9	0.447751190925035	0.874650575071342
HROV-vOTU17790	diagnosis	RA	-0.481974317656795	0.630475990344155	77	59	0.447125884012382	0.874650575071342
HROV-vOTU01582	Smoking_Status	Never_Smoker	1.09733611081778	1.43793741305481	77	61	0.4479129101426	0.874650575071342
HROV-vOTU39035	Smoking_Status	Former_Smoker	-1.51970825523065	1.99064099950781	77	52	0.447738411444823	0.874650575071342
HROV-vOTU47360	diagnosis	RA	-0.504365426568115	0.66035591824755	77	31	0.447530176346926	0.874650575071342
HROV-vOTU27016	Sex	M	0.360421315969336	0.472896624573126	77	63	0.448491039557858	0.874650575071342
HROV-vOTU26021	diagnosis	RA	0.469309183517793	0.614418254686442	77	63	0.447501318023085	0.874650575071342
HROV-vOTU03335	Age	Age	0.185689109256286	0.2436292787771	77	25	0.448477824586762	0.874650575071342
HROV-vOTU72279	Sex	M	0.355322228381343	0.466183669948161	77	73	0.448469117593197	0.874650575071342
HROV-vOTU32153	Sex	M	0.788469724197639	1.03183599674953	77	25	0.447314446563592	0.874650575071342
HROV-vOTU50707	Smoking_Status	Never_Smoker	-0.688481503752756	0.900404408742655	77	52	0.44702239915323	0.874650575071342
HROV-vOTU43603	Smoking_Status	Former_Smoker	-0.429331387844414	0.561473172607447	77	76	0.447013057209795	0.874650575071342
HROV-vOTU21542	Smoking_Status	Former_Smoker	-0.734938265755323	0.962945188005255	77	27	0.447861262823443	0.874650575071342
HROV-vOTU02356	Sex	M	0.542120068738397	0.710532630401755	77	70	0.448004765813981	0.874650575071342
HROV-vOTU73366	Age	Age	-0.149168602380652	0.195328147517577	77	75	0.447587087640295	0.874650575071342
HROV-vOTU11625	diagnosis	RA	-0.478271621265789	0.626862445872052	77	32	0.44801423730548	0.874650575071342
HROV-vOTU56168	Sex	M	0.558051951826839	0.730836794132621	77	37	0.447647866772657	0.874650575071342
HROV-vOTU20596	Smoking_Status	Former_Smoker	-0.900136301875281	1.17801491290961	77	27	0.447332008296598	0.874650575071342
HROV-vOTU68647	Age	Age	-0.122916184253833	0.161115702773045	77	11	0.448046675322545	0.874650575071342
HROV-vOTU49842	Age	Age	-0.173820283234181	0.227520908494857	77	64	0.447413620066727	0.874650575071342
HROV-vOTU17609	diagnosis	RA	-0.299947512989478	0.392584237774818	77	18	0.447378968639477	0.874650575071342
HROV-vOTU51519	Age	Age	-0.256012618186202	0.33587786040549	77	48	0.448453849270952	0.874650575071342
HROV-vOTU12520	Age	Age	-0.131724195370623	0.172583946980982	77	57	0.447844744902225	0.874650575071342
HROV-vOTU34103	Smoking_Status	Never_Smoker	-0.704447286815168	0.924162922895762	77	28	0.448433071077339	0.874650575071342
HROV-vOTU54797	diagnosis	RA	0.508199429448549	0.664874965990634	77	23	0.447189596255173	0.874650575071342
HROV-vOTU22511	Smoking_Status	Never_Smoker	0.93388276171929	1.22515003638755	77	51	0.448429822503046	0.874650575071342
HROV-vOTU44564	Smoking_Status	Never_Smoker	0.637089039164288	0.835689337875329	77	25	0.448375509599856	0.874650575071342
HROV-vOTU17300	Sex	M	-0.483033953626822	0.63320664076344	77	13	0.448087275231605	0.874650575071342
HROV-vOTU75492	diagnosis	RA	-0.424960225085432	0.556411583292434	77	34	0.44754591688932	0.874650575071342
HROV-vOTU40608	Age	Age	-0.144999000296893	0.190211328881165	77	9	0.448403237297855	0.874650575071342
HROV-vOTU09805	Age	Age	0.303822683958771	0.397766850523773	77	51	0.44750478943076	0.874650575071342
HROV-vOTU58173	Sex	M	-0.248724750412192	0.3261714420787	77	10	0.44825291087222	0.874650575071342
HROV-vOTU39751	Smoking_Status	Never_Smoker	0.422977426742486	0.554117414512258	77	22	0.447792439597961	0.874650575071342
HROV-vOTU15698	diagnosis	RA	0.554893018562505	0.727350498001419	77	30	0.448052587797974	0.874650575071342
HROV-vOTU60207	Smoking_Status	Former_Smoker	1.28618196952432	1.68518490051406	77	58	0.447855468602275	0.874650575071342
HROV-vOTU01617	Smoking_Status	Former_Smoker	-0.917512661297961	1.20273825975381	77	20	0.448078175891604	0.874650575071342
HROV-vOTU03141	Smoking_Status	Never_Smoker	0.469235391422246	0.613663154178498	77	16	0.447016096937443	0.874650575071342
HROV-vOTU01119	Sex	M	-0.442864734440063	0.57935862206495	77	28	0.447158932832391	0.874650575071342
HROV-vOTU05258	Smoking_Status	Never_Smoker	0.693771730260391	0.907697435455535	77	18	0.447209079438808	0.874650575071342
HROV-vOTU72056	Smoking_Status	Former_Smoker	0.603345999563651	0.790715913348964	77	13	0.447968848131831	0.874650575071342
HROV-vOTU64175	Smoking_Status	Former_Smoker	-0.562972250852778	0.737909486324483	77	10	0.448033459098342	0.874650575071342
HROV-vOTU26102	Sex	M	-0.32910513203382	0.431414950125154	77	11	0.44807971233947	0.874650575071342
HROV-vOTU39312	Age	Age	0.0722171548764945	0.0947182737682653	77	10	0.448322091345878	0.874650575071342
HROV-vOTU52850	Sex	M	0.258899526245643	0.339612608334222	77	9	0.448383649511977	0.874650575071342
HROV-vOTU63233	diagnosis	RA	0.318825467362269	0.41845043300957	77	11	0.448631790917588	0.874663617666326
HROV-vOTU37447	diagnosis	RA	0.469978320380528	0.616703619566036	77	62	0.448535707274305	0.874663617666326
HROV-vOTU06241	Smoking_Status	Former_Smoker	-0.835112327682204	1.09619666909679	77	73	0.448686482702079	0.874663617666326
HROV-vOTU48475	Smoking_Status	Former_Smoker	-1.26828779423194	1.66443411812868	77	49	0.448587862227544	0.874663617666326
HROV-vOTU03367	Smoking_Status	Never_Smoker	0.458138104613166	0.601369080624083	77	10	0.44868762393009	0.874663617666326
HROV-vOTU07900	Sex	M	-0.556220184110443	0.73051982790862	77	40	0.448937897157028	0.87469292761159
HROV-vOTU37702	Sex	M	0.283128688788215	0.371945539797469	77	12	0.449052530819584	0.87469292761159
HROV-vOTU73219	diagnosis	RA	0.657734894992741	0.864122160947216	77	59	0.449082465309572	0.87469292761159
HROV-vOTU09933	Smoking_Status	Former_Smoker	-1.59668160218837	2.09751019965123	77	58	0.449042424302543	0.87469292761159
HROV-vOTU47932	diagnosis	RA	-0.61674181905094	0.809805359619823	77	51	0.448825539587023	0.87469292761159
HROV-vOTU05189	Sex	M	-0.376797876705289	0.494669909213239	77	10	0.448752507210063	0.87469292761159
HROV-vOTU33134	Sex	M	0.677241205388302	0.889418516667459	77	50	0.44891452359285	0.87469292761159
HROV-vOTU10784	Sex	M	0.415849947069014	0.546219244817932	77	12	0.448984789823939	0.87469292761159
HROV-vOTU61538	Sex	M	0.739406819029837	0.970892364401928	77	36	0.448836342404125	0.87469292761159
HROV-vOTU06750	Sex	M	0.655120118468805	0.860447725232362	77	24	0.448956921966754	0.87469292761159
HROV-vOTU47892	Smoking_Status	Former_Smoker	-1.06012378870324	1.39325097171861	77	36	0.449236912364226	0.874787776078649
HROV-vOTU33454	Age	Age	0.206162981319225	0.270977765213653	77	63	0.449289108630189	0.874787776078649
HROV-vOTU42023	Smoking_Status	Former_Smoker	-0.788964173655257	1.03707700894356	77	11	0.449321085681039	0.874787776078649
HROV-vOTU72521	Smoking_Status	Former_Smoker	1.26062967420544	1.65682763428765	77	18	0.449254620234285	0.874787776078649
HROV-vOTU68446	Smoking_Status	Never_Smoker	-0.553806381944206	0.727792034265835	77	18	0.449212544939227	0.874787776078649
HROV-vOTU39652	Sex	M	0.482042601523597	0.633956704370908	77	67	0.449550286498826	0.875132092996265
HROV-vOTU10903	Sex	M	0.550438460149959	0.723945212131797	77	52	0.449573938004291	0.875132092996265
HROV-vOTU61026	Age	Age	-0.127623636536433	0.167901137164439	77	8	0.44970448991978	0.875312238239733
HROV-vOTU33751	diagnosis	RA	0.30298797087561	0.398672412213158	77	15	0.449775453996387	0.875376380084239
HROV-vOTU43876	diagnosis	RA	0.292372345056142	0.3848130786389	77	11	0.449903011754658	0.875476667571591
HROV-vOTU15726	Smoking_Status	Never_Smoker	0.395595827504065	0.520641685655396	77	12	0.449875682036484	0.875476667571591
HROV-vOTU40209	Smoking_Status	Never_Smoker	-0.833768373192562	1.09842278576392	77	39	0.450329616561094	0.875903244514103
HROV-vOTU59281	Smoking_Status	Former_Smoker	1.04529018341574	1.37707334935714	77	63	0.450325550117017	0.875903244514103
HROV-vOTU25762	Sex	M	-0.604969578133307	0.797027964173958	77	30	0.450346140918532	0.875903244514103
HROV-vOTU29302	diagnosis	RA	-0.750521605853451	0.98852389563981	77	33	0.450225581231772	0.875903244514103
HROV-vOTU59663	Smoking_Status	Former_Smoker	0.994669665623058	1.31038551510438	77	21	0.450325559169938	0.875903244514103
HROV-vOTU38231	diagnosis	RA	0.151407635573433	0.199476585615487	77	10	0.450350426326161	0.875903244514103
HROV-vOTU06228	diagnosis	RA	0.395726114738201	0.521448251339258	77	76	0.450425586511958	0.875966541234103
HROV-vOTU28965	Smoking_Status	Never_Smoker	0.428340993182326	0.564466734407491	77	13	0.450459042459205	0.875966541234103
HROV-vOTU43885	Smoking_Status	Never_Smoker	-0.722681724561518	0.95244632992991	77	44	0.450505498836434	0.875982914404178
HROV-vOTU59588	diagnosis	RA	-0.522242922771668	0.688596417234089	77	67	0.450711914830569	0.87631029113955194
HROV-vOTU27141	Age	Age	-0.123197858483018	0.16266476314256	77	76	0.451332860409552	0.87632142048930906
HROV-vOTU67068	Age	Age	-0.199143797036008	0.2626052233193	77	20	0.450758001269931	0.87632142048930906
HROV-vOTU21336	Smoking_Status	Former_Smoker	0.808633380894658	1.06758953417066	77	47	0.451293749533679	0.87632142048930906
HROV-vOTU55704	Smoking_Status	Former_Smoker	-0.330078557525424	0.435367731642941	77	12	0.450864273856957	0.87632142048930906
HROV-vOTU59392	Age	Age	0.162337496319534	0.214307671242735	77	12	0.451258700888242	0.87632142048930906
HROV-vOTU49221	Smoking_Status	Former_Smoker	1.16667874102695	1.54032782616792	77	27	0.451303333696117	0.87632142048930906
HROV-vOTU06637	Sex	M	0.566204570825261	0.747107058130277	77	30	0.451041334451578	0.87632142048930906
HROV-vOTU20277	Sex	M	-0.56391964037494	0.744625739072701	77	19	0.451364511065748	0.87632142048930906
HROV-vOTU17618	diagnosis	RA	0.374396797243241	0.494303722732178	77	15	0.451303208719169	0.87632142048930906
HROV-vOTU49646	Smoking_Status	Never_Smoker	0.414862415326851	0.547726964621238	77	8	0.451301417338066	0.87632142048930906
HROV-vOTU63584	Smoking_Status	Never_Smoker	0.449177599646399	0.592529505500703	77	19	0.450919267827149	0.87632142048930906
HROV-vOTU65849	diagnosis	RA	0.32320694092172	0.42647522986984	77	27	0.451045139036483	0.87632142048930906
HROV-vOTU34094	Smoking_Status	Never_Smoker	0.50802272181934	0.670372995716218	77	19	0.451066151791321	0.87632142048930906
HROV-vOTU41061	Smoking_Status	Never_Smoker	0.414250078850422	0.546613665153904	77	12	0.451050071906439	0.87632142048930906
HROV-vOTU07731	Smoking_Status	Former_Smoker	0.706739740402358	0.932287672149348	77	17	0.450917749455888	0.87632142048930906
HROV-vOTU15109	Smoking_Status	Never_Smoker	0.314618286782151	0.415304229350153	77	8	0.451220835736872	0.87632142048930906
HROV-vOTU12405	diagnosis	RA	0.294608001409881	0.38870281675755	77	19	0.451003630705329	0.87632142048930906
HROV-vOTU14207	Age	Age	-0.172313395758252	0.227642845285462	77	71	0.451586725090005	0.876383439691819
HROV-vOTU00966	Smoking_Status	Former_Smoker	-1.33497303847421	1.76351636250888	77	30	0.451557708222015	0.876383439691819
HROV-vOTU38162	Smoking_Status	Former_Smoker	0.837627316307023	1.10652016077226	77	48	0.451559265018586	0.876383439691819
HROV-vOTU40101	diagnosis	RA	-0.320418177085257	0.423204749167107	77	12	0.451481324515843	0.876383439691819
HROV-vOTU05414	Smoking_Status	Former_Smoker	-0.534772224210735	0.706253161278134	77	13	0.451437922275411	0.876383439691819
HROV-vOTU55792	Smoking_Status	Never_Smoker	0.726321257714998	0.959827385015739	77	71	0.451720999401283	0.876472099072926
HROV-vOTU37008	Sex	M	-0.781685744515245	1.03847631125447	77	29	0.454104495502448	0.876472099072926
HROV-vOTU37103	Smoking_Status	Former_Smoker	-0.933922424013603	1.24174635344245	77	70	0.454474679369079	0.876472099072926
HROV-vOTU13070	Sex	M	0.520770285595333	0.692162745834842	77	69	0.454309038016075	0.876472099072926
HROV-vOTU10330	Smoking_Status	Never_Smoker	-1.3046431955862	1.72828917980674	77	59	0.452820425662631	0.876472099072926
HROV-vOTU24371	diagnosis	RA	-0.334114681999744	0.443704978268463	77	71	0.453933002306017	0.876472099072926
HROV-vOTU38389	Smoking_Status	Never_Smoker	0.923510546466024	1.22249609100451	77	52	0.452489727629367	0.876472099072926
HROV-vOTU01290	diagnosis	RA	-0.331712572699788	0.438756651560852	77	67	0.45213320620859	0.876472099072926
HROV-vOTU27192	Sex	M	0.596709097192684	0.788803213527737	77	61	0.451867925753401	0.876472099072926
HROV-vOTU01886	Sex	M	-0.246629926482818	0.326043983281964	77	77	0.451893240774712	0.876472099072926
HROV-vOTU17325	Sex	M	0.640950290735671	0.85152639061808	77	66	0.454114185157298	0.876472099072926
HROV-vOTU67004	Sex	M	0.378423098381339	0.502549120883388	77	71	0.453935217004068	0.876472099072926
HROV-vOTU48965	Smoking_Status	Never_Smoker	-1.03941440835029	1.37932872998723	77	52	0.453601976724412	0.876472099072926
HROV-vOTU02169	Sex	M	-0.769374776311934	1.01987463647195	77	49	0.453114914869698	0.876472099072926
HROV-vOTU49879	Sex	M	-0.547728572872513	0.72476503580553	77	74	0.45230954987023	0.876472099072926
HROV-vOTU71167	Smoking_Status	Former_Smoker	1.16921319365495	1.54968493226606	77	53	0.453053633858066	0.876472099072926
HROV-vOTU07890	diagnosis	RA	-0.198338755799405	0.263142566233336	77	12	0.453503041418134	0.876472099072926
HROV-vOTU07359	Smoking_Status	Former_Smoker	1.03618950807568	1.36963180750599	77	68	0.451825011482694	0.876472099072926
HROV-vOTU29342	Smoking_Status	Never_Smoker	0.668959075087882	0.88717826849355	77	54	0.453324701487594	0.876472099072926
HROV-vOTU33368	diagnosis	RA	0.360735922878123	0.477728433522584	77	72	0.452682619352643	0.876472099072926
HROV-vOTU29421	Smoking_Status	Former_Smoker	-1.0025606641945	1.32628743631968	77	56	0.452200834784164	0.876472099072926
HROV-vOTU05711	Smoking_Status	Never_Smoker	0.664541307969039	0.880869249478379	77	64	0.453094835231732	0.876472099072926
HROV-vOTU31882	Age	Age	-0.234923128136979	0.311146515979148	77	56	0.452731821152346	0.876472099072926
HROV-vOTU45833	Smoking_Status	Never_Smoker	-0.653173649294061	0.864562609792039	77	67	0.452450512179746	0.876472099072926
HROV-vOTU58202	diagnosis	RA	-0.519378429509342	0.688444912093622	77	62	0.453090502606402	0.876472099072926
HROV-vOTU43256	diagnosis	RA	-0.386766763603703	0.511453172972601	77	67	0.452024257553551	0.876472099072926
HROV-vOTU27505	diagnosis	RA	-0.693926187767052	0.919804671952968	77	51	0.453087443850143	0.876472099072926
HROV-vOTU28353	Smoking_Status	Former_Smoker	1.40248553729699	1.86090638043407	77	56	0.453547174657141	0.876472099072926
HROV-vOTU71516	Smoking_Status	Never_Smoker	0.667660502226297	0.886580632300257	77	18	0.453895538426107	0.876472099072926
HROV-vOTU17122	Sex	M	0.670787444948524	0.890309503170514	77	60	0.453681751549629	0.876472099072926
HROV-vOTU01741	Sex	M	0.816033800236802	1.07921775817801	77	53	0.452070103834438	0.876472099072926
HROV-vOTU47867	Sex	M	0.680499446496128	0.903772649369164	77	61	0.453966831682408	0.876472099072926
HROV-vOTU75519	Smoking_Status	Former_Smoker	1.23061606759952	1.63240770947932	77	13	0.453422806585725	0.876472099072926
HROV-vOTU07654	Smoking_Status	Never_Smoker	0.674033613453337	0.892646487908885	77	36	0.452689095164709	0.876472099072926
HROV-vOTU61225	Sex	M	0.586187999959496	0.777580133897336	77	33	0.453425061317244	0.876472099072926
HROV-vOTU00884	Smoking_Status	Former_Smoker	-0.742928556212638	0.987737424022774	77	15	0.45444608564862	0.876472099072926
HROV-vOTU06271	diagnosis	RA	-0.351615551804188	0.466141988982404	77	56	0.453157706966332	0.876472099072926
HROV-vOTU16803	Smoking_Status	Never_Smoker	0.61007524477418	0.808983294057634	77	42	0.453267524011039	0.876472099072926
HROV-vOTU49940	diagnosis	RA	-0.429357150615015	0.568117880125371	77	12	0.452297025029188	0.876472099072926
HROV-vOTU36670	diagnosis	RA	-0.573999380485716	0.762755715035348	77	28	0.45421798423406	0.876472099072926
HROV-vOTU31835	Smoking_Status	Never_Smoker	-0.338130444827842	0.446822305608515	77	10	0.451706669635305	0.876472099072926
HROV-vOTU60668	Smoking_Status	Never_Smoker	0.624356430582456	0.829567160771891	77	25	0.454160970335426	0.876472099072926
HROV-vOTU05763	Smoking_Status	Former_Smoker	1.46303183199478	1.93390847112442	77	47	0.451843162680687	0.876472099072926
HROV-vOTU10823	Sex	M	-0.607224753283045	0.805588825066868	77	53	0.453482787703908	0.876472099072926
HROV-vOTU35627	Smoking_Status	Former_Smoker	1.31760152421273	1.74456041667517	77	61	0.452589564410183	0.876472099072926
HROV-vOTU01220	diagnosis	RA	-0.389947879429055	0.516683666414213	77	54	0.452917336010166	0.876472099072926
HROV-vOTU26399	Smoking_Status	Former_Smoker	0.691657636694138	0.9185602427522	77	28	0.453951354417861	0.876472099072926
HROV-vOTU46391	Smoking_Status	Never_Smoker	-0.675960616948317	0.895762154529638	77	30	0.452972409667947	0.876472099072926
HROV-vOTU55368	Sex	M	-0.862078325548773	1.14568379332719	77	24	0.45426352028614	0.876472099072926
HROV-vOTU45982	diagnosis	RA	-0.375951963950103	0.499635520235981	77	57	0.45426652620804	0.876472099072926
HROV-vOTU06476	Age	Age	0.250109895172637	0.33070332016432	77	33	0.451973383388368	0.876472099072926
HROV-vOTU50165	Smoking_Status	Former_Smoker	0.99276872574773	1.31818612873148	77	27	0.453860434871128	0.876472099072926
HROV-vOTU12921	diagnosis	RA	0.403896681316234	0.535656269326262	77	34	0.453329427294874	0.876472099072926
HROV-vOTU32022	diagnosis	RA	-0.452629687654106	0.600090156677799	77	52	0.453181865401223	0.876472099072926
HROV-vOTU53941	diagnosis	RA	0.32032558204149	0.425909842301782	77	23	0.454478779245144	0.876472099072926
HROV-vOTU11046	Sex	M	0.246099190607752	0.326469252340895	77	8	0.45344978168107	0.876472099072926
HROV-vOTU02995	Age	Age	0.213603103539985	0.283087999318278	77	22	0.453016536379519	0.876472099072926
HROV-vOTU59862	Age	Age	-0.0692379299529211	0.0919026689671983	77	11	0.453710710246322	0.876472099072926
HROV-vOTU64696	Age	Age	-0.162290413623086	0.214955646409403	77	12	0.452749257727211	0.876472099072926
HROV-vOTU34381	Sex	M	0.470626571616433	0.623833784210639	77	22	0.453097922190071	0.876472099072926
HROV-vOTU47915	Age	Age	-0.235929137413115	0.313693711552533	77	22	0.454476896564864	0.876472099072926
HROV-vOTU58813	Age	Age	-0.155466163459456	0.206567277192809	77	20	0.454167885631908	0.876472099072926
HROV-vOTU29003	diagnosis	RA	-0.29206585157625	0.387492969480434	77	26	0.453502548360916	0.876472099072926
HROV-vOTU41084	Smoking_Status	Former_Smoker	-0.791297722563746	1.05207479639844	77	11	0.454458755261291	0.876472099072926
HROV-vOTU23237	diagnosis	RA	0.191482320392956	0.254144243316065	77	10	0.453677103529943	0.876472099072926
HROV-vOTU60005	Smoking_Status	Never_Smoker	0.726710783372057	0.966263018161186	77	17	0.454486748029912	0.876472099072926
HROV-vOTU72061	diagnosis	RA	-0.351500059360044	0.466405403768919	77	12	0.453559641252695	0.876472099072926
HROV-vOTU08785	diagnosis	RA	-0.345747039844508	0.457478073116939	77	20	0.452288786789056	0.876472099072926
HROV-vOTU66044	Smoking_Status	Former_Smoker	0.459202970906715	0.609440013395854	77	12	0.453650883813287	0.876472099072926
HROV-vOTU51286	diagnosis	RA	0.390499340314413	0.517582074020779	77	17	0.453063186143192	0.876472099072926
HROV-vOTU23857	Smoking_Status	Former_Smoker	0.823376212612099	1.09416207589021	77	17	0.454227604750121	0.876472099072926
HROV-vOTU28477	Smoking_Status	Never_Smoker	-0.565114487177616	0.748087163998085	77	10	0.452500242282216	0.876472099072926
HROV-vOTU46545	Sex	M	0.190974232733925	0.252654183435526	77	8	0.452226474206884	0.876472099072926
HROV-vOTU01313	Smoking_Status	Former_Smoker	-0.532193126133908	0.705310174552151	77	9	0.453013414700574	0.876472099072926
HROV-vOTU72960	Sex	M	0.347510233895812	0.460428317585855	77	11	0.452892731683516	0.876472099072926
HROV-vOTU22859	Smoking_Status	Never_Smoker	0.422887942837767	0.562372716495801	77	11	0.454554196720298	0.876528774216567
HROV-vOTU59262	Smoking_Status	Former_Smoker	-1.2867057033364	1.71219798680131	77	64	0.454839537457779	0.876699390250933
HROV-vOTU36525	Sex	M	-0.269196667307554	0.358180948698194	77	75	0.454796141167197	0.876699390250933
HROV-vOTU09667	Age	Age	-0.317580857003708	0.422503900040546	77	54	0.454737799967669	0.876699390250933
HROV-vOTU40298	Age	Age	-0.265084723358841	0.352751893401716	77	56	0.454849774811109	0.876699390250933
HROV-vOTU56972	diagnosis	RA	-0.317296697810516	0.422251114443086	77	8	0.454871081811046	0.876699390250933
HROV-vOTU51564	Age	Age	-0.174746335765693	0.232532880061239	77	33	0.454841127006775	0.876699390250933
HROV-vOTU40992	diagnosis	RA	-0.327345807065672	0.435770174717159	77	73	0.455021537022619	0.876726585706013
HROV-vOTU32103	Age	Age	0.233433148747923	0.310817665811408	77	59	0.455117141361853	0.876726585706013
HROV-vOTU36455	Sex	M	-0.58824813559019	0.783154234761267	77	37	0.455058789673746	0.876726585706013
HROV-vOTU72566	Age	Age	-0.309130006304856	0.411572636743558	77	61	0.45507801386019	0.876726585706013
HROV-vOTU16149	Smoking_Status	Former_Smoker	1.25243577328407	1.66785129676425	77	49	0.455177838615902	0.876726585706013
HROV-vOTU28350	Sex	M	-0.284755630235844	0.379169021741935	77	11	0.455135095364907	0.876726585706013
HROV-vOTU30498	diagnosis	RA	-0.434259600696011	0.57836182662933	77	18	0.455227812065676	0.876726585706013
HROV-vOTU33554	diagnosis	RA	-0.244492470196638	0.325438730046607	77	10	0.454972956950805	0.876726585706013
HROV-vOTU05652	diagnosis	RA	0.188378249903701	0.250878274140599	77	9	0.455209306918453	0.876726585706013
HROV-vOTU31923	Smoking_Status	Never_Smoker	-0.576855316010753	0.768363248724486	77	14	0.455278986646123	0.876751823936801
HROV-vOTU03897	Age	Age	-0.158798568187927	0.211576286651053	77	13	0.455403801437996	0.876918858454603
HROV-vOTU49046	Sex	M	-0.348777033981144	0.464863988114223	77	13	0.455566735762328	0.87715926131648
HROV-vOTU22674	Smoking_Status	Never_Smoker	0.700429688764117	0.933649678395679	77	12	0.455609510299273	0.877168284751066
HROV-vOTU22379	diagnosis	RA	0.408715016580933	0.544949843740277	77	65	0.455729953478878	0.877180177903765
HROV-vOTU24172	Smoking_Status	Never_Smoker	-0.602494247439969	0.803316197017658	77	20	0.455727556729037	0.877180177903765
HROV-vOTU31353	Age	Age	0.166900948839142	0.222529543979829	77	23	0.455722651026333	0.877180177903765
HROV-vOTU63975	Age	Age	-0.316630574630793	0.422226258010141	77	61	0.455788294333674	0.877219155816857
HROV-vOTU61599	Sex	M	-0.54754821515336	0.730315239135521	77	15	0.455887093150846	0.877235516991227
HROV-vOTU58937	Smoking_Status	Former_Smoker	0.43949326933187	0.586223771895661	77	11	0.455911068296483	0.877235516991227
HROV-vOTU55294	diagnosis	RA	-0.156762740394275	0.20907250288988	77	9	0.455852037576089	0.877235516991227
HROV-vOTU30807	Age	Age	0.260961711991792	0.348221520176983	77	57	0.4560842562145	0.877237110015926
HROV-vOTU45183	Smoking_Status	Former_Smoker	-0.811809205812266	1.08304503114303	77	75	0.455995120689612	0.877237110015926
HROV-vOTU09333	diagnosis	RA	-0.46324707385407	0.618224033344397	77	58	0.456140442572328	0.877237110015926
HROV-vOTU22906	diagnosis	RA	-0.396589501584947	0.529189213348684	77	36	0.45607491179833	0.877237110015926
HROV-vOTU01119	Smoking_Status	Never_Smoker	0.562052038862978	0.749815072579054	77	28	0.455979721528308	0.877237110015926
HROV-vOTU57667	Smoking_Status	Never_Smoker	0.599862358124598	0.800537874533657	77	13	0.456137419662262	0.877237110015926
HROV-vOTU64253	Age	Age	-0.155992708137543	0.208201391432539	77	15	0.456188098406064	0.877255503197365
HROV-vOTU04583	Age	Age	0.137635560783242	0.183733057537535	77	9	0.456267965862433	0.87728821504422
HROV-vOTU22119	Smoking_Status	Former_Smoker	0.564300162866348	0.753320395478669	77	12	0.45628129569256	0.87728821504422
HROV-vOTU16890	diagnosis	RA	0.23068300949721	0.307992364603249	77	74	0.456337890930977	0.877323785636564
HROV-vOTU02356	diagnosis	RA	0.40310823584207	0.5383511902981	77	70	0.456461484601241	0.877473658066063
HROV-vOTU62233	Sex	M	0.623824284316683	0.833174325927071	77	26	0.456492049382957	0.877473658066063
HROV-vOTU00682	diagnosis	RA	-0.365893002553355	0.489068360981138	77	74	0.456845043419402	0.877524994564857
HROV-vOTU13507	diagnosis	RA	-0.336397845256683	0.449616110225021	77	28	0.456817369537645	0.877524994564857
HROV-vOTU13294	Sex	M	0.302161889965134	0.403946399202299	77	32	0.456915850904729	0.877524994564857
HROV-vOTU50288	Smoking_Status	Former_Smoker	0.676462150182537	0.904361669827072	77	17	0.456930914775551	0.877524994564857
HROV-vOTU14097	Smoking_Status	Former_Smoker	-1.07299567467525	1.43432084664562	77	53	0.456878982588515	0.877524994564857
HROV-vOTU58926	Smoking_Status	Never_Smoker	0.663978561269871	0.887563292172808	77	23	0.456875819616043	0.877524994564857
HROV-vOTU32311	Age	Age	0.0802230334987232	0.107226218208802	77	10	0.456831049106148	0.877524994564857
HROV-vOTU00962	Smoking_Status	Former_Smoker	-0.764585971915053	1.02140242753076	77	12	0.456592177122966	0.877524994564857
HROV-vOTU24201	Age	Age	-0.21802282246048801	0.291281528092039	77	31	0.456633922362797	0.877524994564857
HROV-vOTU16350	Sex	M	0.518606828563612	0.693214229340231	77	23	0.456859263039986	0.877524994564857
HROV-vOTU57469	Sex	M	0.159721535243823	0.213534908743011	77	10	0.456937895563255	0.877524994564857
HROV-vOTU56605	Sex	M	-0.530496009022832	0.709658786154238	77	74	0.457208377172218	0.877971227072139
HROV-vOTU48328	diagnosis	RA	-0.523546159987387	0.700678225163101	77	57	0.457410818140816	0.877993927469828
HROV-vOTU15737	diagnosis	RA	-0.34490473179173	0.461538261451325	77	64	0.457353978640004	0.877993927469828
HROV-vOTU40040	diagnosis	RA	0.252160814060666	0.33746367039478	77	12	0.457396151044501	0.877993927469828
HROV-vOTU64253	diagnosis	RA	-0.30411163832499	0.406943515747643	77	15	0.45734627536365	0.877993927469828
HROV-vOTU53606	diagnosis	RA	0.250073916862785	0.334601180295114	77	14	0.457302915095257	0.877993927469828
HROV-vOTU73912	Sex	M	-0.48485192373584	0.649217084578873	77	73	0.457634877127543	0.878116579179693
HROV-vOTU60720	Sex	M	0.281818349240392	0.37740563896744	77	9	0.457695018179125	0.878116579179693
HROV-vOTU22888	Age	Age	-0.141649848713397	0.189688946991458	77	68	0.457681394179646	0.878116579179693
HROV-vOTU34025	Sex	M	-0.387409791176584	0.518705978224736	77	17	0.457603767860539	0.878116579179693
HROV-vOTU72850	Age	Age	0.252482507709306	0.33802867956363303	77	29	0.4575744623675	0.878116579179693
HROV-vOTU41249	Age	Age	-0.172023945941993	0.230375472136165	77	23	0.457703491813853	0.878116579179693
HROV-vOTU57557	Smoking_Status	Former_Smoker	1.21551058244363	1.62802361143544	77	70	0.457759834023525	0.878151518330844
HROV-vOTU49378	diagnosis	RA	0.510527144532234	0.684186643164425	77	50	0.458021583613382	0.878388490207236
HROV-vOTU71745	diagnosis	RA	-0.593299570541188	0.795573826583587	77	65	0.458280071563099	0.878388490207236
HROV-vOTU00617	Smoking_Status	Never_Smoker	0.613222232874141	0.822372537283057	77	34	0.45832569325622	0.878388490207236
HROV-vOTU46313	diagnosis	RA	0.471059449843011	0.631469231605861	77	68	0.458146062725211	0.878388490207236
HROV-vOTU11457	diagnosis	RA	0.391392553473095	0.524413901560399	77	48	0.457924526763922	0.878388490207236
HROV-vOTU41142	Age	Age	0.162119292563811	0.217389675029729	77	18	0.45827776270459	0.878388490207236
HROV-vOTU44759	Sex	M	0.443982894964637	0.595049552451657	77	26	0.458053695602615	0.878388490207236
HROV-vOTU23903	Smoking_Status	Never_Smoker	0.866616093267242	1.16180522782885	77	32	0.458177100360239	0.878388490207236
HROV-vOTU33528	diagnosis	RA	-0.400179377226486	0.536332019926784	77	27	0.458045577832635	0.878388490207236
HROV-vOTU30877	Sex	M	0.756849696331251	1.01502151718434	77	55	0.458341054573181	0.878388490207236
HROV-vOTU31916	Age	Age	0.156143175267703	0.2093200689583	77	13	0.458157805040708	0.878388490207236
HROV-vOTU64477	diagnosis	RA	0.207989674023564	0.278896517040446	77	8	0.458274776114132	0.878388490207236
HROV-vOTU05159	Age	Age	-0.147451753246481	0.197790340115724	77	10	0.458433343032632	0.878492252458106
HROV-vOTU74488	diagnosis	RA	0.615341483245064	0.825751973147703	77	56	0.458617103694135	0.878551979543831
HROV-vOTU10515	Smoking_Status	Former_Smoker	-1.50834592157645	2.02406417873839	77	39	0.458606694149633	0.878551979543831
HROV-vOTU37097	Age	Age	-0.0740915739122893	0.0994085528284108	77	9	0.458536203947057	0.878551979543831
HROV-vOTU16565	Age	Age	-0.0720339462190925	0.0966577773672373	77	9	0.458582239177127	0.878551979543831
HROV-vOTU05711	Sex	M	0.507076257286583	0.680620079884263	77	64	0.458718153874591	0.878652995467733
HROV-vOTU09913	Smoking_Status	Former_Smoker	-1.0747164041291	1.44262189192177	77	64	0.458746140577682	0.878652995467733
HROV-vOTU69478	Smoking_Status	Former_Smoker	0.853123386684002	1.14583371721204	77	73	0.459004866446005	0.878826569419628
HROV-vOTU62317	diagnosis	RA	-0.420535010425893	0.56489923084668	77	67	0.459065724277817	0.878826569419628
HROV-vOTU60216	diagnosis	RA	0.394361442289366	0.529590131008606	77	47	0.458938609025355	0.878826569419628
HROV-vOTU75024	Age	Age	0.253340389652004	0.340303925177341	77	36	0.459059232743553	0.878826569419628
HROV-vOTU28099	Smoking_Status	Never_Smoker	-0.461084309209423	0.619290657506567	77	10	0.459009435222615	0.878826569419628
HROV-vOTU08341	Sex	M	-0.472464755406354	0.634411714209948	77	18	0.458893626150246	0.878826569419628
HROV-vOTU65849	Age	Age	-0.16241532564106	0.218194252603537	77	27	0.45911462749839	0.878847134177369
HROV-vOTU39637	Smoking_Status	Never_Smoker	0.566956073454619	0.76201345973989	77	22	0.45931746312702	0.878895786755055
HROV-vOTU25355	diagnosis	RA	0.370657615183786	0.49819683264714	77	37	0.459332709803155	0.878895786755055
HROV-vOTU06122	Smoking_Status	Never_Smoker	0.507049943064243	0.681549551033411	77	12	0.459351929764153	0.878895786755055
HROV-vOTU44999	Age	Age	0.112087812829741	0.150668231271499	77	8	0.459369022369544	0.878895786755055
HROV-vOTU29574	Sex	M	-0.399399916366478	0.536852111311352	77	8	0.459351927779325	0.878895786755055
HROV-vOTU64818	Smoking_Status	Former_Smoker	0.688910379969675	0.925684700965899	77	20	0.459201210944946	0.878895786755055
HROV-vOTU41365	diagnosis	RA	-0.348816981966499	0.469435572768303	77	70	0.459899327407578	0.878938239269969
HROV-vOTU10339	Age	Age	-0.22808103295382	0.30685237465594	77	20	0.459757215409466	0.878938239269969
HROV-vOTU39462	Age	Age	0.292138909762776	0.393199991688835	77	68	0.459946384826868	0.878938239269969
HROV-vOTU11972	Smoking_Status	Never_Smoker	-0.66828793347303	0.899014113051186	77	32	0.459718685669589	0.878938239269969
HROV-vOTU69519	Smoking_Status	Never_Smoker	0.847436095328191	1.13970264906345	77	37	0.459596901903572	0.878938239269969
HROV-vOTU08015	diagnosis	RA	-0.41547758489457	0.558944581110996	77	39	0.459737485411687	0.878938239269969
HROV-vOTU23035	Age	Age	0.244402188591806	0.328591382291303	77	51	0.45945942021263	0.878938239269969
HROV-vOTU62380	Sex	M	-0.527977633833442	0.710314988743928	77	31	0.459752208595355	0.878938239269969
HROV-vOTU66693	Smoking_Status	Never_Smoker	-0.354064677572637	0.476526511359788	77	11	0.459926179761202	0.878938239269969
HROV-vOTU67701	diagnosis	RA	0.422837370979548	0.569006355095964	77	22	0.459863689669131	0.878938239269969
HROV-vOTU54487	Smoking_Status	Former_Smoker	0.931576117271193	1.25369012333084	77	26	0.459892618743631	0.878938239269969
HROV-vOTU08434	Age	Age	-0.121543745783663	0.163582319017084	77	8	0.459925437960148	0.878938239269969
HROV-vOTU38461	Sex	M	0.255959516652721	0.344385450452214	77	9	0.459791388243219	0.878938239269969
HROV-vOTU42142	Age	Age	-0.116281787397906	0.156513788258502	77	17	0.459963684745188	0.878938239269969
HROV-vOTU24973	Smoking_Status	Former_Smoker	0.700926807861474	0.942777079133054	77	15	0.459650177289133	0.878938239269969
HROV-vOTU11782	Age	Age	-0.132158494952443	0.177937577530459	77	14	0.46009920852071	0.879124265513312
HROV-vOTU62744	Sex	M	0.501220622703377	0.674988576920283	77	14	0.46019686549803	0.879164978218136
HROV-vOTU55466	diagnosis	RA	0.243993265145863	0.328563153986097	77	12	0.460169626480576	0.879164978218136
HROV-vOTU48027	diagnosis	RA	0.44432214504582	0.599057473622492	77	56	0.460714350576064	0.879200165616969
HROV-vOTU15122	Age	Age	-0.219283034515844	0.295842815572879	77	71	0.461007891774831	0.879200165616969
HROV-vOTU21466	Age	Age	0.0872763008640575	0.117699099235278	77	76	0.460823644950373	0.879200165616969
HROV-vOTU40319	Smoking_Status	Never_Smoker	0.528700236746544	0.712670744005384	77	75	0.460620648655126	0.879200165616969
HROV-vOTU00473	diagnosis	RA	-0.468188250498819	0.631553636385178	77	45	0.460939759168386	0.879200165616969
HROV-vOTU40876	Smoking_Status	Former_Smoker	-0.580603333926691	0.782491855982318	77	77	0.460539261574588	0.879200165616969
HROV-vOTU09844	Smoking_Status	Former_Smoker	0.638601191226454	0.861318190365631	77	74	0.460882347445907	0.879200165616969
HROV-vOTU01981	Sex	M	-0.556136795147292	0.749691368218098	77	64	0.460642715548099	0.879200165616969
HROV-vOTU05340	Age	Age	-0.330738032116554	0.446154691307941	77	49	0.460951682738517	0.879200165616969
HROV-vOTU14852	Smoking_Status	Former_Smoker	-1.18707603345349	1.60106397431236	77	55	0.460878495231558	0.879200165616969
HROV-vOTU65018	Smoking_Status	Never_Smoker	0.599024757210391	0.807325727987972	77	17	0.460543088249991	0.879200165616969
HROV-vOTU06271	Sex	M	0.456661420119635	0.615228682579812	77	56	0.460376674242621	0.879200165616969
HROV-vOTU57842	Age	Age	0.190974602019619	0.257646194567725	77	22	0.460999794140599	0.879200165616969
HROV-vOTU31815	Age	Age	-0.21104081703978	0.284268958891992	77	54	0.46029511593148	0.879200165616969
HROV-vOTU68315	diagnosis	RA	-0.551855589415808	0.74454385916246	77	20	0.461016986538885	0.879200165616969
HROV-vOTU73192	Age	Age	-0.236747333001063	0.318991520769882	77	34	0.460429956400744	0.879200165616969
HROV-vOTU71482	Age	Age	-0.0974875135887404	0.131307871921188	77	15	0.460273292745138	0.879200165616969
HROV-vOTU63062	Smoking_Status	Never_Smoker	-0.378835324159027	0.510657370156317	77	9	0.460620351131754	0.879200165616969
HROV-vOTU14997	Smoking_Status	Former_Smoker	-0.789287754308065	1.06359988310801	77	14	0.460480232136039	0.879200165616969
HROV-vOTU56647	Smoking_Status	Former_Smoker	-0.858978345097044	1.1586015192599	77	33	0.460900839109878	0.879200165616969
HROV-vOTU54197	Smoking_Status	Never_Smoker	0.457267955517051	0.616162916574111	77	9	0.460461584896674	0.879200165616969
HROV-vOTU17254	diagnosis	RA	0.308613444086921	0.416600472556878	77	11	0.461263787947443	0.879329382568776
HROV-vOTU45183	Sex	M	0.438998454710146	0.592801603538272	77	75	0.461409183087429	0.879329382568776
HROV-vOTU33206	diagnosis	RA	0.394223300389144	0.532197482311313	77	23	0.4612901109046	0.879329382568776
HROV-vOTU14455	diagnosis	RA	-0.359313507801033	0.485289967317821	77	70	0.461492827514629	0.879329382568776
HROV-vOTU08970	Smoking_Status	Former_Smoker	1.12525423481444	1.51892285325516	77	38	0.461243377440072	0.879329382568776
HROV-vOTU27563	Sex	M	0.471200384473556	0.636205997960479	77	55	0.461353421630394	0.879329382568776
HROV-vOTU22046	Smoking_Status	Former_Smoker	0.908359698840458	1.22619355362009	77	33	0.461259937462372	0.879329382568776
HROV-vOTU20031	Sex	M	0.564061575090027	0.761838118714605	77	50	0.461501474303265	0.879329382568776
HROV-vOTU25762	Smoking_Status	Former_Smoker	1.0788709263938	1.45616538674717	77	30	0.461198306301738	0.879329382568776
HROV-vOTU55586	diagnosis	RA	-0.631361933840306	0.852815164351666	77	33	0.461542925596672	0.879329382568776
HROV-vOTU54723	Age	Age	0.117913398932055	0.159235135600869	77	10	0.461439362500538	0.879329382568776
HROV-vOTU10047	Age	Age	-0.23679528291483	0.319851396339109	77	24	0.461541573154497	0.879329382568776
HROV-vOTU56010	Smoking_Status	Never_Smoker	0.47146238877665	0.637217887300865	77	53	0.461814570127479	0.87941209388154
HROV-vOTU08296	Age	Age	0.178681576673544	0.241502449811999	77	27	0.461815452166884	0.87941209388154
HROV-vOTU21744	Smoking_Status	Former_Smoker	0.780606050468662	1.05473077285304	77	19	0.461679775159784	0.87941209388154
HROV-vOTU04552	Smoking_Status	Former_Smoker	1.62277976682828	2.19250740864234	77	39	0.461650781358806	0.87941209388154
HROV-vOTU09000	Smoking_Status	Never_Smoker	0.587947030891529	0.794549610590633	77	17	0.46175489321539	0.87941209388154
HROV-vOTU53729	Sex	M	0.386857941362351	0.522769421108986	77	20	0.461730073527899	0.87941209388154
HROV-vOTU32051	diagnosis	RA	0.53271730413547	0.720096677809624	77	62	0.461869116155491	0.879429260859282
HROV-vOTU11143	Smoking_Status	Former_Smoker	-1.02120567769217	1.38050538865139	77	36	0.461900839746152	0.879429260859282
HROV-vOTU55610	Sex	M	0.402949432610628	0.544837847963578	77	71	0.461995170360359	0.879463446305097
HROV-vOTU16270	Sex	M	-1.04763291478187	1.41652388499383	77	44	0.461993164220287	0.879463446305097
HROV-vOTU63559	Age	Age	-0.169664821382454	0.229457573515033	77	28	0.462091584429921	0.879525399176754
HROV-vOTU05229	Smoking_Status	Former_Smoker	-0.584928362175213	0.791089198735886	77	8	0.46210409596347	0.879525399176754
HROV-vOTU55544	Age	Age	0.228348437454476	0.308915281707121	77	21	0.462225865812332	0.879539096889862
HROV-vOTU24693	Sex	M	0.352846328445012	0.477330203460328	77	12	0.462217613788685	0.879539096889862
HROV-vOTU52822	Sex	M	0.634431091549139	0.858167926014601	77	26	0.462170896660799	0.879539096889862
HROV-vOTU38736	Age	Age	-0.176141285264852	0.238310243716167	77	63	0.462267147012705	0.879544976512112
HROV-vOTU57831	Age	Age	-0.206440644252508	0.279359785471417	77	42	0.462356615150477	0.879642531756752
HROV-vOTU52970	diagnosis	RA	0.249014817848893	0.337016515433407	77	12	0.462415456852063	0.879681808301918
HROV-vOTU39637	Age	Age	-0.168610085463284	0.228237549628312	77	22	0.46249507836909	0.879759880003647
HROV-vOTU05941	Smoking_Status	Former_Smoker	-0.767660516833047	1.03922501270173	77	13	0.462532897398357	0.879759880003647
HROV-vOTU18618	Sex	M	-0.369811880018042	0.500776786870605	77	63	0.462659099822352	0.879854588679502
HROV-vOTU55294	Age	Age	-0.0789986876456754	0.106966161954895	77	9	0.462621332024592	0.879854588679502
HROV-vOTU38298	Age	Age	0.249125021664792	0.337465592488342	77	48	0.46281184192857	0.879857968195007
HROV-vOTU71197	Smoking_Status	Never_Smoker	-0.388479950908969	0.526231573502643	77	11	0.462807882320668	0.879857968195007
HROV-vOTU52390	diagnosis	RA	0.438208607270211	0.59346726670403	77	29	0.462713022938552	0.879857968195007
HROV-vOTU10989	Age	Age	-0.173166500381136	0.234572899969059	77	12	0.462813696340179	0.879857968195007
HROV-vOTU38220	Smoking_Status	Former_Smoker	-0.990671876806144	1.34229333151994	77	65	0.46292005560635	0.879965917494812
HROV-vOTU22477	Sex	M	0.399328192451406	0.541180861057414	77	11	0.46301739187604	0.879965917494812
HROV-vOTU01659	diagnosis	RA	-0.120631797100462	0.163464443949669	77	9	0.462965109065469	0.879965917494812
HROV-vOTU06411	diagnosis	RA	-0.225045372270797	0.304991908953286	77	11	0.463023316899789	0.879965917494812
HROV-vOTU14097	Age	Age	0.224514273542717	0.304326878420334	77	53	0.463103472878347	0.880045629209368
HROV-vOTU17790	Smoking_Status	Never_Smoker	0.792135715483696	1.07694517235456	77	59	0.464433925317927	0.880336567164897
HROV-vOTU34622	Smoking_Status	Former_Smoker	0.9438298448326	1.283022371532	77	72	0.464379133213173	0.880336567164897
HROV-vOTU20894	Smoking_Status	Never_Smoker	-0.563590854594906	0.766630884041149	77	22	0.464667887433133	0.880336567164897
HROV-vOTU29429	Sex	M	0.463617988405724	0.630205822611642	77	65	0.464360289939454	0.880336567164897
HROV-vOTU10171	Age	Age	-0.108245245842679	0.147139579856545	77	75	0.464358801475374	0.880336567164897
HROV-vOTU05127	Sex	M	-0.553543992306133	0.751744237654054	77	34	0.463946066712987	0.880336567164897
HROV-vOTU46902	Sex	M	0.636182865874045	0.865325625378521	77	38	0.464642506881637	0.880336567164897
HROV-vOTU18513	Age	Age	-0.266855131608858	0.362275823516285	77	62	0.463788012077012	0.880336567164897
HROV-vOTU42542	diagnosis	RA	-0.613026317593912	0.831996972300476	77	38	0.463663775852394	0.880336567164897
HROV-vOTU08970	Smoking_Status	Never_Smoker	0.791179376407415	1.07598263800763	77	38	0.46457357357893	0.880336567164897
HROV-vOTU44878	Sex	M	0.416872461145101	0.565889477440833	77	73	0.463751735986925	0.880336567164897
HROV-vOTU16004	diagnosis	RA	-0.438829608569473	0.596473132971834	77	48	0.464332450291543	0.880336567164897
HROV-vOTU71934	Age	Age	-0.244280726815518	0.332210202874609	77	11	0.464566870961401	0.880336567164897
HROV-vOTU06489	diagnosis	RA	-0.69903808372015	0.94913957116251	77	34	0.463855112975373	0.880336567164897
HROV-vOTU10151	Age	Age	-0.250672580027559	0.340921151163005	77	65	0.4645907938867	0.880336567164897
HROV-vOTU62380	diagnosis	RA	0.395797090879568	0.53818628915136	77	31	0.464501579440187	0.880336567164897
HROV-vOTU33468	Sex	M	0.363454358102332	0.493809091251499	77	69	0.464142081087568	0.880336567164897
HROV-vOTU60571	Smoking_Status	Former_Smoker	-1.12041772899122	1.52209327918379	77	40	0.46409298293776	0.880336567164897
HROV-vOTU02961	diagnosis	RA	-0.410086900261841	0.556367446476695	77	45	0.463502968948472	0.880336567164897
HROV-vOTU63000	Sex	M	0.549256651888947	0.74540327455622	77	16	0.463636443224977	0.880336567164897
HROV-vOTU49020	Sex	M	0.469859653145395	0.638273020769664	77	15	0.464069447660458	0.880336567164897
HROV-vOTU12978	Smoking_Status	Former_Smoker	1.3397029296553	1.82218022300194	77	44	0.46462737164583	0.880336567164897
HROV-vOTU69966	Age	Age	-0.28155125949832	0.382181826949243	77	43	0.463735480295149	0.880336567164897
HROV-vOTU11494	Smoking_Status	Never_Smoker	0.95197364568973	1.29371494841215	77	53	0.464249146028074	0.880336567164897
HROV-vOTU00058	Age	Age	-0.219316582595355	0.297621028653528	77	20	0.463612009463325	0.880336567164897
HROV-vOTU03141	Sex	M	0.348991985503671	0.474158299050999	77	16	0.46414075096276	0.880336567164897
HROV-vOTU52072	Smoking_Status	Former_Smoker	0.931063807880431	1.26421419207164	77	16	0.463867387391513	0.880336567164897
HROV-vOTU12645	diagnosis	RA	-0.394071692004829	0.535667824462648	77	27	0.464358434271262	0.880336567164897
HROV-vOTU03367	Smoking_Status	Former_Smoker	0.625067613995023	0.848929348425498	77	10	0.463973317485461	0.880336567164897
HROV-vOTU49493	Smoking_Status	Never_Smoker	0.487940028251146	0.663230810010076	77	13	0.464335813251933	0.880336567164897
HROV-vOTU55195	diagnosis	RA	0.355933544568818	0.483078084549534	77	19	0.46366971250552	0.880336567164897
HROV-vOTU62511	diagnosis	RA	-0.187021894905483	0.254400399074094	77	10	0.464670920992466	0.880336567164897
HROV-vOTU51625	Smoking_Status	Former_Smoker	1.03446283444538	1.40376735314529	77	23	0.463599809070793	0.880336567164897
HROV-vOTU31817	Sex	M	-0.691451661071381	0.938260559711609	77	23	0.4635807259679	0.880336567164897
HROV-vOTU38189	diagnosis	RA	-0.152068008211095	0.206833366118309	77	9	0.464627290447204	0.880336567164897
HROV-vOTU05049	Sex	M	0.254253666905482	0.34538404827978	77	11	0.464066082314879	0.880336567164897
HROV-vOTU67717	diagnosis	RA	0.245825003757664	0.334338288655017	77	9	0.464604055401301	0.880336567164897
HROV-vOTU18787	Age	Age	-0.165124449989795	0.22469883746994	77	53	0.46483900675837603	0.880437727251041
HROV-vOTU12907	Smoking_Status	Former_Smoker	1.05267066351721	1.43237750174432	77	48	0.464813944767954	0.880437727251041
HROV-vOTU22387	Smoking_Status	Former_Smoker	-0.892235135325705	1.21408594984953	77	26	0.464819209949039	0.880437727251041
HROV-vOTU74846	Smoking_Status	Former_Smoker	0.713952005884586	0.971852573181617	77	26	0.464984354501984	0.880640599028018
HROV-vOTU67626	Sex	M	-0.523918858447741	0.71407480046601	77	32	0.465545661969283	0.880748461488117
HROV-vOTU40817	diagnosis	RA	-0.348150880271631	0.474626802896991	77	76	0.465653203086379	0.880748461488117
HROV-vOTU05573	Age	Age	0.261361060648029	0.356207291358469	77	30	0.465527491039059	0.880748461488117
HROV-vOTU42045	Age	Age	0.244619323469192	0.333163562517988	77	38	0.465225341386738	0.880748461488117
HROV-vOTU48984	Smoking_Status	Former_Smoker	-0.620593903250902	0.845646372314432	77	10	0.465444962041483	0.880748461488117
HROV-vOTU75934	diagnosis	RA	-0.338486392825401	0.461350119734934	77	41	0.465555637077838	0.880748461488117
HROV-vOTU09864	Sex	M	0.576377815624457	0.785636041759768	77	28	0.46558093450861	0.880748461488117
HROV-vOTU14344	Smoking_Status	Never_Smoker	-0.383931266541579	0.522892077179684	77	12	0.465216990880501	0.880748461488117
HROV-vOTU27110	Smoking_Status	Never_Smoker	0.353573439140355	0.481689798868873	77	10	0.465349289312841	0.880748461488117
HROV-vOTU27480	Sex	M	-0.439422618922043	0.598574766218635	77	39	0.465296243939518	0.880748461488117
HROV-vOTU66680	Smoking_Status	Former_Smoker	0.553147563324058	0.753357574177827	77	17	0.465218603769904	0.880748461488117
HROV-vOTU37184	diagnosis	RA	0.274184303136977	0.373781079340505	77	27	0.465642932555657	0.880748461488117
HROV-vOTU52970	Age	Age	0.126639769356307	0.172425176305042	77	12	0.46508592787698	0.880748461488117
HROV-vOTU48140	Sex	M	0.361565891222535	0.49255025598685	77	21	0.465323983892992	0.880748461488117
HROV-vOTU14589	Sex	M	0.497814886805148	0.678444025890209	77	23	0.465511342903654	0.880748461488117
HROV-vOTU09662	diagnosis	RA	0.292190405860447	0.398081951356418	77	11	0.465368451081837	0.880748461488117
HROV-vOTU39537	Smoking_Status	Former_Smoker	0.66761293590616	0.910546703779903	77	31	0.465850395383171	0.880859312332267
HROV-vOTU06779	Age	Age	0.182222020807253	0.248537785800947	77	12	0.465864803482719	0.880859312332267
HROV-vOTU65470	Smoking_Status	Former_Smoker	0.418474371240701	0.570726077335918	77	9	0.465831332519172	0.880859312332267
HROV-vOTU57641	Smoking_Status	Never_Smoker	0.39027932589399	0.532257696509829	77	11	0.465818597560449	0.880859312332267
HROV-vOTU74826	diagnosis	RA	0.192067094773087	0.262001710073663	77	14	0.465925769341562	0.880902263191543
HROV-vOTU70020	diagnosis	RA	-0.169679140880855	0.231541812569828	77	8	0.466079018778045	0.881119668564963
HROV-vOTU00906	diagnosis	RA	-0.336268705685046	0.45908370578904	77	73	0.466288123038325	0.881167672008019
HROV-vOTU47170	Smoking_Status	Former_Smoker	-1.1515180666042	1.57227923637939	77	39	0.466342828835542	0.881167672008019
HROV-vOTU04446	Sex	M	0.530903729449639	0.724854401222784	77	18	0.466318369669536	0.881167672008019
HROV-vOTU23315	Sex	M	0.67630904091784	0.923082844365614	77	38	0.466175688332531	0.881167672008019
HROV-vOTU61538	Smoking_Status	Former_Smoker	1.29892215085589	1.77381461987278	77	36	0.466410504636464	0.881167672008019
HROV-vOTU04431	Sex	M	0.442058836614569	0.603627561779259	77	18	0.466373569166335	0.881167672008019
HROV-vOTU45043	Smoking_Status	Never_Smoker	0.682238457794366	0.931316900180484	77	12	0.46624298360253	0.881167672008019
HROV-vOTU39835	Age	Age	-0.119394010736047	0.16296842268396	77	11	0.466201700894386	0.881167672008019
HROV-vOTU32825	Age	Age	0.198357905457303	0.270965858272361	77	68	0.466553595751352	0.881221135910246
HROV-vOTU01188	Smoking_Status	Never_Smoker	0.286063401974505	0.390744123201088	77	9	0.46651791134007	0.881221135910246
HROV-vOTU67717	Smoking_Status	Former_Smoker	-0.590178084344848	0.806197800947656	77	9	0.46654692120009	0.881221135910246
HROV-vOTU04196	Smoking_Status	Former_Smoker	0.445668546775233	0.609127707117403	77	76	0.466790047259935	0.881285894406055
HROV-vOTU21834	diagnosis	RA	-0.708516966894243	0.968143566700168	77	61	0.46668081869881	0.881285894406055
HROV-vOTU12196	Smoking_Status	Former_Smoker	1.50797321696544	2.06074635429563	77	64	0.466723140530357	0.881285894406055
HROV-vOTU38490	Sex	M	0.353292841182134	0.482893826370352	77	11	0.466810944833581	0.881285894406055
HROV-vOTU48198	Smoking_Status	Former_Smoker	-0.843466983869782	1.15252685768104	77	25	0.466674131356805	0.881285894406055
HROV-vOTU18134	Smoking_Status	Former_Smoker	0.643742979868377	0.880036767748006	77	17	0.46688401602508	0.881285894406055
HROV-vOTU30978	Age	Age	-0.237323212533525	0.324442930100646	77	20	0.466894016398101	0.881285894406055
HROV-vOTU10594	Sex	M	0.330187922401966	0.451392741905112	77	9	0.466889204477176	0.881285894406055
HROV-vOTU17933	Age	Age	0.193736479833977	0.264903031724042	77	35	0.466973143670496	0.881363014156002
HROV-vOTU52390	Age	Age	0.2220277784198	0.303631108288916	77	29	0.467037957983906	0.881413109265701
HROV-vOTU60823	Sex	M	0.509249200785314	0.696495532386665	77	67	0.467088054876528	0.881435423124093
HROV-vOTU12332	diagnosis	RA	0.276389931944474	0.378059747498948	77	9	0.467139390026619	0.881460069833104
HROV-vOTU06820	Smoking_Status	Former_Smoker	0.850266127638497	1.16325074717999	77	19	0.467221370985262	0.881491663554463
HROV-vOTU36674	Smoking_Status	Former_Smoker	-0.958054104503122	1.31074911207217	77	14	0.467232685063366	0.881491663554463
HROV-vOTU65507	Smoking_Status	Former_Smoker	0.869487889763258	1.18995965062958	77	40	0.467374846196549	0.8816876399006
HROV-vOTU24513	Smoking_Status	Former_Smoker	0.868998831665441	1.19017511065412	77	73	0.467704699760594	0.881704967553153
HROV-vOTU07424	Sex	M	0.481234004788552	0.658739087194532	77	50	0.467465169208957	0.881704967553153
HROV-vOTU01702	Sex	M	-0.581460018623113	0.796544279630433	77	40	0.467805167109508	0.881704967553153
HROV-vOTU47931	Smoking_Status	Never_Smoker	-0.964411682128597	1.32055975161255	77	60	0.467606587726276	0.881704967553153
HROV-vOTU49004	Smoking_Status	Former_Smoker	1.24430033929903	1.7044495876918	77	54	0.467773388265322	0.881704967553153
HROV-vOTU65585	Smoking_Status	Former_Smoker	-1.10568936527179	1.51442741925007	77	43	0.46772885956502	0.881704967553153
HROV-vOTU62550	Smoking_Status	Former_Smoker	-1.05688181027038	1.44760724224151	77	18	0.467738041411768	0.881704967553153
HROV-vOTU10940	Sex	M	0.669049948345399	0.91616334946798	77	52	0.467625764685165	0.881704967553153
HROV-vOTU67736	diagnosis	RA	-0.398450540536518	0.545720181236919	77	48	0.467708705647809	0.881704967553153
HROV-vOTU02103	diagnosis	RA	0.526781379326602	0.721300894223439	77	33	0.467596846493126	0.881704967553153
HROV-vOTU05429	diagnosis	RA	0.30134402132125	0.41251641384883603	77	30	0.467487157475151	0.881704967553153
HROV-vOTU26417	Sex	M	0.610784589903353	0.836917330920009	77	23	0.467911780968599	0.881833741056206
HROV-vOTU35521	Smoking_Status	Former_Smoker	1.30839242826341	1.79319355744651	77	41	0.468008412594812	0.881856724899631
HROV-vOTU08556	Smoking_Status	Former_Smoker	0.840926129806287	1.1535912468796	77	74	0.468421704212249	0.881856724899631
HROV-vOTU75483	Smoking_Status	Never_Smoker	0.936130530757549	1.28458711370091	77	60	0.468557450326682	0.881856724899631
HROV-vOTU27016	Age	Age	-0.13366689873231	0.183314728256556	77	63	0.468298623208593	0.881856724899631
HROV-vOTU46032	Age	Age	0.257846432250768	0.353671695687684	77	15	0.468365657614075	0.881856724899631
HROV-vOTU45549	Age	Age	-0.136221237684355	0.186857329971358	77	73	0.46839232988956	0.881856724899631
HROV-vOTU48596	Sex	M	-0.587157472460432	0.80551774645745	77	30	0.468448657503357	0.881856724899631
HROV-vOTU53905	Smoking_Status	Never_Smoker	-0.57863734795429	0.793495151827832	77	73	0.468262220066187	0.881856724899631
HROV-vOTU03164	Smoking_Status	Never_Smoker	0.381420687166848	0.522944266037826	77	10	0.4681737820397	0.881856724899631
HROV-vOTU09006	diagnosis	RA	-0.353799105194684	0.485450276646137	77	27	0.46851752960796	0.881856724899631
HROV-vOTU25898	Smoking_Status	Never_Smoker	0.847125499588973	1.16114491749174	77	20	0.468058964534376	0.881856724899631
HROV-vOTU73771	Smoking_Status	Never_Smoker	0.653372143577407	0.89629942607936	77	37	0.468420070783516	0.881856724899631
HROV-vOTU51438	Smoking_Status	Former_Smoker	0.676510508080455	0.928365165573913	77	20	0.468574934546104	0.881856724899631
HROV-vOTU25654	Sex	M	-0.388967128012154	0.533454465083756	77	15	0.468309814767338	0.881856724899631
HROV-vOTU49399	Smoking_Status	Never_Smoker	0.609540848853854	0.836280252088653	77	23	0.468477742032543	0.881856724899631
HROV-vOTU61977	Age	Age	0.205808178703392	0.282242803878179	77	18	0.468285112839743	0.881856724899631
HROV-vOTU39131	diagnosis	RA	0.237404474239559	0.325355270005624	77	15	0.46798779050963	0.881856724899631
HROV-vOTU52475	diagnosis	RA	-0.52657119527602	0.722730320050439	77	49	0.468651330539749	0.881901915289356
HROV-vOTU19088	Age	Age	-0.210544825926393	0.288993101341967	77	34	0.468675533705012	0.881901915289356
HROV-vOTU21405	Smoking_Status	Never_Smoker	-0.59653094423029	0.818968207698123	77	11	0.468768523800493	0.881968495238637
HROV-vOTU05574	diagnosis	RA	0.234508589754151	0.321967054787391	77	10	0.468787509779251	0.881968495238637
HROV-vOTU32998	Smoking_Status	Never_Smoker	0.344886732443898	0.473568464667974	77	9	0.468842185723311	0.88199930870837
HROV-vOTU73961	Sex	M	-0.561320855559291	0.770904488861628	77	18	0.46892694566858	0.882068287982157
HROV-vOTU09275	Sex	M	0.44500026054840103	0.611191937383409	77	8	0.468955454539884	0.882068287982157
HROV-vOTU43676	diagnosis	RA	-0.525457218624574	0.722208749366403	77	63	0.469269529373351	0.882083497830927
HROV-vOTU47141	diagnosis	RA	0.491654347534424	0.675494165207653	77	40	0.469102666728165	0.882083497830927
HROV-vOTU05156	Smoking_Status	Former_Smoker	-1.14171971160688	1.56882641642108	77	45	0.46915739498577	0.882083497830927
HROV-vOTU47608	Sex	M	0.496629341846029	0.682469629051921	77	30	0.46919365027622	0.882083497830927
HROV-vOTU41921	Age	Age	0.212222114490125	0.291686571390108	77	35	0.469269952905971	0.882083497830927
HROV-vOTU49134	diagnosis	RA	-0.548184511275324	0.753090418663649	77	46	0.469060497465519	0.882083497830927
HROV-vOTU36674	diagnosis	RA	-0.395562896656296	0.543580762030316	77	14	0.469191178117598	0.882083497830927
HROV-vOTU37360	Smoking_Status	Former_Smoker	-0.991316571445796	1.36174000332496	77	18	0.469021206446073	0.882083497830927
HROV-vOTU40973	Age	Age	-0.0997149781731514	0.137066915171804	77	14	0.469317296864115	0.882100493493886
HROV-vOTU18653	Smoking_Status	Former_Smoker	0.658428257119264	0.905232362488208	77	68	0.469398203990526	0.882108579184155
HROV-vOTU72964	Age	Age	-0.0840046762109578	0.115488170202214	77	8	0.469380291679128	0.882108579184155
HROV-vOTU26158	Smoking_Status	Former_Smoker	0.701868996817732	0.965274608413806	77	30	0.469544170592365	0.882186367425529
HROV-vOTU13787	Age	Age	-0.192715548007395	0.2650462890623	77	26	0.46955451549727	0.882186367425529
HROV-vOTU26399	Smoking_Status	Never_Smoker	0.473148588996496	0.650694583366973	77	28	0.469528698733006	0.882186367425529
HROV-vOTU66467	diagnosis	RA	-0.349160177163443	0.480598483016645	77	77	0.469913916175491	0.882285789134319
HROV-vOTU31699	Age	Age	-0.185540749384191	0.255347428765984	77	52	0.469847177409328	0.882285789134319
HROV-vOTU15151	Sex	M	0.472560403082771	0.650245437950718	77	29	0.469773618123858	0.882285789134319
HROV-vOTU05205	Sex	M	0.317472267746427	0.436974131534327	77	54	0.469906013868977	0.882285789134319
HROV-vOTU07160	diagnosis	RA	-0.454160108259377	0.624984535330674	77	42	0.469814680107504	0.882285789134319
HROV-vOTU63698	Sex	M	0.507420042858909	0.69836657571851	77	20	0.469871267496144	0.882285789134319
HROV-vOTU46324	Smoking_Status	Never_Smoker	0.735583448858794	1.01192177081165	77	35	0.469666632083206	0.882285789134319
HROV-vOTU24359	Smoking_Status	Former_Smoker	-0.829413719548043	1.14116554475258	77	13	0.469730262647766	0.882285789134319
HROV-vOTU52852	Sex	M	0.501639372483242	0.690595013230768	77	48	0.469989435197768	0.882296037483482
HROV-vOTU19927	Sex	M	-0.565544141484775	0.778582737596951	77	23	0.469995995998583	0.882296037483482
HROV-vOTU29919	Age	Age	-0.237364736321308	0.326832111239995	77	49	0.470067562329738	0.882358461199273
HROV-vOTU59570	diagnosis	RA	-0.374921706978374	0.517415080853973	77	73	0.471075403220467	0.882395954000871
HROV-vOTU43804	diagnosis	RA	-0.446274125072329	0.61579942792042	77	68	0.47101341188542	0.882395954000871
HROV-vOTU11952	Sex	M	0.514402725787446	0.709982016831545	77	64	0.471121790132688	0.882395954000871
HROV-vOTU05159	diagnosis	RA	0.28029703583556	0.386594421073764	77	10	0.470809371239272	0.882395954000871
HROV-vOTU33001	Sex	M	0.472086795085237	0.650323071064149	77	64	0.470270024585054	0.882395954000871
HROV-vOTU04125	Sex	M	0.511509400352936	0.704499997702871	77	22	0.470188620536014	0.882395954000871
HROV-vOTU13303	Smoking_Status	Never_Smoker	-0.477296175047741	0.657865445302214	77	20	0.470516247585145	0.882395954000871
HROV-vOTU43598	Age	Age	0.100019787754218	0.13785588856173	77	11	0.470506343221725	0.882395954000871
HROV-vOTU25853	Smoking_Status	Former_Smoker	-1.05273679656627	1.45234306502388	77	27	0.470923697144812	0.882395954000871
HROV-vOTU49589	Sex	M	0.501151257232394	0.691692648834058	77	22	0.471122043004547	0.882395954000871
HROV-vOTU45720	Smoking_Status	Never_Smoker	1.12549401191168	1.55239249716542	77	32	0.47083101831582	0.882395954000871
HROV-vOTU67441	Smoking_Status	Former_Smoker	0.701656156666752	0.96646951947518	77	8	0.470225737495512	0.882395954000871
HROV-vOTU54940	diagnosis	RA	-0.32932452246579	0.454424740917324	77	54	0.471013741216406	0.882395954000871
HROV-vOTU64896	Sex	M	0.328707806735962	0.453602878100368	77	19	0.47104211596573	0.882395954000871
HROV-vOTU36327	Age	Age	0.182355710103449	0.251605563387507	77	16	0.470976065440457	0.882395954000871
HROV-vOTU50244	diagnosis	RA	-0.322103864746315	0.443911144619413	77	23	0.470466350163234	0.882395954000871
HROV-vOTU69548	Smoking_Status	Former_Smoker	0.8327378164358	1.1480245283062	77	27	0.470611698583496	0.882395954000871
HROV-vOTU69926	Age	Age	0.17388307151613	0.239560130979964	77	8	0.470320870622647	0.882395954000871
HROV-vOTU17607	Sex	M	-0.603293827046948	0.831486445934104	77	54	0.470493005120933	0.882395954000871
HROV-vOTU37583	Smoking_Status	Never_Smoker	1.03063961512646	1.41952438217991	77	56	0.470197428445918	0.882395954000871
HROV-vOTU02036	Smoking_Status	Former_Smoker	-0.869533387966613	1.19848046618423	77	13	0.47051174347194	0.882395954000871
HROV-vOTU49966	Smoking_Status	Never_Smoker	0.867853796230582	1.19670225032279	77	46	0.47071009385181	0.882395954000871
HROV-vOTU40801	Smoking_Status	Never_Smoker	0.486366133403909	0.670932810045017	77	10	0.470889392770619	0.882395954000871
HROV-vOTU03165	Age	Age	-0.105637542932542	0.145627068007075	77	20	0.470592289874402	0.882395954000871
HROV-vOTU13492	Age	Age	-0.0714545461169434	0.0985328918470308	77	10	0.470722129402264	0.882395954000871
HROV-vOTU12145	diagnosis	RA	-0.356570951817609	0.491630816575057	77	16	0.470662859464364	0.882395954000871
HROV-vOTU25315	diagnosis	RA	0.298882309365395	0.41237509957872	77	13	0.470967263441878	0.882395954000871
HROV-vOTU43151	Smoking_Status	Former_Smoker	-1.39074140046281	1.92052225810652	77	37	0.471354628955103	0.882482180446532
HROV-vOTU45175	Smoking_Status	Former_Smoker	1.04928171683583	1.44900547820893	77	58	0.471359674410455	0.882482180446532
HROV-vOTU08028	diagnosis	RA	-0.482119204641745	0.665727252061696	77	67	0.471323036802343	0.882482180446532
HROV-vOTU29201	Sex	M	-0.567738304766546	0.784002114654268	77	48	0.471350637267177	0.882482180446532
HROV-vOTU45433	Smoking_Status	Never_Smoker	0.524958636797633	0.724873747867938	77	19	0.471318339448107	0.882482180446532
HROV-vOTU04917	diagnosis	RA	-0.576901882604522	0.796834847558599	77	69	0.471449630972115	0.882578849072331
HROV-vOTU35709	Sex	M	0.45920080195207	0.634344041028555	77	35	0.471506448330533	0.882613468670421
HROV-vOTU05726	Age	Age	0.157475073979675	0.217698353770387	77	72	0.471832956899856	0.882996212580567
HROV-vOTU27248	Smoking_Status	Never_Smoker	0.680982613631203	0.941543978124716	77	63	0.471895238603491	0.882996212580567
HROV-vOTU27546	diagnosis	RA	-0.203993807592531	0.282051772410222	77	74	0.471902621990517	0.882996212580567
HROV-vOTU53729	Age	Age	-0.146590367691779	0.202647533079636	77	20	0.471825396044514	0.882996212580567
HROV-vOTU53543	Age	Age	0.142473608691011	0.196978798719624	77	16	0.471875387945292	0.882996212580567
HROV-vOTU69010	Sex	M	0.58317641742134	0.80667549763341	77	50	0.472092770783611	0.883088164737144
HROV-vOTU74149	Age	Age	-0.221187228657039	0.305964566274208	77	32	0.472105144778277	0.883088164737144
HROV-vOTU42350	Age	Age	-0.221369311185092	0.306181732116014	77	40	0.472055112525099	0.883088164737144
HROV-vOTU21251	Age	Age	-0.130749150066787	0.180840855068045	77	13	0.472050859288282	0.883088164737144
HROV-vOTU35627	diagnosis	RA	-0.522945652282971	0.723486647421813	77	61	0.472169049379672	0.883135970698762
HROV-vOTU48856	Smoking_Status	Never_Smoker	1.0779154303252	1.49152125417025	77	45	0.472240995108517	0.883142384458747
HROV-vOTU52713	Smoking_Status	Former_Smoker	0.933619089053196	1.29188105103073	77	47	0.47224917345243	0.883142384458747
HROV-vOTU03566	Smoking_Status	Former_Smoker	-1.06030377410699	1.46763181570039	77	36	0.472385342512975	0.883325303513625
HROV-vOTU00850	Smoking_Status	Never_Smoker	0.583832684438408	0.808374564803956	77	19	0.472524965972797	0.883442926315433
HROV-vOTU38489	Sex	M	-0.379881601480605	0.525952328293832	77	19	0.47249843574987	0.883442926315433
HROV-vOTU58030	Age	Age	-0.189488595042962	0.262537738283354	77	63	0.47281387687103	0.883728519771801
HROV-vOTU24826	diagnosis	RA	-0.252485251082077	0.349861197714016	77	63	0.472865773616308	0.883728519771801
HROV-vOTU06386	Smoking_Status	Never_Smoker	-0.479128141740808	0.664034696749546	77	19	0.472946331141444	0.883728519771801
HROV-vOTU35516	Age	Age	0.242967215648323	0.336682112131808	77	35	0.472878570974139	0.883728519771801
HROV-vOTU60122	Sex	M	0.552087026128618	0.765137964955283	77	24	0.472939342333136	0.883728519771801
HROV-vOTU67235	Smoking_Status	Never_Smoker	0.2639308835906	0.365710167536298	77	8	0.472852630791414	0.883728519771801
HROV-vOTU52850	Age	Age	0.0950098387870563	0.131648207608767	77	9	0.472852169974059	0.883728519771801
HROV-vOTU74139	Smoking_Status	Never_Smoker	-1.10105826673868	1.52749261355964	77	48	0.473382595562155	0.883795738820776
HROV-vOTU39947	Smoking_Status	Never_Smoker	0.705248664388129	0.977933193431065	77	75	0.473177646593037	0.883795738820776
HROV-vOTU69467	Sex	M	0.319556396101964	0.443418161392731	77	74	0.47348119086282	0.883795738820776
HROV-vOTU01290	Age	Age	0.161816634973876	0.224477702236935	77	67	0.47336353986704	0.883795738820776
HROV-vOTU05768	Smoking_Status	Never_Smoker	0.748854313714516	1.03815976314857	77	35	0.473076061327648	0.883795738820776
HROV-vOTU41294	diagnosis	RA	0.267840246134288	0.371371597951516	77	54	0.473143063927495	0.883795738820776
HROV-vOTU42326	Sex	M	0.458782325378609	0.636241278568452	77	44	0.473226627728102	0.883795738820776
HROV-vOTU31912	Sex	M	0.575738573360838	0.798679950673235	77	25	0.473360913571055	0.883795738820776
HROV-vOTU67833	Smoking_Status	Never_Smoker	0.912051127936683	1.2645677599767	77	50	0.473132982112569	0.883795738820776
HROV-vOTU67292	Age	Age	0.177603692673049	0.246423387856873	77	33	0.473444624877971	0.883795738820776
HROV-vOTU50395	Age	Age	-0.1273063193859	0.176534077620454	77	23	0.473189499525494	0.883795738820776
HROV-vOTU54284	Sex	M	-0.311156445147784	0.431722285265858	77	8	0.47344029456151	0.883795738820776
HROV-vOTU36754	Smoking_Status	Never_Smoker	0.378713136025063	0.525257854777303	77	8	0.473274361391106	0.883795738820776
HROV-vOTU01231	Smoking_Status	Never_Smoker	0.949840791973383	1.31812918054499	77	57	0.47352299789327	0.883802142919363
HROV-vOTU01913	Sex	M	-0.472749136731737	0.656190793050932	77	73	0.473616591009654	0.883905193756267
HROV-vOTU00478	Smoking_Status	Never_Smoker	-0.806431998067984	1.11988859738285	77	65	0.473827307577178	0.884145291187783
HROV-vOTU25809	diagnosis	RA	-0.420286037368028	0.583693244872434	77	42	0.473860413770335	0.884145291187783
HROV-vOTU33117	Smoking_Status	Never_Smoker	0.540686800914978	0.750850859869085	77	16	0.473828163325949	0.884145291187783
HROV-vOTU11801	Sex	M	-0.420546306680824	0.58418462218814	77	8	0.473958397097261	0.884184842863501
HROV-vOTU59311	diagnosis	RA	-0.329810786972123	0.45813278708943	77	26	0.473948477533597	0.884184842863501
HROV-vOTU28293	diagnosis	RA	-0.410737298196192	0.570608755498892	77	74	0.473996933220017	0.884185110323748
HROV-vOTU09655	diagnosis	RA	-0.378962174918859	0.526537310582118	77	23	0.474056772582749	0.884197381115259
HROV-vOTU71891	Age	Age	0.113856089159869	0.158202282181011	77	21	0.474080297959671	0.884197381115259
HROV-vOTU31047	diagnosis	RA	0.258964064409255	0.359895937307053	77	18	0.474162404342135	0.884207301376468
HROV-vOTU36381	Smoking_Status	Former_Smoker	-0.538418889592574	0.748254395062943	77	17	0.474153831866259	0.884207301376468
HROV-vOTU13389	Smoking_Status	Former_Smoker	0.93567353346076	1.30077889105766	77	20	0.474306088029058	0.884292139032024
HROV-vOTU08175	Age	Age	-0.177892940955437	0.2473173701402	77	27	0.474323091335762	0.884292139032024
HROV-vOTU26832	Age	Age	-0.238546581544919	0.33158675126322	77	40	0.47425015301863	0.884292139032024
HROV-vOTU63000	Smoking_Status	Former_Smoker	-0.979450154505243	1.36184738348761	77	16	0.47437398680202	0.884315437595153
HROV-vOTU52308	Smoking_Status	Former_Smoker	-0.936754016715433	1.30306412374835	77	48	0.474570783951276	0.884610696430425
HROV-vOTU31699	Smoking_Status	Former_Smoker	-0.864509974464871	1.20347615076755	77	52	0.474902453923483	0.884817004035946
HROV-vOTU62755	diagnosis	RA	-0.183725045823989	0.255682193116281	77	9	0.47476528129762	0.884817004035946
HROV-vOTU71934	Smoking_Status	Former_Smoker	-1.12471394782833	1.5657375448556	77	11	0.474911983798885	0.884817004035946
HROV-vOTU52407	diagnosis	RA	-0.538028537895249	0.748739390459616	77	43	0.474758441608212	0.884817004035946
HROV-vOTU65515	Sex	M	0.38992113329092	0.542728528920002	77	8	0.474840029391501	0.884817004035946
HROV-vOTU55142	Smoking_Status	Former_Smoker	-0.938903107864553	1.3068689592333	77	15	0.474845490460227	0.884817004035946
HROV-vOTU36919	Age	Age	0.241335937075947	0.336058931707352	77	35	0.475030086452908	0.884965449847151
HROV-vOTU00812	diagnosis	RA	-0.315898734567144	0.440179889087537	77	73	0.475322707020429	0.885074754781032
HROV-vOTU51929	Smoking_Status	Former_Smoker	1.18372146918689	1.6498194707915	77	54	0.475428633503128	0.885074754781032
HROV-vOTU04217	diagnosis	RA	-0.335473898282464	0.467479379490323	77	65	0.475344394829586	0.885074754781032
HROV-vOTU15402	diagnosis	RA	-0.33814736667823	0.471301490843464	77	61	0.475434612173097	0.885074754781032
HROV-vOTU62944	Smoking_Status	Former_Smoker	1.52333945790779	2.12337878428191	77	46	0.475473072781196	0.885074754781032
HROV-vOTU59666	diagnosis	RA	0.358544431703951	0.499516407903647	77	25	0.475246199733569	0.885074754781032
HROV-vOTU55389	diagnosis	RA	-0.514727394340707	0.716964134841939	77	39	0.475158448566228	0.885074754781032
HROV-vOTU17514	Age	Age	-0.198615298733536	0.276667109083977	77	17	0.475183455218341	0.885074754781032
HROV-vOTU67958	Smoking_Status	Never_Smoker	0.613057424986928	0.854353730360897	77	28	0.475377654785268	0.885074754781032
HROV-vOTU00410	Sex	M	0.407169843547228	0.567504706936508	77	13	0.475435684641215	0.885074754781032
HROV-vOTU01482	Smoking_Status	Former_Smoker	0.827188650320832	1.1533925212086	77	73	0.475616639925637	0.885270445121427
HROV-vOTU55067	Smoking_Status	Former_Smoker	1.11785945471028	1.55892616843402	77	46	0.475683239344068	0.885322854541288
HROV-vOTU41365	Age	Age	0.172119878037224	0.2401737235172	77	70	0.475942506904929	0.885663644305374
HROV-vOTU69332	Smoking_Status	Never_Smoker	0.607052476226308	0.84707417183961	77	69	0.475943259310608	0.885663644305374
HROV-vOTU22702	diagnosis	RA	-0.161782168249889	0.225769307888746	77	9	0.475982777940025	0.885665619775292
HROV-vOTU01116	Age	Age	-0.194871041474779	0.271980529346271	77	26	0.476039715731109	0.885700004305012
HROV-vOTU01917	Smoking_Status	Former_Smoker	0.480385111299451	0.670590291591935	77	8	0.47611785670773	0.885773829871478
HROV-vOTU60923	Smoking_Status	Never_Smoker	0.250706175437843	0.350015038531554	77	9	0.476172449808179	0.885803838374988
HROV-vOTU10459	Smoking_Status	Never_Smoker	-0.480250615743701	0.672480496011867	77	54	0.477476946413187	0.885940858091037
HROV-vOTU67273	Smoking_Status	Never_Smoker	0.595803287245968	0.833802712860814	77	72	0.477222933129908	0.885940858091037
HROV-vOTU04221	Age	Age	0.335594613860052	0.469838212569428	77	39	0.47739771549353	0.885940858091037
HROV-vOTU05191	Age	Age	0.184357564053825	0.258091225059957	77	34	0.477376417703255	0.885940858091037
HROV-vOTU35881	Smoking_Status	Never_Smoker	-0.949442609809858	1.32741308180387	77	63	0.476795262131301	0.885940858091037
HROV-vOTU31699	Sex	M	0.470705946997697	0.658719232793245	77	52	0.477213078272895	0.885940858091037
HROV-vOTU09659	Sex	M	0.551893148884415	0.772718616061838	77	55	0.47743108122435	0.885940858091037
HROV-vOTU64705	diagnosis	RA	-0.501437020872973	0.701603537109763	77	26	0.477136983752564	0.885940858091037
HROV-vOTU59318	Sex	M	-0.251964361461201	0.35200903536999	77	76	0.476468908013664	0.885940858091037
HROV-vOTU17380	Sex	M	0.4478144145553	0.626722614556356	77	40	0.477240002435185	0.885940858091037
HROV-vOTU08686	Age	Age	0.156020438863529	0.218469265051779	77	12	0.477474005901207	0.885940858091037
HROV-vOTU49019	Age	Age	-0.168705035061047	0.236253387949786	77	20	0.477515582782633	0.885940858091037
HROV-vOTU25966	Sex	M	-0.310146721469195	0.434040407146607	77	15	0.477225519336941	0.885940858091037
HROV-vOTU22520	Age	Age	0.141890982140079	0.198184368022097	77	12	0.476367652341443	0.885940858091037
HROV-vOTU34848	diagnosis	RA	-0.561769211870162	0.786668319571895	77	46	0.477499139818035	0.885940858091037
HROV-vOTU07581	diagnosis	RA	0.359317252280555	0.502897682643858	77	32	0.477264529133682	0.885940858091037
HROV-vOTU21222	Age	Age	0.159272755627481	0.222463475822904	77	9	0.476370306139015	0.885940858091037
HROV-vOTU52357	Smoking_Status	Former_Smoker	0.724319680941612	1.01226483031014	77	29	0.476619789091539	0.885940858091037
HROV-vOTU08849	Age	Age	0.151240473174349	0.211511091130496	77	24	0.476924427014009	0.885940858091037
HROV-vOTU15731	Smoking_Status	Never_Smoker	0.623485763357976	0.872123779070535	77	23	0.477011847316576	0.885940858091037
HROV-vOTU23614	Smoking_Status	Never_Smoker	0.727079264420943	1.01628392217995	77	30	0.47669001117345	0.885940858091037
HROV-vOTU52112	Smoking_Status	Former_Smoker	1.29298860871474	1.80949318354948	77	40	0.477224796814035	0.885940858091037
HROV-vOTU23789	Age	Age	-0.196498601244904	0.275086037927956	77	27	0.477373191006038	0.885940858091037
HROV-vOTU73490	diagnosis	RA	-0.178542275353344	0.249699771713397	77	10	0.476936521115447	0.885940858091037
HROV-vOTU14975	Age	Age	-0.191959445360921	0.268581978685071	77	41	0.477128904562745	0.885940858091037
HROV-vOTU54132	Smoking_Status	Former_Smoker	0.482398127885413	0.674149158477659	77	11	0.476606156083477	0.885940858091037
HROV-vOTU45435	Sex	M	0.378102905711742	0.528246223299753	77	12	0.476480735190935	0.885940858091037
HROV-vOTU40169	Smoking_Status	Never_Smoker	0.689773595878506	0.965715109198833	77	21	0.477406918113018	0.885940858091037
HROV-vOTU05048	Sex	M	-0.563035621668981	0.788093208575462	77	19	0.477305105069292	0.885940858091037
HROV-vOTU23940	diagnosis	RA	0.140597055877339	0.196787003941778	77	11	0.477283350412809	0.885940858091037
HROV-vOTU69170	Sex	M	-0.312262595729627	0.436903334266116	77	13	0.477126893989726	0.885940858091037
HROV-vOTU24665	Age	Age	-0.0930018809647812	0.130065591122167	77	9	0.476930057147918	0.885940858091037
HROV-vOTU27652	Smoking_Status	Former_Smoker	0.747409310111429	1.04451673974065	77	9	0.476612748573128	0.885940858091037
HROV-vOTU14169	Smoking_Status	Former_Smoker	0.839160988715708	1.1753235329334	77	73	0.477578371821266	0.885985975756707
HROV-vOTU56972	Smoking_Status	Never_Smoker	0.514817012659449	0.721266640102483	77	8	0.47771052232332	0.886099849736019
HROV-vOTU05887	diagnosis	RA	0.370900482110374	0.519644667029769	77	14	0.477716705789076	0.886099849736019
HROV-vOTU56622	Smoking_Status	Never_Smoker	0.967127292496995	1.3561728993557	77	52	0.478102856652623	0.886375934588081
HROV-vOTU60216	Smoking_Status	Never_Smoker	0.645104102378446	0.904617374255614	77	47	0.478106591382077	0.886375934588081
HROV-vOTU04595	Age	Age	-0.182373813084225	0.255701862597405	77	38	0.478042261234851	0.886375934588081
HROV-vOTU75934	Age	Age	-0.168297936972765	0.236037025162842	77	41	0.478173452510739	0.886375934588081
HROV-vOTU26731	Smoking_Status	Former_Smoker	1.0099367860674	1.41634659916834	77	64	0.478147213856344	0.886375934588081
HROV-vOTU74507	Sex	M	0.555451304036801	0.778838817966627	77	39	0.478072741843666	0.886375934588081
HROV-vOTU10690	diagnosis	RA	-0.342218994118031	0.479740912789179	77	54	0.477972817946074	0.886375934588081
HROV-vOTU27284	Smoking_Status	Never_Smoker	-0.49213020300016	0.690042629035259	77	13	0.478066989679853	0.886375934588081
HROV-vOTU07726	Smoking_Status	Never_Smoker	0.491956321194787	0.690100090901931	77	20	0.478258460824508	0.886462161190215
HROV-vOTU17949	diagnosis	RA	-0.475817001239991	0.667778384543583	77	67	0.478467276572743	0.88677783514166
HROV-vOTU22654	Sex	M	0.430304405731771	0.604000203450908	77	76	0.478536806998916	0.886835331551062
HROV-vOTU56198	Age	Age	-0.145659073768666	0.204539377647617	77	69	0.478716529953674	0.886969849970437
HROV-vOTU49879	diagnosis	RA	-0.391048990555105	0.549134695603965	77	74	0.478724934221995	0.886969849970437
HROV-vOTU13583	diagnosis	RA	-0.268672750884356	0.377223551649814	77	12	0.478651738362712	0.886969849970437
HROV-vOTU02375	Smoking_Status	Former_Smoker	-0.301968511764772	0.424083908714112	77	8	0.478767736822457	0.886977795754259
HROV-vOTU04488	Smoking_Status	Former_Smoker	0.80942191634927	1.13706878364466	77	24	0.478890463674867	0.887062444979665
HROV-vOTU65880	Age	Age	-0.129045854926463	0.181271612173237	77	13	0.47886419349659	0.887062444979665
HROV-vOTU56260	Sex	M	0.72684823818901	1.0212297738708	77	41	0.47895901096002	0.887118065176875
HROV-vOTU18787	Smoking_Status	Never_Smoker	0.533698127076408	0.750198811803053	77	53	0.479161718071314	0.887306661849634
HROV-vOTU64896	Smoking_Status	Never_Smoker	0.417588970110621	0.587060003962047	77	19	0.479214948331991	0.887306661849634
HROV-vOTU70337	Age	Age	-0.154175253413635	0.216691884422799	77	10	0.47910854828952	0.887306661849634
HROV-vOTU05414	Age	Age	0.106594984642024	0.149849192005344	77	13	0.479198973849504	0.887306661849634
HROV-vOTU03969	Sex	M	0.601393808927237	0.845722296766719	77	73	0.479351439601084	0.887443756475258
HROV-vOTU72768	Age	Age	-0.257287893831014	0.361828421763794	77	33	0.47936605864317	0.887443756475258
HROV-vOTU75320	diagnosis	RA	-0.396460169516055	0.55760508596440606	77	62	0.479410259935405	0.887454246950597
HROV-vOTU63233	Smoking_Status	Never_Smoker	-0.508010127052254	0.714774520522722	77	11	0.479581173219018	0.887493663337956
HROV-vOTU14202	Sex	M	0.69880703700961	0.983531000184806	77	50	0.479716335447537	0.887493663337956
HROV-vOTU54798	Smoking_Status	Never_Smoker	-0.566391796118725	0.796742396084653	77	65	0.479484675820884	0.887493663337956
HROV-vOTU57842	Smoking_Status	Never_Smoker	0.61130987305414	0.860199684193486	77	22	0.479622680348997	0.887493663337956
HROV-vOTU12645	Age	Age	-0.194719386932847	0.274059622731341	77	27	0.479721454227226	0.887493663337956
HROV-vOTU72056	Age	Age	0.119195640578333	0.167770067756833	77	13	0.479739844328885	0.887493663337956
HROV-vOTU02809	Smoking_Status	Never_Smoker	0.302177745474268	0.425215179627453	77	14	0.479631162261985	0.887493663337956
HROV-vOTU55701	Smoking_Status	Former_Smoker	0.74486180726241	1.04815403630222	77	8	0.479634308685675	0.887493663337956
HROV-vOTU64237	diagnosis	RA	-0.335877305222763	0.473011375159872	77	73	0.479978497548355	0.887523554364135
HROV-vOTU01913	Smoking_Status	Former_Smoker	0.851430764263168	1.19885670628037	77	73	0.479904952379814	0.887523554364135
HROV-vOTU07483	diagnosis	RA	-0.268006876827562	0.377708515053416	77	71	0.480300789644369	0.887523554364135
HROV-vOTU02040	Sex	M	0.586795451190247	0.826709041558976	77	67	0.480154837696035	0.887523554364135
HROV-vOTU50793	Sex	M	-0.610910688273555	0.860931760915255	77	45	0.480280814056153	0.887523554364135
HROV-vOTU75024	Sex	M	0.622899293350788	0.877881330517669	77	36	0.480307978520592	0.887523554364135
HROV-vOTU40737	Sex	M	-0.415748241215891	0.585617220493804	77	15	0.480071690915465	0.887523554364135
HROV-vOTU36685	Smoking_Status	Former_Smoker	0.774170573789483	1.09070760624901	77	18	0.480160613325384	0.887523554364135
HROV-vOTU57988	Sex	M	0.490150107334836	0.690688022953466	77	63	0.480242352036025	0.887523554364135
HROV-vOTU53018	Sex	M	0.6843778869546	0.964688649961715	77	54	0.480381731336322	0.887523554364135
HROV-vOTU68255	Smoking_Status	Former_Smoker	0.63593563296963	0.895549150010243	77	13	0.479963726745636	0.887523554364135
HROV-vOTU15438	Smoking_Status	Former_Smoker	-0.828734107721495	1.16828402049457	77	11	0.480424054301607	0.887523554364135
HROV-vOTU37747	Smoking_Status	Former_Smoker	0.941008631137665	1.32541660603222	77	52	0.480046887914495	0.887523554364135
HROV-vOTU63708	Sex	M	0.502758688519366	0.708520285392172	77	34	0.480282524270348	0.887523554364135
HROV-vOTU63483	Smoking_Status	Former_Smoker	-0.448965700528554	0.632953539763647	77	8	0.480449680949096	0.887523554364135
HROV-vOTU42651	diagnosis	RA	-0.146292684073154	0.206233057194747	77	8	0.480426520058399	0.887523554364135
HROV-vOTU48896	Smoking_Status	Former_Smoker	0.482212269575185	0.679399807614944	77	19	0.480176208972661	0.887523554364135
HROV-vOTU44791	Smoking_Status	Never_Smoker	0.242063903872293	0.340878400549856	77	10	0.479956859217033	0.887523554364135
HROV-vOTU02348	Smoking_Status	Former_Smoker	1.27312714550842	1.79525123787993	77	70	0.480545134616888	0.887564302266044
HROV-vOTU15438	diagnosis	RA	0.343586291361277	0.484499064145323	77	11	0.480548818278563	0.887564302266044
HROV-vOTU17965	diagnosis	RA	-0.544485017172639	0.768327249771888	77	60	0.480854067401648	0.887586459494719
HROV-vOTU40887	Smoking_Status	Former_Smoker	-0.595537042899642	0.84033169656809	77	37	0.480835607927041	0.887586459494719
HROV-vOTU03107	Sex	M	-0.430037756744468	0.606857819371342	77	13	0.480874261828164	0.887586459494719
HROV-vOTU41168	Sex	M	0.650086000832842	0.916944969020381	77	64	0.480664958171671	0.887586459494719
HROV-vOTU03114	diagnosis	RA	-0.338704452429204	0.477774920633195	77	23	0.48069514796647	0.887586459494719
HROV-vOTU66454	diagnosis	RA	0.346814497988803	0.489318829941579	77	31	0.480788011968314	0.887586459494719
HROV-vOTU65305	Smoking_Status	Former_Smoker	0.545426384166285	0.769750013688568	77	9	0.480907678748376	0.887586459494719
HROV-vOTU69031	Smoking_Status	Former_Smoker	0.376359527041595	0.531102368922197	77	8	0.480869188517848	0.887586459494719
HROV-vOTU66452	Smoking_Status	Former_Smoker	1.23152124267429	1.73794847369158	77	28	0.480888982777509	0.887586459494719
HROV-vOTU08280	Smoking_Status	Never_Smoker	0.649094840299065	0.916295885668023	77	36	0.481022436422061	0.887727118422955
HROV-vOTU48368	Smoking_Status	Never_Smoker	0.692682294429569	0.978109467613788	77	67	0.481149032853127	0.88774733428998
HROV-vOTU74737	Age	Age	-0.281182365857835	0.397037597352365	77	59	0.481139148517594	0.88774733428998
HROV-vOTU62933	Sex	M	-0.336208531402391	0.474688471342207	77	8	0.48109527402833	0.88774733428998
HROV-vOTU17770	Smoking_Status	Former_Smoker	0.756964117565616	1.06899717214499	77	26	0.481197220106041	0.887765118885054
HROV-vOTU44410	Age	Age	-0.195991445625633	0.276810809605189	77	22	0.481242163416205	0.887776916330919
HROV-vOTU06552	Smoking_Status	Never_Smoker	-0.498490668664125	0.704127376927509	77	20	0.481290728432947	0.887795392535904
HROV-vOTU32491	Smoking_Status	Former_Smoker	-1.259383216385	1.77925942563977	77	54	0.481378434974686	0.887851862908528
HROV-vOTU56707	Smoking_Status	Former_Smoker	-1.05978580516942	1.49733633540543	77	31	0.481398446032948	0.887851862908528
HROV-vOTU14986	Smoking_Status	Never_Smoker	-0.358401061338356	0.50647311402382	77	76	0.481484800724958	0.887874646923652
HROV-vOTU07540	Smoking_Status	Former_Smoker	0.715121947182861	1.01062411416052	77	17	0.481507373911004	0.887874646923652
HROV-vOTU05380	Smoking_Status	Never_Smoker	-0.436061149536041	0.616276941253908	77	13	0.481526458535667	0.887874646923652
HROV-vOTU42631	diagnosis	RA	0.367925234076873	0.520331864248861	77	37	0.481820446237443	0.8881710824324
HROV-vOTU53891	diagnosis	RA	-0.289292119369579	0.409114588587227	77	47	0.48180789297365	0.8881710824324
HROV-vOTU28132	Age	Age	-0.16549849867247	0.234032468159691	77	18	0.481781438226573	0.8881710824324
HROV-vOTU35852	Smoking_Status	Never_Smoker	0.292557944559404	0.413764923855789	77	8	0.481841489531498	0.8881710824324
HROV-vOTU05290	Sex	M	0.534906423630798	0.756614121462081	77	26	0.481896643503971	0.888201656654377
HROV-vOTU67011	Age	Age	-0.184757814990744	0.261382745084945	77	50	0.48197452891061	0.888203040794699
HROV-vOTU08096	Smoking_Status	Never_Smoker	0.61449923640117	0.86934266367781	77	31	0.481970053847596	0.888203040794699
HROV-vOTU00617	Age	Age	0.174057528284223	0.24631624335766	77	34	0.482101337334929	0.888294567471271
HROV-vOTU10296	diagnosis	RA	0.551807692734673	0.78084230960767	77	27	0.482076555056585	0.888294567471271
HROV-vOTU52786	diagnosis	RA	0.816903510446964	1.15652180952059	77	60	0.482285093292766	0.888534958403218
HROV-vOTU56707	diagnosis	RA	0.438412605272601	0.620960349100391	77	31	0.482483830094285	0.888534958403218
HROV-vOTU29060	diagnosis	RA	-0.548482850539254	0.776620145706421	77	65	0.482347937474305	0.888534958403218
HROV-vOTU15261	Age	Age	-0.296220373179699	0.419438714303615	77	47	0.482355966424465	0.888534958403218
HROV-vOTU03486	Age	Age	-0.112620073136535	0.159548014674917	77	10	0.482579038632542	0.888534958403218
HROV-vOTU33570	Smoking_Status	Former_Smoker	0.752798626474506	1.06630372177698	77	21	0.482505201135277	0.888534958403218
HROV-vOTU37946	diagnosis	RA	0.242396160207568	0.343362567029456	77	9	0.482530423944859	0.888534958403218
HROV-vOTU24094	diagnosis	RA	-0.148536393280328	0.210421392881422	77	8	0.482560369340842	0.888534958403218
HROV-vOTU39786	Age	Age	-0.125675650110034	0.177997541551779	77	8	0.482465770803929	0.888534958403218
HROV-vOTU71677	Smoking_Status	Former_Smoker	1.26354185243853	1.79281316295579	77	53	0.483251697932926	0.888587888883757
HROV-vOTU70488	diagnosis	RA	-0.311197250779324	0.441795848266485	77	52	0.483493075941506	0.888587888883757
HROV-vOTU01833	diagnosis	RA	0.121764207356637	0.172868450390068	77	76	0.483503326954429	0.888587888883757
HROV-vOTU29883	Smoking_Status	Never_Smoker	-0.83840779670473	1.1905186053782	77	74	0.483588412888264	0.888587888883757
HROV-vOTU68101	Sex	M	-0.510402641321367	0.72425479322021	77	46	0.483284890059635	0.888587888883757
HROV-vOTU60720	Age	Age	-0.103056835447708	0.146298384371551	77	9	0.483469841106807	0.888587888883757
HROV-vOTU02401	Sex	M	0.205770677527616	0.291932272432202	77	77	0.483204734982022	0.888587888883757
HROV-vOTU70013	Sex	M	0.40881640266109	0.580146930514366	77	22	0.483316230950296	0.888587888883757
HROV-vOTU09777	Smoking_Status	Former_Smoker	0.629717351138378	0.893275736171689	77	75	0.483145759084561	0.888587888883757
HROV-vOTU08406	Smoking_Status	Never_Smoker	0.93161034685534	1.32159103703542	77	72	0.483168754169215	0.888587888883757
HROV-vOTU62516	Smoking_Status	Never_Smoker	0.884704904693141	1.25528920844253	77	41	0.483251657613417	0.888587888883757
HROV-vOTU06113	Smoking_Status	Never_Smoker	-0.592552733666258	0.840014050205589	77	59	0.482864258280019	0.888587888883757
HROV-vOTU38705	Smoking_Status	Former_Smoker	0.846035671946493	1.19988143493365	77	68	0.483055174653164	0.888587888883757
HROV-vOTU38618	Age	Age	-0.178617643301556	0.253569868020878	77	40	0.483480441464419	0.888587888883757
HROV-vOTU59223	Smoking_Status	Former_Smoker	-0.73866555351056	1.04674169889463	77	25	0.48269565021661	0.888587888883757
HROV-vOTU58516	Smoking_Status	Never_Smoker	0.935891824174349	1.32855775257059	77	33	0.483461869313274	0.888587888883757
HROV-vOTU35661	Age	Age	-0.257517296340799	0.365626216815638	77	55	0.483538283080817	0.888587888883757
HROV-vOTU61707	Age	Age	0.180524184921703	0.256224267520438	77	17	0.483391694907846	0.888587888883757
HROV-vOTU42695	Smoking_Status	Former_Smoker	0.649010691963608	0.920537722101252	77	13	0.483095417718843	0.888587888883757
HROV-vOTU65851	Sex	M	0.510058868902271	0.723162127986524	77	20	0.482920324396548	0.888587888883757
HROV-vOTU19375	diagnosis	RA	-0.298279460146833	0.42360897762884703	77	19	0.483649552199648	0.888587888883757
HROV-vOTU61158	Age	Age	0.190696975838754	0.27082163229264	77	35	0.483647282706636	0.888587888883757
HROV-vOTU15867	Smoking_Status	Former_Smoker	0.557241303867471	0.791013022294376	77	17	0.483447365492466	0.888587888883757
HROV-vOTU04012	Smoking_Status	Never_Smoker	0.340754620592808	0.483809126688859	77	9	0.483539666475787	0.888587888883757
HROV-vOTU09000	Sex	M	-0.432722547503246	0.613923598482342	77	17	0.483210941211033	0.888587888883757
HROV-vOTU14654	Smoking_Status	Never_Smoker	0.165444909421158	0.23476509588183	77	8	0.483286550476471	0.888587888883757
HROV-vOTU31001	Sex	M	0.338889744738084	0.48075100894724	77	10	0.483167746564454	0.888587888883757
HROV-vOTU04541	diagnosis	RA	0.255892811326998	0.363519521535546	77	12	0.483777825498684	0.888745731636271
HROV-vOTU02658	diagnosis	RA	0.330284033650084	0.469278229443352	77	23	0.483851236789212	0.888745731636271
HROV-vOTU28790	Smoking_Status	Never_Smoker	-0.300099910866381	0.426355037423094	77	10	0.483813821942412	0.888745731636271
HROV-vOTU61032	diagnosis	RA	0.332777774552776	0.472933674913266	77	20	0.483954657951211	0.888864803622011
HROV-vOTU38904	diagnosis	RA	-0.323999809205399	0.460658574657284	77	25	0.484143695442019	0.889070194245251
HROV-vOTU61670	Sex	M	0.273830707982585	0.38930532971049	77	12	0.484117415385628	0.889070194245251
HROV-vOTU06486	Age	Age	0.144342643023662	0.205270224837846	77	72	0.484240866049712	0.889166887370174
HROV-vOTU12134	Smoking_Status	Never_Smoker	-0.193965388132125	0.275994874301534	77	77	0.484486975685125	0.889166887370174
HROV-vOTU17187	Age	Age	0.274677584181866	0.390693182130751	77	68	0.484322393748422	0.889166887370174
HROV-vOTU61213	diagnosis	RA	0.268338819508159	0.381638142544466	77	28	0.484277930393513	0.889166887370174
HROV-vOTU19387	diagnosis	RA	-0.468981034382332	0.667188929471403	77	61	0.484403541949846	0.889166887370174
HROV-vOTU52675	Smoking_Status	Never_Smoker	0.304617841142163	0.433387396406246	77	8	0.484431001337136	0.889166887370174
HROV-vOTU04429	Age	Age	0.117903189625851	0.167772406123896	77	15	0.484505222301707	0.889166887370174
HROV-vOTU74610	diagnosis	RA	-0.37792302179504	0.537608744087891	77	15	0.48437288736652	0.889166887370174
HROV-vOTU25809	Age	Age	-0.209804099921018	0.298630500424477	77	42	0.48463073036279	0.889254876749536
HROV-vOTU45464	diagnosis	RA	0.273918209334243	0.389901636444668	77	17	0.484644724987352	0.889254876749536
HROV-vOTU30159	diagnosis	RA	0.35903152074463	0.511082439564828	77	40	0.484669006207563	0.889254876749536
HROV-vOTU42956	Smoking_Status	Never_Smoker	0.925773413937258	1.31805274736579	77	44	0.484738865304491	0.889312201701779
HROV-vOTU01537	Sex	M	-0.4592731442006	0.653945340104935	77	22	0.484781268239363	0.889319149876734
HROV-vOTU19575	diagnosis	RA	-0.438467254227283	0.624555823377365	77	54	0.48494529766072	0.889415062867178
HROV-vOTU27520	Sex	M	-0.648427596863708	0.923633535843449	77	52	0.484949411394839	0.889415062867178
HROV-vOTU69031	diagnosis	RA	0.154630531600419	0.22025346250926	77	8	0.484938683172541	0.889415062867178
HROV-vOTU39462	diagnosis	RA	-0.539464897538837	0.768535627494328	77	68	0.485012140487922	0.889459276591563
HROV-vOTU34588	Age	Age	0.225233580729726	0.320908040210125	77	56	0.48505886805857	0.88947414056763
HROV-vOTU32676	diagnosis	RA	-0.262046008080385	0.373699365195236	77	73	0.485456843352613	0.889652607742735
HROV-vOTU09776	Age	Age	0.358020911144652	0.510622754766799	77	31	0.485503863400378	0.889652607742735
HROV-vOTU08175	diagnosis	RA	-0.339102651882193	0.483398306888476	77	27	0.485285725987911	0.889652607742735
HROV-vOTU59579	Sex	M	-0.407123580632375	0.580323270869297	77	31	0.485255468985676	0.889652607742735
HROV-vOTU49726	Sex	M	-0.239760754670549	0.341869348619235	77	13	0.485394013245779	0.889652607742735
HROV-vOTU02645	diagnosis	RA	-0.277678120158041	0.396012546642911	77	18	0.485479346127529	0.889652607742735
HROV-vOTU36179	Age	Age	-0.116557066768831	0.166176949861473	77	11	0.485344047938808	0.889652607742735
HROV-vOTU42401	Smoking_Status	Former_Smoker	0.362256719809715	0.51658967686303	77	10	0.485441283617834	0.889652607742735
HROV-vOTU03725	Age	Age	-0.175936143096063	0.250756628271812	77	38	0.485209021155599	0.889652607742735
HROV-vOTU65784	Smoking_Status	Never_Smoker	0.524622461626794	0.748479812856422	77	21	0.485645472037426	0.889841293740308
HROV-vOTU67198	diagnosis	RA	0.215761412217436	0.307865503430375	77	16	0.485699572296828	0.889869622115827
HROV-vOTU23542	Age	Age	-0.170173304209195	0.242881010391934	77	60	0.485814561813754	0.889893763917565
HROV-vOTU39610	Smoking_Status	Never_Smoker	0.392858096366064	0.560725178168123	77	18	0.485826793226732	0.889893763917565
HROV-vOTU26986	Sex	M	-0.237340467290328	0.338756797800052	77	8	0.485828671026294	0.889893763917565
HROV-vOTU65964	diagnosis	RA	-0.416692764548387	0.594836328854968	77	18	0.485894026537821	0.889942693746304
HROV-vOTU38811	diagnosis	RA	-0.382972116166666	0.546904578613201	77	57	0.48605702439635	0.890170439113157
HROV-vOTU71045	Smoking_Status	Former_Smoker	-0.965330029794453	1.37887456727342	77	16	0.486161624104048	0.890273686888964
HROV-vOTU00760	diagnosis	RA	-0.22402309528055	0.320015353042554	77	10	0.486190714720039	0.890273686888964
HROV-vOTU74692	diagnosis	RA	-0.364137988231524	0.520255928536169	77	36	0.486263774707548	0.890336677652635
HROV-vOTU42326	Smoking_Status	Former_Smoker	0.813414227257883	1.1624090610564	77	44	0.486359979884508	0.89035207665206
HROV-vOTU66684	diagnosis	RA	-0.636025106339073	0.908983926633365	77	39	0.486394710985137	0.89035207665206
HROV-vOTU01986	Sex	M	0.748660902210884	1.06985906953732	77	26	0.48635417527608	0.89035207665206
HROV-vOTU07230	Smoking_Status	Former_Smoker	0.577999260457536	0.826116575985992	77	17	0.486426827114035	0.89035207665206
HROV-vOTU06438	Sex	M	0.573034572157857	0.819325960394983	77	66	0.486588681888692	0.89057755256271
HROV-vOTU39312	diagnosis	RA	-0.12945830852276	0.185133187956118	77	10	0.486667139298027	0.890615936715436
HROV-vOTU55294	Smoking_Status	Never_Smoker	0.249716792392138	0.3571264030791	77	9	0.486686997983663	0.890615936715436
HROV-vOTU41573	Age	Age	0.218391052380067	0.312446634589585	77	70	0.486853762697967	0.890811751231073
HROV-vOTU74563	diagnosis	RA	-0.524615251751827	0.750651268621315	77	26	0.486910044485312	0.890811751231073
HROV-vOTU71494	Smoking_Status	Former_Smoker	0.659650119448547	0.943834486063431	77	8	0.486894935556427	0.890811751231073
HROV-vOTU00682	Smoking_Status	Former_Smoker	0.823878692323081	1.17930207372362	77	74	0.487074449412303	0.890829460765989
HROV-vOTU21061	Smoking_Status	Former_Smoker	0.792963795955183	1.13497250902771	77	73	0.487044657220267	0.890829460765989
HROV-vOTU68402	Smoking_Status	Never_Smoker	0.694266849106583	0.993675433421688	77	32	0.487030805898535	0.890829460765989
HROV-vOTU18688	Sex	M	-0.471951362208778	0.675391796743956	77	22	0.486971246921005	0.890829460765989
HROV-vOTU54265	diagnosis	RA	-0.360007083376873	0.515620310586085	77	55	0.487331446564124	0.890863840644602
HROV-vOTU43256	Age	Age	0.18268538019820799	0.261670866213082	77	67	0.487364026412564	0.890863840644602
HROV-vOTU20688	diagnosis	RA	0.503469953676483	0.720784770571602	77	33	0.487144660449966	0.890863840644602
HROV-vOTU03613	Sex	M	-0.369302501849482	0.528795088636734	77	15	0.487217729389524	0.890863840644602
HROV-vOTU01885	Smoking_Status	Former_Smoker	-0.538195495614334	0.770778434468771	77	13	0.487301997510094	0.890863840644602
HROV-vOTU11801	Age	Age	0.158134566257611	0.226454661977647	77	8	0.487266983358443	0.890863840644602
HROV-vOTU54197	Smoking_Status	Former_Smoker	0.607292277175639	0.869813231415854	77	9	0.487340719763374	0.890863840644602
HROV-vOTU10197	diagnosis	RA	-0.348844929436307	0.49975038432841	77	72	0.487433104989177	0.890909252920551
HROV-vOTU03500	Smoking_Status	Never_Smoker	0.516714947333696	0.740295167536259	77	17	0.48746623951593	0.890909252920551
HROV-vOTU07934	diagnosis	RA	-0.49018703091672	0.702470825886409	77	63	0.487578703769285	0.890910890815433
HROV-vOTU67004	Age	Age	-0.135942060143388	0.194809289690888	77	71	0.487568055956878	0.890910890815433
HROV-vOTU28607	Age	Age	0.246992117330574	0.353959897156699	77	27	0.487583190092823	0.890910890815433
HROV-vOTU53530	Age	Age	0.170919885691795	0.245460868916188	77	76	0.488500342186272	0.890977704424979
HROV-vOTU00652	Smoking_Status	Former_Smoker	0.951555919062897	1.3647141445559	77	72	0.487919146468032	0.890977704424979
HROV-vOTU22577	Age	Age	-0.191933289620316	0.275697168930706	77	61	0.488592457154106	0.890977704424979
HROV-vOTU21834	Age	Age	-0.344948821172693	0.495323871479094	77	61	0.488445383347394	0.890977704424979
HROV-vOTU13191	diagnosis	RA	-0.43475634558029	0.62465119454806	77	56	0.488701839253589	0.890977704424979
HROV-vOTU09933	Sex	M	0.800454998791686	1.14806621519593	77	58	0.48794174920597	0.890977704424979
HROV-vOTU16004	Age	Age	0.21263938903073001	0.305168976605277	77	48	0.488207937482525	0.890977704424979
HROV-vOTU06011	Age	Age	-0.173101989183571	0.248130046716899	77	33	0.487689392500109	0.890977704424979
HROV-vOTU08533	Sex	M	-0.148317247419902	0.213079218130948	77	8	0.488659734738698	0.890977704424979
HROV-vOTU19551	Sex	M	0.560161780927872	0.803424422123562	77	42	0.487943285889491	0.890977704424979
HROV-vOTU26676	Sex	M	0.720646117966944	1.03436879695145	77	32	0.48826452264173	0.890977704424979
HROV-vOTU41376	Age	Age	-0.164838782789407	0.236530975464223	77	27	0.48814002156765	0.890977704424979
HROV-vOTU47236	Smoking_Status	Never_Smoker	-0.436105254680034	0.626328611511306	77	14	0.48852155265213	0.890977704424979
HROV-vOTU14222	Smoking_Status	Never_Smoker	0.568973426820186	0.817494434079031	77	17	0.488703011823549	0.890977704424979
HROV-vOTU16677	Smoking_Status	Former_Smoker	1.02860832543652	1.47520629435968	77	44	0.487914497557384	0.890977704424979
HROV-vOTU42860	diagnosis	RA	-0.363592672610123	0.522266156356333	77	33	0.488587231235973	0.890977704424979
HROV-vOTU08794	diagnosis	RA	-0.313508082857612	0.450023153493565	77	27	0.488297214804306	0.890977704424979
HROV-vOTU09774	diagnosis	RA	-0.244931490838976	0.351207260775527	77	12	0.487830761007002	0.890977704424979
HROV-vOTU09977	Age	Age	-0.158735320514017	0.227857079818589	77	63	0.488300046802034	0.890977704424979
HROV-vOTU56372	diagnosis	RA	-0.259268464468778	0.371911551797041	77	25	0.48800160939013	0.890977704424979
HROV-vOTU33528	Smoking_Status	Former_Smoker	-0.900382251741746	1.29327004927319	77	27	0.48857279774919	0.890977704424979
HROV-vOTU21251	Smoking_Status	Never_Smoker	0.42032977057535	0.603770789938531	77	13	0.48859240527545	0.890977704424979
HROV-vOTU56629	Age	Age	-0.145938141906602	0.209637632171051	77	11	0.488610847545092	0.890977704424979
HROV-vOTU26832	Smoking_Status	Former_Smoker	1.08868807829778	1.56279915949927	77	40	0.488310773088728	0.890977704424979
HROV-vOTU24656	Smoking_Status	Former_Smoker	0.661634525884912	0.949970189876554	77	13	0.488402698857235	0.890977704424979
HROV-vOTU05092	Age	Age	0.112535642264788	0.161539598020957	77	13	0.488299996863728	0.890977704424979
HROV-vOTU01791	diagnosis	RA	0.2767722213934	0.397276541036767	77	11	0.488281551118291	0.890977704424979
HROV-vOTU48727	Smoking_Status	Former_Smoker	-0.617798458629188	0.886014273878666	77	14	0.487905687592276	0.890977704424979
HROV-vOTU20955	Age	Age	0.11935713045129	0.17151933040014	77	10	0.488774713960334	0.891037889852488
HROV-vOTU19129	Smoking_Status	Never_Smoker	0.801740372607281	1.15233551658713	77	44	0.488854995111567	0.891113704085752
HROV-vOTU62742	Age	Age	0.294438189415684	0.423313374575925	77	41	0.488977318949884	0.891266138141339
HROV-vOTU43506	Sex	M	0.379186672956581	0.545231274453869	77	15	0.489036991854988	0.891304362331464
HROV-vOTU34299	Sex	M	0.472588597038863	0.679803429053258	77	23	0.489208899010079	0.891547119110716
HROV-vOTU49746	Sex	M	0.691773174271409	0.995207959742506	77	63	0.489258755707643	0.891567427120353
HROV-vOTU29071	diagnosis	RA	0.421820676053901	0.607027502103484	77	60	0.48938871839998	0.891608831768682
HROV-vOTU07540	diagnosis	RA	0.29118368343019	0.419115924658617	77	17	0.489475052542399	0.891608831768682
HROV-vOTU47637	Smoking_Status	Former_Smoker	0.472195822327422	0.679652172950395	77	16	0.489472503484262	0.891608831768682
HROV-vOTU20478	Smoking_Status	Former_Smoker	1.03656888563761	1.49168903665097	77	37	0.489388344500901	0.891608831768682
HROV-vOTU60785	Smoking_Status	Never_Smoker	0.209598097509701	0.30164503192729	77	9	0.489416961241353	0.891608831768682
HROV-vOTU37103	Smoking_Status	Never_Smoker	0.610904186783039	0.87963487694586	77	70	0.489636700359351	0.89176010393241
HROV-vOTU32087	Smoking_Status	Former_Smoker	1.30704756258159	1.88282823030695	77	51	0.489825971007961	0.89176010393241
HROV-vOTU23600	diagnosis	RA	-0.326042145608345	0.469551156725294	77	60	0.489716244637539	0.89176010393241
HROV-vOTU31923	diagnosis	RA	-0.312288868007175	0.449822881070619	77	14	0.489791830111068	0.89176010393241
HROV-vOTU37929	Smoking_Status	Former_Smoker	0.397284762129338	0.572403328996681	77	9	0.489906592920228	0.89176010393241
HROV-vOTU31772	diagnosis	RA	0.342444328095648	0.493197156510195	77	11	0.48973758019198	0.89176010393241
HROV-vOTU69880	Age	Age	-0.16159990548763	0.232768784091825	77	22	0.4897904315192	0.89176010393241
HROV-vOTU69731	Smoking_Status	Former_Smoker	-0.505207832100813	0.727785891940167	77	9	0.489840164915562	0.89176010393241
HROV-vOTU10158	Smoking_Status	Former_Smoker	-0.315074059234271	0.453937508363712	77	8	0.48988983667754	0.89176010393241
HROV-vOTU24955	diagnosis	RA	0.315234949388913	0.454634605300192	77	24	0.490332705087993	0.892021539857113
HROV-vOTU09500	Sex	M	0.732688369853312	1.05675649436929	77	61	0.49036008226622	0.892021539857113
HROV-vOTU50767	Smoking_Status	Never_Smoker	0.858524387116974	1.23765377972054	77	39	0.490151891679965	0.892021539857113
HROV-vOTU55034	Age	Age	-0.211564175039953	0.305007066417815	77	60	0.490173038608877	0.892021539857113
HROV-vOTU54100	Sex	M	0.470506610223362	0.678535983686689	77	46	0.490311822655908	0.892021539857113
HROV-vOTU49322	Smoking_Status	Former_Smoker	-0.775994935008069	1.11913944160626	77	27	0.490329903650866	0.892021539857113
HROV-vOTU72964	Sex	M	-0.206633316764595	0.29792459332738	77	8	0.49021111284202	0.892021539857113
HROV-vOTU27284	diagnosis	RA	0.280103240174939	0.403971642279164	77	13	0.490337302974788	0.892021539857113
HROV-vOTU27192	Smoking_Status	Never_Smoker	0.707672919669465	1.02088156847277	77	61	0.490446850009449	0.892064378989859
HROV-vOTU16293	diagnosis	RA	-0.548101345643701	0.790759641976946	77	49	0.490487505618714	0.892064378989859
HROV-vOTU07230	Sex	M	-0.313406627780147	0.452172547652239	77	17	0.490499836350351	0.892064378989859
HROV-vOTU43787	diagnosis	RA	-0.38333422030765	0.553163674875016	77	49	0.490579511803436	0.892091823202893
HROV-vOTU07548	Smoking_Status	Former_Smoker	-1.27652484895985	1.84348877034894	77	71	0.490913033360036	0.892091823202893
HROV-vOTU72034	diagnosis	RA	-0.538630781656393	0.777664034902723	77	29	0.490803210133871	0.892091823202893
HROV-vOTU19048	Smoking_Status	Former_Smoker	0.948252205343446	1.36866056189512	77	70	0.49067488590971	0.892091823202893
HROV-vOTU24480	Smoking_Status	Former_Smoker	-0.768793328142188	1.10979214057232	77	43	0.490734742107247	0.892091823202893
HROV-vOTU72898	diagnosis	RA	0.236532314269242	0.34152377453725	77	16	0.490832677927423	0.892091823202893
HROV-vOTU34183	Age	Age	-0.232209520526676	0.335519853057418	77	67	0.491138825832898	0.892091823202893
HROV-vOTU28752	diagnosis	RA	0.335121286908351	0.484253566498162	77	32	0.491171262138145	0.892091823202893
HROV-vOTU19502	Sex	M	0.51662371561004	0.746206195778561	77	24	0.490985946144469	0.892091823202893
HROV-vOTU30449	Smoking_Status	Former_Smoker	0.561844340643427	0.811874709402061	77	8	0.491173439783443	0.892091823202893
HROV-vOTU47874	Age	Age	0.255102308593451	0.368521567844974	77	61	0.491049621650475	0.892091823202893
HROV-vOTU08189	Smoking_Status	Former_Smoker	0.838699857423446	1.21126957982993	77	37	0.490935933895981	0.892091823202893
HROV-vOTU60699	Smoking_Status	Never_Smoker	0.460941864054805	0.665427456832788	77	21	0.490757155783748	0.892091823202893
HROV-vOTU34273	Smoking_Status	Former_Smoker	0.387697761716527	0.559929644654389	77	11	0.490941829855343	0.892091823202893
HROV-vOTU10126	Smoking_Status	Never_Smoker	0.271678128156906	0.392578858328085	77	11	0.491172673010572	0.892091823202893
HROV-vOTU74611	diagnosis	RA	0.323317955223196	0.467154489668517	77	13	0.491131368333029	0.892091823202893
HROV-vOTU27155	Age	Age	-0.0802097577637323	0.11575272316965	77	9	0.490607329739612	0.892091823202893
HROV-vOTU24480	Age	Age	0.162937714292798	0.235470033518406	77	43	0.491214240924058	0.892095573573146
HROV-vOTU09505	Smoking_Status	Former_Smoker	0.947874482087945	1.37004791395539	77	66	0.491284749866624	0.892141756009339
HROV-vOTU32243	diagnosis	RA	0.457560205702521	0.661402372508896	77	33	0.491317146828764	0.892141756009339
HROV-vOTU04734	Age	Age	0.196462950975661	0.284082426607369	77	42	0.491462523828849	0.892265031437004
HROV-vOTU01617	Age	Age	0.17648503491736	0.25519086681588	77	20	0.49145609689665	0.892265031437004
HROV-vOTU29269	Smoking_Status	Never_Smoker	0.542518211655022	0.784588885284288	77	16	0.491526277169407	0.892310433801942
HROV-vOTU43757	diagnosis	RA	0.34052645484428	0.492802511099134	77	20	0.491818738556207	0.892314629438133
HROV-vOTU36712	Smoking_Status	Former_Smoker	0.384365995111775	0.556112394629095	77	10	0.49171493739797	0.892314629438133
HROV-vOTU12665	diagnosis	RA	-0.440161674742869	0.636999445425989	77	51	0.491823482793551	0.892314629438133
HROV-vOTU30073	Age	Age	-0.210994146927433	0.305265009953685	77	57	0.491704007258726	0.892314629438133
HROV-vOTU37618	Smoking_Status	Former_Smoker	0.696759489626229	1.00828205311985	77	28	0.491795969189541	0.892314629438133
HROV-vOTU11909	diagnosis	RA	-0.24903749076766	0.360235862558822	77	11	0.491620106675271	0.892314629438133
HROV-vOTU39302	Smoking_Status	Former_Smoker	0.896064377631022	1.29682449985464	77	21	0.491838554324258	0.892314629438133
HROV-vOTU52028	Smoking_Status	Former_Smoker	-0.983016311272308	1.42210481298847	77	27	0.49166848458006	0.892314629438133
HROV-vOTU68787	Age	Age	0.216326743191016	0.313145749001957	77	37	0.491932279368029	0.892364359916145
HROV-vOTU52217	Sex	M	0.301187857738118	0.435998525854107	77	9	0.491943461289422	0.892364359916145
HROV-vOTU75152	Sex	M	0.399249155733903	0.578359780361503	77	71	0.492247985143367	0.892380410839694
HROV-vOTU54368	Smoking_Status	Former_Smoker	-0.519189635125494	0.752247371106549	77	14	0.492328029939257	0.892380410839694
HROV-vOTU08671	Sex	M	0.65995761865921	0.955861217663271	77	54	0.492173201622087	0.892380410839694
HROV-vOTU26939	Smoking_Status	Never_Smoker	0.627207792711321	0.908858512719261	77	14	0.492377857280122	0.892380410839694
HROV-vOTU37715	Sex	M	0.49037562281744	0.710172182571647	77	21	0.492129480433901	0.892380410839694
HROV-vOTU52357	Smoking_Status	Never_Smoker	0.494855235778357	0.717073536779873	77	29	0.492378544530612	0.892380410839694
HROV-vOTU64423	Age	Age	-0.143747716639204	0.208266322242568	77	25	0.49231157030396	0.892380410839694
HROV-vOTU22134	Age	Age	-0.202518449650558	0.293255594804962	77	59	0.492076754011169	0.892380410839694
HROV-vOTU11247	Smoking_Status	Never_Smoker	-0.390251220005403	0.565107940070994	77	16	0.492082146422623	0.892380410839694
HROV-vOTU19271	Smoking_Status	Former_Smoker	0.709004242284738	1.02698045460117	77	24	0.492207523125128	0.892380410839694
HROV-vOTU50000	Smoking_Status	Never_Smoker	0.650628896457115	0.942429202407735	77	12	0.492209552206374	0.892380410839694
HROV-vOTU15369	Smoking_Status	Never_Smoker	0.460551303524561	0.667441068897258	77	22	0.492427589847479	0.89239907099366
HROV-vOTU31336	Smoking_Status	Never_Smoker	0.803249334444075	1.16423198054127	77	71	0.492481454194769	0.892426460784131
HROV-vOTU13935	Smoking_Status	Never_Smoker	0.449502813722624	0.651622285173287	77	16	0.492555296664676	0.892490045805467
HROV-vOTU47688	Age	Age	-0.162713261324438	0.235934767235089	77	38	0.492660025526474	0.89260958129767
HROV-vOTU16682	diagnosis	RA	-0.247161676326874	0.358464323235537	77	10	0.49275514554636	0.892711689894012
HROV-vOTU56634	diagnosis	RA	0.537126708848936	0.779249074372746	77	22	0.49288889292529	0.892799501580941
HROV-vOTU07478	Smoking_Status	Never_Smoker	0.633568019591421	0.919299244429992	77	51	0.492952521899978	0.892799501580941
HROV-vOTU46144	Smoking_Status	Former_Smoker	0.651560859010221	0.945279716517732	77	12	0.492894654819472	0.892799501580941
HROV-vOTU57544	Smoking_Status	Never_Smoker	0.249714041812124	0.36233711945323	77	8	0.492958682679255	0.892799501580941
HROV-vOTU67500	Smoking_Status	Former_Smoker	-0.816025894775765	1.18435007934293	77	72	0.493064164916558	0.892850111497745
HROV-vOTU23303	Smoking_Status	Never_Smoker	0.489453492398875	0.710344665259667	77	34	0.493045844569424	0.892850111497745
HROV-vOTU16611	diagnosis	RA	-0.363166618160281	0.527140515991659	77	61	0.493108146535293	0.892859549863024
HROV-vOTU17802	Age	Age	0.0620150247015257	0.0901386811620646	77	76	0.493697158492811	0.892915736594916
HROV-vOTU56526	Smoking_Status	Never_Smoker	-0.558163802943491	0.81088158388617	77	76	0.49348046016608	0.892915736594916
HROV-vOTU43556	Smoking_Status	Former_Smoker	0.895451446577592	1.30082553771122	77	73	0.49346185682308	0.892915736594916
HROV-vOTU28797	Smoking_Status	Never_Smoker	0.336667496431053	0.489372167083825	77	10	0.493720755093342	0.892915736594916
HROV-vOTU02836	diagnosis	RA	0.4502599703426	0.654331234157744	77	71	0.493617862908905	0.892915736594916
HROV-vOTU36489	Sex	M	0.589184936476187	0.856103561885397	77	37	0.493558713400162	0.892915736594916
HROV-vOTU68918	Age	Age	-0.269944741358038	0.39213819918134	77	67	0.49344922683593	0.892915736594916
HROV-vOTU55191	Sex	M	0.594590976647928	0.863908576837905	77	42	0.493533723410357	0.892915736594916
HROV-vOTU09968	Age	Age	0.179823418230106	0.26134753525443	77	40	0.493655393516251	0.892915736594916
HROV-vOTU23542	Sex	M	0.431187862382941	0.626559639149716	77	60	0.493579757183179	0.892915736594916
HROV-vOTU38489	Smoking_Status	Former_Smoker	-0.661601474706546	0.960911799794021	77	19	0.493372634036899	0.892915736594916
HROV-vOTU34913	Smoking_Status	Former_Smoker	-0.687032037845379	0.998516584799875	77	20	0.493661475310905	0.892915736594916
HROV-vOTU41114	Sex	M	-0.665826508535582	0.96736129958449	77	26	0.493512058544675	0.892915736594916
HROV-vOTU05881	Sex	M	-0.238126383528327	0.346013054435128	77	8	0.493568927096381	0.892915736594916
HROV-vOTU46641	diagnosis	RA	-0.360694856203962	0.52393605343113	77	12	0.493423494209421	0.892915736594916
HROV-vOTU21960	Smoking_Status	Never_Smoker	-0.77424574964835	1.12576892978672	77	71	0.493851978639364	0.893082926428312
HROV-vOTU52822	Smoking_Status	Former_Smoker	1.07809622590443	1.56786773620194	77	26	0.493932742349442	0.893088722329249
HROV-vOTU43612	Age	Age	0.13452977913536	0.19563048729402	77	10	0.49389924586035	0.893088722329249
HROV-vOTU63778	diagnosis	RA	-0.550206610073026	0.800274074914024	77	66	0.493993255498155	0.893128016495721
HROV-vOTU48092	Age	Age	0.119686993415629	0.17412073227238	77	72	0.494083038332027	0.893220219231226
HROV-vOTU16615	Smoking_Status	Former_Smoker	0.69799594060008	1.01862999490837	77	58	0.495429878790695	0.893235675623748
HROV-vOTU49140	Sex	M	-0.520273004767056	0.759440843255606	77	71	0.495527924807256	0.893235675623748
HROV-vOTU29517	diagnosis	RA	-0.344293156780068	0.501566080711855	77	19	0.494673766922809	0.893235675623748
HROV-vOTU35520	Sex	M	0.427055687807642	0.623374240041217	77	58	0.49552959050990403	0.893235675623748
HROV-vOTU22193	Sex	M	-0.288278849423496	0.420419707539263	77	9	0.495139633989852	0.893235675623748
HROV-vOTU39627	diagnosis	RA	0.547600882899496	0.798400131580844	77	68	0.495026957797629	0.893235675623748
HROV-vOTU46262	Age	Age	-0.234070841076634	0.341010359918469	77	53	0.49469405916287	0.893235675623748
HROV-vOTU22200	Smoking_Status	Former_Smoker	-0.954165858143275	1.38911045777868	77	26	0.494389612053818	0.893235675623748
HROV-vOTU40876	Smoking_Status	Never_Smoker	0.380305833837506	0.554305736868061	77	77	0.494888276634735	0.893235675623748
HROV-vOTU50560	Smoking_Status	Former_Smoker	0.774898828413082	1.13028868944969	77	62	0.495212969226641	0.893235675623748
HROV-vOTU07068	Age	Age	-0.16834690863405	0.244981382330404	77	67	0.494206330907184	0.893235675623748
HROV-vOTU09376	diagnosis	RA	-0.16815210962058	0.245086813322141	77	10	0.494889503235962	0.893235675623748
HROV-vOTU62538	Age	Age	-0.336842683895505	0.491864325299958	77	44	0.495681803494203	0.893235675623748
HROV-vOTU43762	Smoking_Status	Never_Smoker	1.00830183741296	1.46752583999299	77	28	0.494272983691718	0.893235675623748
HROV-vOTU69432	Sex	M	-0.323228734790243	0.471412422874474	77	14	0.4951601976033	0.893235675623748
HROV-vOTU44915	Smoking_Status	Former_Smoker	-1.38262498456584	2.01813513860269	77	21	0.495511289447952	0.893235675623748
HROV-vOTU23000	diagnosis	RA	-0.661909354651889	0.965237897603879	77	51	0.495105543753531	0.893235675623748
HROV-vOTU15034	Smoking_Status	Never_Smoker	0.418654634771394	0.610934384317648	77	17	0.495405241843987	0.893235675623748
HROV-vOTU18438	Age	Age	0.109528594679868	0.15939071426952	77	9	0.494213828832825	0.893235675623748
HROV-vOTU18438	Smoking_Status	Never_Smoker	0.364731562993092	0.532155510032092	77	9	0.495332559378448	0.893235675623748
HROV-vOTU51342	Smoking_Status	Never_Smoker	-0.617386252495187	0.901352465442042	77	14	0.495602161834048	0.893235675623748
HROV-vOTU14404	Smoking_Status	Never_Smoker	-0.288536149548082	0.420594046412415	77	10	0.494934319767948	0.893235675623748
HROV-vOTU49506	Smoking_Status	Former_Smoker	0.65164452173777	0.950606345634714	77	31	0.495258083547071	0.893235675623748
HROV-vOTU08794	Sex	M	0.407278511900672	0.593954542603346	77	27	0.495131146358659	0.893235675623748
HROV-vOTU60207	Sex	M	0.631774074137876	0.922381140725892	77	58	0.495612963062108	0.893235675623748
HROV-vOTU50165	diagnosis	RA	-0.374376187608434	0.546664967196406	77	27	0.495676679870311	0.893235675623748
HROV-vOTU16478	Sex	M	-0.542316710619251	0.789505771121216	77	39	0.494379123978539	0.893235675623748
HROV-vOTU24697	Sex	M	-0.377946682080672	0.551765358566906	77	15	0.495588507119178	0.893235675623748
HROV-vOTU56004	Sex	M	0.408788752223654	0.595614512477062	77	18	0.49473969023713	0.893235675623748
HROV-vOTU29456	Smoking_Status	Former_Smoker	0.908958184457301	1.32413567249173	77	15	0.49466268729156	0.893235675623748
HROV-vOTU49966	Sex	M	-0.634975763673014	0.924654347617078	77	46	0.494497951123284	0.893235675623748
HROV-vOTU19056	Sex	M	0.686836099009621	1.00186896395605	77	35	0.495226264171482	0.893235675623748
HROV-vOTU11265	Smoking_Status	Never_Smoker	1.12917521725771	1.64476863413762	77	33	0.494618014847057	0.893235675623748
HROV-vOTU41896	diagnosis	RA	0.203954144858798	0.297416184314988	77	9	0.495101797835984	0.893235675623748
HROV-vOTU71928	diagnosis	RA	-0.289855883124997	0.422751143941855	77	17	0.495171690299221	0.893235675623748
HROV-vOTU31272	Smoking_Status	Never_Smoker	0.409660163227132	0.596976893637472	77	13	0.494806489248986	0.893235675623748
HROV-vOTU07479	Sex	M	-0.237389477582222	0.346133137104724	77	11	0.495051957785215	0.893235675623748
HROV-vOTU09000	Age	Age	-0.163369229488445	0.237982746710586	77	17	0.494649446081934	0.893235675623748
HROV-vOTU22441	Age	Age	-0.230111919913504	0.335204211615786	77	33	0.494644631354316	0.893235675623748
HROV-vOTU58027	Smoking_Status	Former_Smoker	0.683847201748144	0.99818593533038	77	15	0.495517748549073	0.893235675623748
HROV-vOTU20798	Age	Age	-0.119530993659825	0.174109681455198	77	9	0.494616938819344	0.893235675623748
HROV-vOTU28719	Age	Age	0.2590881133195	0.378431215402223	77	27	0.495801740832791	0.893247088492929
HROV-vOTU37291	Sex	M	0.520459801459228	0.76020275830893	77	44	0.495804495536479	0.893247088492929
HROV-vOTU62491	Sex	M	0.553733144675008	0.808696048415805	77	69	0.495747675814105	0.893247088492929
HROV-vOTU19767	Age	Age	-0.116619715627686	0.170358183041333	77	72	0.495852730977223	0.893264110951616
HROV-vOTU06026	Smoking_Status	Former_Smoker	0.810183175283424	1.18467905485715	77	72	0.496274385779083	0.893264278324391
HROV-vOTU32243	Age	Age	0.231323796919608	0.33838822569796	77	33	0.496449759443171	0.893264278324391
HROV-vOTU24222	diagnosis	RA	-0.340658407523712	0.498104758615981	77	37	0.496258658128407	0.893264278324391
HROV-vOTU42657	Smoking_Status	Never_Smoker	-1.00691650770724	1.47143904024009	77	50	0.496008767668889	0.893264278324391
HROV-vOTU17933	Sex	M	-0.467342826218049	0.683369801940654	77	35	0.496277067260005	0.893264278324391
HROV-vOTU56271	Smoking_Status	Former_Smoker	0.839458116934006	1.22757813418795	77	40	0.49630662983526	0.893264278324391
HROV-vOTU74791	Age	Age	0.170763372147755	0.249813366194777	77	35	0.496475471041136	0.893264278324391
HROV-vOTU74567	Smoking_Status	Never_Smoker	-0.644536193510348	0.942380872694407	77	43	0.496236490269997	0.893264278324391
HROV-vOTU22570	diagnosis	RA	0.326498845145212	0.477682981805239	77	11	0.49651220264136	0.893264278324391
HROV-vOTU61537	Sex	M	0.371931126032805	0.544083338305208	77	61	0.49645763615925	0.893264278324391
HROV-vOTU64423	Smoking_Status	Never_Smoker	0.475365775775119	0.695335807003754	77	25	0.496421843140135	0.893264278324391
HROV-vOTU23010	diagnosis	RA	-0.322350806009798	0.471059518098099	77	31	0.496006997059465	0.893264278324391
HROV-vOTU40997	Sex	M	0.418816818274118	0.612068427001069	77	43	0.496035514228133	0.893264278324391
HROV-vOTU07783	diagnosis	RA	0.511282612076151	0.747875868424686	77	44	0.496423635581492	0.893264278324391
HROV-vOTU31384	Smoking_Status	Never_Smoker	0.30736846288241	0.449377698730924	77	10	0.496209857389453	0.893264278324391
HROV-vOTU33744	Age	Age	-0.204831632930509	0.299491749989515	77	19	0.496245073801987	0.893264278324391
HROV-vOTU23225	Smoking_Status	Former_Smoker	1.06385186923049	1.55537929992016	77	29	0.496212766788928	0.893264278324391
HROV-vOTU00371	Sex	M	-0.468535492590144	0.685836081171035	77	74	0.496729287751947	0.893585025537208
HROV-vOTU62742	diagnosis	RA	-0.565157463181511	0.827394244234638	77	41	0.496793690813256	0.893630914198196
HROV-vOTU67522	Sex	M	-0.60940574874558	0.892254536608504	77	30	0.496832402318441	0.893630914198196
HROV-vOTU61841	Smoking_Status	Former_Smoker	-0.72140858008799	1.05662730933717	77	8	0.496988761794564	0.89363297814872
HROV-vOTU62093	Age	Age	0.156646022199582	0.229402547160001	77	61	0.496927861899363	0.89363297814872
HROV-vOTU12009	Sex	M	-0.314124293692531	0.460069909366958	77	26	0.496970764281169	0.89363297814872
HROV-vOTU12405	Sex	M	0.350341530486857	0.513022056628836	77	19	0.496893836137637	0.89363297814872
HROV-vOTU29919	Sex	M	-0.575537732719245	0.843128120023136	77	49	0.497067018828448	0.89370391471771
HROV-vOTU07984	Smoking_Status	Never_Smoker	0.374852421025974	0.549280352989413	77	10	0.497179557581982	0.893836472374164
HROV-vOTU19118	diagnosis	RA	-0.231012173686955	0.338789340960692	77	8	0.497536037552927	0.893889350640029
HROV-vOTU13781	Smoking_Status	Never_Smoker	-0.703709717490122	1.03163877148233	77	55	0.497377361409009	0.893889350640029
HROV-vOTU07124	Smoking_Status	Never_Smoker	0.696694919517838	1.02243433470652	77	42	0.497829996148893	0.893889350640029
HROV-vOTU19228	Smoking_Status	Former_Smoker	-0.563349537553083	0.826717804165324	77	42	0.497816743486227	0.893889350640029
HROV-vOTU60217	Smoking_Status	Former_Smoker	-0.821357845257369	1.20522655288366	77	76	0.497774253700288	0.893889350640029
HROV-vOTU46686	Smoking_Status	Former_Smoker	0.82601045234496	1.21215305623288	77	73	0.497809412599587	0.893889350640029
HROV-vOTU16270	diagnosis	RA	0.731880691390163	1.07326150403667	77	44	0.497506815591262	0.893889350640029
HROV-vOTU20938	Smoking_Status	Never_Smoker	0.550776749735091	0.807594229025096	77	35	0.497459781473602	0.893889350640029
HROV-vOTU27690	diagnosis	RA	0.401551467724795	0.588868393214553	77	44	0.497518426465877	0.893889350640029
HROV-vOTU75676	Age	Age	0.220093717435155	0.32292313545622	77	46	0.497730084594729	0.893889350640029
HROV-vOTU40810	Sex	M	0.526676628207843	0.772066012923714	77	54	0.497353947705815	0.893889350640029
HROV-vOTU54379	Smoking_Status	Former_Smoker	0.54843330195981	0.80393921213468	77	21	0.49734309451191	0.893889350640029
HROV-vOTU15898	Smoking_Status	Never_Smoker	0.836309203582533	1.22682615956418	77	56	0.49765572194862	0.893889350640029
HROV-vOTU23013	Smoking_Status	Former_Smoker	-1.37749541514253	2.02087367660085	77	32	0.497688139881138	0.893889350640029
HROV-vOTU01979	diagnosis	RA	-0.50707416694797	0.743967398201181	77	40	0.497721109545785	0.893889350640029
HROV-vOTU07332	diagnosis	RA	-0.254818068452991	0.373723583042598	77	10	0.497561117755969	0.893889350640029
HROV-vOTU71904	Sex	M	0.635324303071275	0.932703574155137	77	42	0.497983282974575	0.894004922377582
HROV-vOTU18620	Sex	M	0.423559859547411	0.621778756902538	77	19	0.497956564180786	0.894004922377582
HROV-vOTU73146	diagnosis	RA	0.169805667604916	0.249303439579421	77	9	0.498010818462093	0.894004922377582
HROV-vOTU04156	Smoking_Status	Former_Smoker	1.34256409840239	1.97133988338861	77	37	0.49806051845263	0.894024453621518
HROV-vOTU54200	Smoking_Status	Former_Smoker	-0.777918226089359	1.14248624046608	77	73	0.498149823007023	0.894026670683936
HROV-vOTU64237	Smoking_Status	Former_Smoker	0.77671006576673	1.14058348510182	77	73	0.498101612035768	0.894026670683936
HROV-vOTU32359	diagnosis	RA	-0.2797759797161	0.410919022593779	77	27	0.49817821384659	0.894026670683936
HROV-vOTU01864	diagnosis	RA	-0.159289089585536	0.234102639820045	77	10	0.498448820754912	0.894442601058565
HROV-vOTU19833	diagnosis	RA	-0.394041600134132	0.579197129319947	77	35	0.498511954369616	0.894486194712291
HROV-vOTU46097	Age	Age	-0.189290206043473	0.278269104459216	77	73	0.498563722332085	0.894509389631343
HROV-vOTU07151	Age	Age	0.192154717013975	0.282526428876667	77	22	0.498633881791172	0.894565575886164
HROV-vOTU49413	Smoking_Status	Never_Smoker	-0.591758122694009	0.870286283037678	77	25	0.498742169246836	0.894690150938981
HROV-vOTU01160	Sex	M	0.174701319911287	0.256993564697463	77	9	0.498848738673647	0.894741935487078
HROV-vOTU71497	Age	Age	0.194036070377229	0.285410443127857	77	15	0.498810633004587	0.894741935487078
HROV-vOTU14373	Smoking_Status	Former_Smoker	0.784205498337947	1.15477608772672	77	73	0.499283964288176	0.894764952948734
HROV-vOTU02362	Smoking_Status	Never_Smoker	0.34798484363259	0.512146984455538	77	75	0.499053881228761	0.894764952948734
HROV-vOTU22193	Smoking_Status	Former_Smoker	-0.521709316261571	0.768104324494473	77	9	0.499208841523841	0.894764952948734
HROV-vOTU05189	Age	Age	-0.13022464502859	0.191754974072769	77	10	0.499269740837591	0.894764952948734
HROV-vOTU70250	Age	Age	-0.180153363381772	0.265298543570975	77	53	0.499308181262789	0.894764952948734
HROV-vOTU60099	Sex	M	-0.596256327154045	0.877462548817198	77	66	0.499015756470532	0.894764952948734
HROV-vOTU56875	Age	Age	-0.127119628766881	0.187208268962103	77	12	0.499327797451026	0.894764952948734
HROV-vOTU28637	Smoking_Status	Former_Smoker	1.02047569753555	1.50167249847229	77	34	0.498993071234396	0.894764952948734
HROV-vOTU74691	Sex	M	0.641626061195425	0.944668031325855	77	35	0.499214361503631	0.894764952948734
HROV-vOTU11151	Age	Age	-0.122824732980994	0.180831764147797	77	11	0.499206155174626	0.894764952948734
HROV-vOTU64696	Smoking_Status	Former_Smoker	0.687945676663419	1.01310592856458	77	12	0.499316275666146	0.894764952948734
HROV-vOTU41394	Smoking_Status	Never_Smoker	0.423562327904105	0.623420007236033	77	10	0.499082563662699	0.894764952948734
HROV-vOTU43426	Age	Age	0.155594082912971	0.229175485546894	77	48	0.499389508423158	0.894805911381415
HROV-vOTU49969	Smoking_Status	Never_Smoker	0.469272620962147	0.691261678366248	77	28	0.499431041194866	0.894810710962951
HROV-vOTU04745	Sex	M	0.52043524293488	0.766808227187168	77	74	0.499532250826934	0.894922422134912
HROV-vOTU65186	Sex	M	-0.739771023612229	1.09017528530763	77	44	0.499609970933975	0.894992037228488
HROV-vOTU56372	Age	Age	-0.129092446935082	0.190278256262957	77	25	0.49969788379349	0.895079899180529
HROV-vOTU71363	Smoking_Status	Former_Smoker	-0.628602230861673	0.927676793836248	77	74	0.500221774366602	0.895151863682516
HROV-vOTU55642	Age	Age	-0.246150253608149	0.363153382421293	77	40	0.500092941726819	0.895151863682516
HROV-vOTU43070	Smoking_Status	Never_Smoker	0.727605168962202	1.07387815299545	77	39	0.500259599934316	0.895151863682516
HROV-vOTU71419	Smoking_Status	Former_Smoker	-1.67425702895222	2.4707739074660102	77	22	0.500212037260352	0.895151863682516
HROV-vOTU64280	Sex	M	0.767062499677801	1.13301373486539	77	31	0.500599045321377	0.895151863682516
HROV-vOTU35391	Sex	M	0.58223080004041206	0.859892429713447	77	24	0.500544504978172	0.895151863682516
HROV-vOTU28487	Sex	M	-0.558049722352302	0.824507098404291	77	48	0.500714142713722	0.895151863682516
HROV-vOTU74136	Sex	M	-0.54289447429452	0.801606762155549	77	35	0.500443228984873	0.895151863682516
HROV-vOTU19804	Age	Age	0.154562184525383	0.228169721349681	77	35	0.5003535573788	0.895151863682516
HROV-vOTU11316	Age	Age	-0.240064778540083	0.354663492377645	77	23	0.500681248014519	0.895151863682516
HROV-vOTU20980	Smoking_Status	Former_Smoker	0.80584120339443	1.19035624292547	77	31	0.500621717530998	0.895151863682516
HROV-vOTU18579	Age	Age	-0.176509571309665	0.260516635701516	77	35	0.500267438307529	0.895151863682516
HROV-vOTU17656	Age	Age	0.115285782535828	0.170310037666626	77	10	0.500658100493409	0.895151863682516
HROV-vOTU71058	diagnosis	RA	0.290696025312881	0.429218220314917	77	23	0.500436448829129	0.895151863682516
HROV-vOTU34340	Smoking_Status	Never_Smoker	0.224022642611419	0.330913062863579	77	9	0.500616321127625	0.895151863682516
HROV-vOTU56818	diagnosis	RA	-0.43132439289474	0.636668263569426	77	38	0.500308728020813	0.895151863682516
HROV-vOTU57831	Sex	M	-0.487770014637858	0.720663859621882	77	42	0.50071035020704	0.895151863682516
HROV-vOTU23278	diagnosis	RA	-0.244489262346868	0.360973893826667	77	18	0.500413780648532	0.895151863682516
HROV-vOTU22789	diagnosis	RA	0.495822444165084	0.731160567712693	77	37	0.499892988572439	0.895151863682516
HROV-vOTU01539	Age	Age	0.11855970040731	0.174919232961883	77	20	0.500103433623218	0.895151863682516
HROV-vOTU32362	diagnosis	RA	-0.187626239449225	0.277147436508503	77	8	0.500611696808919	0.895151863682516
HROV-vOTU12145	Age	Age	-0.170541757198647	0.25152930596274	77	16	0.499963125707979	0.895151863682516
HROV-vOTU11722	Smoking_Status	Never_Smoker	-0.690252546818732	1.01925686749245	77	9	0.50047241166236	0.895151863682516
HROV-vOTU25315	Smoking_Status	Former_Smoker	0.672963202739445	0.994369803660077	77	13	0.500748652185057	0.895151863682516
HROV-vOTU46426	diagnosis	RA	0.25623084062436	0.378288045920475	77	21	0.500389404652745	0.895151863682516
HROV-vOTU42319	Smoking_Status	Never_Smoker	0.421356645751771	0.621404168795496	77	10	0.499930119428382	0.895151863682516
HROV-vOTU19375	Smoking_Status	Never_Smoker	0.489656041055018	0.723586068954683	77	19	0.500790397674344	0.895157005467257
HROV-vOTU26654	Sex	M	-0.398953765491362	0.589612130651839	77	20	0.50083439293084	0.895166167574485
HROV-vOTU29576	Sex	M	0.436708235460253	0.645576017488302	77	12	0.500944626620466	0.89522282699906
HROV-vOTU50866	diagnosis	RA	0.358729349053524	0.530397206431983	77	14	0.501021581293568	0.89522282699906
HROV-vOTU47351	Age	Age	-0.13210187628438	0.195313773907446	77	14	0.501011329604483	0.89522282699906
HROV-vOTU71160	Smoking_Status	Former_Smoker	0.789986306552891	1.16783551821103	77	14	0.500950630755997	0.89522282699906
HROV-vOTU61744	Smoking_Status	Never_Smoker	-0.50333420708875	0.744484023561741	77	24	0.501183320866977	0.895238369199086
HROV-vOTU20267	Smoking_Status	Former_Smoker	-0.576490666858732	0.852694987359905	77	21	0.501185770476935	0.895238369199086
HROV-vOTU14671	Age	Age	0.147386451329853	0.217954261713354	77	66	0.501093785195819	0.895238369199086
HROV-vOTU72167	Sex	M	0.463128858157199	0.684980481379808	77	16	0.501161134841005	0.895238369199086
HROV-vOTU04579	Smoking_Status	Former_Smoker	-1.58120755015255	2.34032325366973	77	44	0.501466238665235	0.89524438155523
HROV-vOTU41845	Age	Age	0.214068300082329	0.31685137807673	77	55	0.501482218260165	0.89524438155523
HROV-vOTU60459	Smoking_Status	Never_Smoker	0.727678251821306	1.07645145582666	77	70	0.501238450551652	0.89524438155523
HROV-vOTU07120	Smoking_Status	Never_Smoker	-0.22547111504228	0.33357288901574	77	8	0.501282438546492	0.89524438155523
HROV-vOTU50916	diagnosis	RA	-0.412868901657269	0.611130053158812	77	40	0.501500120123492	0.89524438155523
HROV-vOTU04949	Age	Age	-0.219500689916143	0.32481089541562	77	63	0.501375618857601	0.89524438155523
HROV-vOTU07335	diagnosis	RA	-0.209549145652382	0.310171757131303	77	16	0.50149509850887	0.89524438155523
HROV-vOTU10455	Sex	M	0.310660790404971	0.45980452784038	77	11	0.501466073956041	0.89524438155523
HROV-vOTU01753	diagnosis	RA	-0.34576803600763	0.512058015867616	77	73	0.501709122848067	0.895270502029365
HROV-vOTU19010	Sex	M	0.75992002191417	1.12535126703308	77	26	0.501695271107925	0.895270502029365
HROV-vOTU53214	diagnosis	RA	0.351459446142006	0.520336788907686	77	16	0.501586379261644	0.895270502029365
HROV-vOTU14404	Age	Age	0.0850755107229629	0.125975930365054	77	10	0.501658740565589	0.895270502029365
HROV-vOTU37360	Smoking_Status	Never_Smoker	0.65137848336623	0.964636615953244	77	18	0.501705203992234	0.895270502029365
HROV-vOTU48368	diagnosis	RA	-0.386588960199039	0.572614605728295	77	67	0.501786332587149	0.895282199458496
HROV-vOTU09854	Smoking_Status	Former_Smoker	0.911228823021143	1.35019292159605	77	27	0.501938873752384	0.895282199458496
HROV-vOTU04367	Smoking_Status	Former_Smoker	0.798553194296954	1.18332711807973	77	73	0.501970857117707	0.895282199458496
HROV-vOTU62704	diagnosis	RA	-0.291633906464769	0.431983224934634	77	59	0.501801934430768	0.895282199458496
HROV-vOTU38735	Age	Age	-0.207328483444148	0.307239606924005	77	43	0.501987800330332	0.895282199458496
HROV-vOTU21304	diagnosis	RA	-0.447002465107902	0.662298748098278	77	50	0.501914962152867	0.895282199458496
HROV-vOTU20490	Smoking_Status	Never_Smoker	0.412960806362609	0.611955608226042	77	22	0.501980787203461	0.895282199458496
HROV-vOTU38862	Sex	M	0.579355166737488	0.858680497695873	77	49	0.502055009904684	0.895332730223392
HROV-vOTU26953	Sex	M	0.402795128293018	0.597143012881041	77	76	0.502160428344971	0.895382058283113
HROV-vOTU02433	Sex	M	-0.21843670875844	0.323820273034299	77	10	0.502144988533066	0.895382058283113
HROV-vOTU32102	Age	Age	-0.0980578038550342	0.145385210006919	77	8	0.5022035215185	0.895389571926225
HROV-vOTU15544	diagnosis	RA	0.381593311229028	0.565914853682466	77	61	0.502313671058608	0.895447313606297
HROV-vOTU09645	Sex	M	0.544659380427391	0.807735947680572	77	37	0.502307867394683	0.895447313606297
HROV-vOTU50677	Smoking_Status	Never_Smoker	0.308770448570131	0.458007880234067	77	76	0.502398898670571	0.895514046221774
HROV-vOTU14113	Age	Age	-0.210782841329703	0.312841336446745	77	54	0.502645710894461	0.895514046221774
HROV-vOTU31336	Age	Age	-0.234983552003545	0.348709659968946	77	71	0.502584554631019	0.895514046221774
HROV-vOTU03079	Age	Age	0.238485986512035	0.353815888452351	77	10	0.502474664961181	0.895514046221774
HROV-vOTU37867	diagnosis	RA	0.32583827351795	0.483437846708889	77	44	0.502498286789056	0.895514046221774
HROV-vOTU22561	diagnosis	RA	-0.19108729633157	0.283620417521969	77	11	0.502662183044241	0.895514046221774
HROV-vOTU13448	Age	Age	0.126701901514247	0.188006274433303	77	20	0.50254797137595	0.895514046221774
HROV-vOTU34214	Smoking_Status	Never_Smoker	0.503799615602246	0.747664794901143	77	13	0.502606703531149	0.895514046221774
HROV-vOTU03570	Smoking_Status	Never_Smoker	0.61058318467707	0.90636494448459	77	25	0.502713743831311	0.895536627508903
HROV-vOTU18560	Smoking_Status	Former_Smoker	0.677182075031842	1.00537485399144	77	17	0.502776792693451	0.895579668630998
HROV-vOTU08951	Smoking_Status	Former_Smoker	-0.816909164384841	1.21339813119329	77	37	0.502979704986554	0.895664007255884
HROV-vOTU15034	Age	Age	0.123197185668588	0.182986488070615	77	17	0.502968610929563	0.895664007255884
HROV-vOTU18316	diagnosis	RA	0.477246667086968	0.70886190256131	77	27	0.502969097747694	0.895664007255884
HROV-vOTU31601	diagnosis	RA	-0.276365414690007	0.410497810241228	77	19	0.502977350768726	0.895664007255884
HROV-vOTU45672	Sex	M	0.780816433610632	1.16016790670022	77	42	0.503119219829666	0.895773918258771
HROV-vOTU14459	Smoking_Status	Former_Smoker	-0.881045548442401	1.3090205961698	77	26	0.503095911292262	0.895773918258771
HROV-vOTU67500	Age	Age	-0.169077706711687	0.251289356524538	77	72	0.503232738493185	0.895785723880499
HROV-vOTU06122	Sex	M	-0.35428543498333	0.526611991670882	77	12	0.503281436443325	0.895785723880499
HROV-vOTU36813	Sex	M	0.606445705192598	0.901326609066667	77	53	0.503235209884181	0.895785723880499
HROV-vOTU35834	Sex	M	-0.376729720189726	0.559939595149695	77	12	0.50325581422733	0.895785723880499
HROV-vOTU48193	Smoking_Status	Former_Smoker	1.16961489521737	1.73886645426244	77	41	0.503365589878201	0.895797043110653
HROV-vOTU07170	Age	Age	0.123911489566924	0.184204207348038	77	28	0.503330936268576	0.895797043110653
HROV-vOTU30516	Sex	M	0.413140141343364	0.614325420314171	77	31	0.503441761327841	0.895863372228417
HROV-vOTU06240	Sex	M	0.489267924703998	0.727674783293595	77	23	0.503529418093456	0.895880909973137
HROV-vOTU43428	diagnosis	RA	0.262682692233397	0.390672236233207	77	9	0.50352012253327	0.895880909973137
HROV-vOTU42154	Smoking_Status	Former_Smoker	-0.351767772901051	0.523249729483918	77	8	0.503590519659937	0.895920406934596
HROV-vOTU62525	Sex	M	0.634841349613435	0.944549676520935	77	44	0.503694951580733	0.895940565238643
HROV-vOTU19549	Smoking_Status	Former_Smoker	-0.896730615064045	1.33439815017271	77	36	0.503757463277255	0.895940565238643
HROV-vOTU69300	diagnosis	RA	-0.593670004910003	0.883387459181888	77	35	0.503740511782005	0.895940565238643
HROV-vOTU72167	Smoking_Status	Never_Smoker	0.595889713982854	0.886512549913268	77	16	0.503655193464618	0.895940565238643
HROV-vOTU33154	Age	Age	0.174493336052174	0.259705887740008	77	61	0.503835321488184	0.895953344707254
HROV-vOTU35803	Age	Age	-0.193849915459958	0.288519952977233	77	20	0.503842456244188	0.895953344707254
HROV-vOTU02138	Age	Age	-0.246730207127754	0.367356802662169	77	41	0.503994716879188	0.895972003499368
HROV-vOTU00515	Smoking_Status	Former_Smoker	1.03629923111889	1.54313823693891	77	70	0.504047471877456	0.895972003499368
HROV-vOTU37217	Smoking_Status	Former_Smoker	-0.503863528226456	0.750276371071149	77	18	0.504036400155848	0.895972003499368
HROV-vOTU61977	Smoking_Status	Never_Smoker	0.632838984203756	0.942320033754952	77	18	0.504033320514971	0.895972003499368
HROV-vOTU22105	Smoking_Status	Former_Smoker	0.804619518152091	1.19813169068024	77	17	0.504041927137082	0.895972003499368
HROV-vOTU07169	Smoking_Status	Former_Smoker	-0.867408788016527	1.29179783024606	77	44	0.504097465737826	0.895991713818178
HROV-vOTU58977	diagnosis	RA	0.346989749343242	0.516852290477895	77	56	0.504174851004261	0.896027400595743
HROV-vOTU27327	Sex	M	-0.369829147452119	0.55089888061175	77	12	0.504195357547557	0.896027400595743
HROV-vOTU68286	Age	Age	-0.129904761644016	0.193551947546293	77	12	0.504294901551069	0.896135152987741
HROV-vOTU26728	Smoking_Status	Never_Smoker	0.239045556348441	0.356199636656718	77	11	0.504334356764429	0.896136118839966
HROV-vOTU34493	Age	Age	0.155235542662797	0.231351055542762	77	9	0.504400424785023	0.89618436836900806
HROV-vOTU02293	Age	Age	0.16225530798291601	0.242029074874374	77	76	0.504780249798353	0.896401325735723
HROV-vOTU26057	Age	Age	0.199288681095637	0.297134436264453	77	32	0.504586330196471	0.896401325735723
HROV-vOTU49128	Sex	M	0.755216360960408	1.12664007923543	77	42	0.504824430164267	0.896401325735723
HROV-vOTU04455	Smoking_Status	Former_Smoker	0.736058697906444	1.09775495336366	77	66	0.504706245912784	0.896401325735723
HROV-vOTU60532	Sex	M	0.536097133766121	0.799464071329117	77	31	0.504669578666327	0.896401325735723
HROV-vOTU62186	Sex	M	0.260835485503736	0.389062151004817	77	14	0.504764290963644	0.896401325735723
HROV-vOTU11158	Age	Age	-0.118168626104016	0.176289196610246	77	15	0.504833920746519	0.896401325735723
HROV-vOTU16007	Smoking_Status	Never_Smoker	-0.236677921120529	0.352990036891134	77	8	0.504717732882877	0.896401325735723
HROV-vOTU19658	diagnosis	RA	-0.297970483961264	0.444654765864475	77	15	0.504957308661478	0.896413074730119
HROV-vOTU53426	Age	Age	-0.150559832439385	0.224646905532233	77	18	0.50490022159413706	0.896413074730119
HROV-vOTU28506	Sex	M	0.42073323309668	0.627831362028045	77	38	0.504944093409635	0.896413074730119
HROV-vOTU15791	Smoking_Status	Former_Smoker	-0.965420805136544	1.44134587304392	77	21	0.505154631379213	0.896416399279489
HROV-vOTU18579	Smoking_Status	Never_Smoker	-0.582719587601094	0.869783185168245	77	35	0.505056719851644	0.896416399279489
HROV-vOTU38735	Sex	M	0.53087684674455	0.792585377243632	77	43	0.505155330885111	0.896416399279489
HROV-vOTU64208	Smoking_Status	Former_Smoker	1.0054634404432	1.50083891785144	77	52	0.50507275974815	0.896416399279489
HROV-vOTU44615	Sex	M	0.406636888810784	0.607151821336417	77	28	0.505192724544007	0.896416399279489
HROV-vOTU70862	Age	Age	-0.11370473610299	0.169762346005029	77	12	0.505165635902837	0.896416399279489
HROV-vOTU23983	Sex	M	-0.252251395695283	0.376767431314611	77	74	0.505338585772047	0.896509640852305
HROV-vOTU47534	Smoking_Status	Never_Smoker	-0.784260505329905	1.17229789179338	77	39	0.505668679618384	0.896509640852305
HROV-vOTU65965	Smoking_Status	Never_Smoker	-0.472102899986006	0.706153733474667	77	77	0.505946970173893	0.896509640852305
HROV-vOTU08935	Smoking_Status	Former_Smoker	-0.989717517248151	1.48037999358185	77	46	0.505946344087666	0.896509640852305
HROV-vOTU34476	Sex	M	0.398063976584385	0.595517032278245	77	60	0.506023830718155	0.896509640852305
HROV-vOTU15402	Smoking_Status	Former_Smoker	0.759744528713993	1.1364604007213	77	61	0.505970536305943	0.896509640852305
HROV-vOTU05156	Sex	M	0.574359611239448	0.858692656893595	77	45	0.505743124672949	0.896509640852305
HROV-vOTU34848	Smoking_Status	Never_Smoker	0.898697121377446	1.34374450729642	77	46	0.505791465350497	0.896509640852305
HROV-vOTU37593	Age	Age	0.251918547091623	0.376519496785001	77	23	0.505619533020683	0.896509640852305
HROV-vOTU53381	Sex	M	0.220508253636359	0.329520821101566	77	8	0.505551818704638	0.896509640852305
HROV-vOTU51674	Smoking_Status	Former_Smoker	0.667265541663001	0.997900715612079	77	24	0.5058747534495	0.896509640852305
HROV-vOTU71904	Smoking_Status	Former_Smoker	1.13911054643433	1.70404392546966	77	42	0.505998057347104	0.896509640852305
HROV-vOTU53268	Smoking_Status	Never_Smoker	0.529545128897462	0.792165247243784	77	25	0.505996002631126	0.896509640852305
HROV-vOTU42099	Smoking_Status	Former_Smoker	0.744415435397912	1.11285919933629	77	10	0.505714794303018	0.896509640852305
HROV-vOTU40350	diagnosis	RA	-0.569598216678164	0.852099868071309	77	52	0.506004857282029	0.896509640852305
HROV-vOTU72239	diagnosis	RA	-0.441676911602703	0.660291422524022	77	50	0.505720759890167	0.896509640852305
HROV-vOTU16249	Age	Age	0.0848688785486756	0.126901455472974	77	9	0.505805908064686	0.896509640852305
HROV-vOTU31620	diagnosis	RA	-0.401544620869883	0.59992440150915	77	35	0.5054587132961	0.896509640852305
HROV-vOTU07698	diagnosis	RA	0.383593060737169	0.573448322646624	77	34	0.505713518735196	0.896509640852305
HROV-vOTU17522	Smoking_Status	Never_Smoker	0.419097922209703	0.62646633271279	77	9	0.505673162598476	0.896509640852305
HROV-vOTU72662	Age	Age	-0.139276095623324	0.208388832852763	77	20	0.506079040014677	0.896538483964462
HROV-vOTU41060	Smoking_Status	Former_Smoker	1.11998259302221	1.67607494248724	77	22	0.506161337662168	0.896615307004055
HROV-vOTU74522	Smoking_Status	Former_Smoker	1.08252472290503	1.62026010589915	77	38	0.506224546971336	0.896658307702652
HROV-vOTU56634	Smoking_Status	Never_Smoker	-0.887307004543731	1.33107135174076	77	22	0.507181023182329	0.896704007421937
HROV-vOTU00880	Sex	M	0.567078485321015	0.849740712209956	77	60	0.506708869524908	0.896704007421937
HROV-vOTU06892	Age	Age	-0.134131257693547	0.200881107408994	77	23	0.506480418541008	0.896704007421937
HROV-vOTU44591	Age	Age	0.19546034746582	0.29315078629248	77	41	0.507088375211176	0.896704007421937
HROV-vOTU55299	Sex	M	0.547608728601076	0.821916310939629	77	71	0.507405028382011	0.896704007421937
HROV-vOTU64653	Age	Age	0.12631639148525	0.189292319447203	77	11	0.506738159230233	0.896704007421937
HROV-vOTU63059	Smoking_Status	Former_Smoker	-1.00958358023517	1.51427909458328	77	50	0.507118844432765	0.896704007421937
HROV-vOTU05768	Smoking_Status	Former_Smoker	-0.976877967009027	1.46552977146193	77	35	0.507207251383053	0.896704007421937
HROV-vOTU02423	Smoking_Status	Former_Smoker	-0.775381454533317	1.16260071587496	77	19	0.506974077164632	0.896704007421937
HROV-vOTU61992	Smoking_Status	Former_Smoker	0.680402608129844	1.02032254237591	77	53	0.507029010343692	0.896704007421937
HROV-vOTU71326	Smoking_Status	Former_Smoker	0.952505379803947	1.42925706568052	77	62	0.507293598149146	0.896704007421937
HROV-vOTU56010	Age	Age	-0.127178921300021	0.190858897986558	77	53	0.507346587126636	0.896704007421937
HROV-vOTU43750	Age	Age	0.195708957895506	0.293628875584368	77	39	0.50724012905024	0.896704007421937
HROV-vOTU06939	Sex	M	0.724492270068146	1.08628517170352	77	29	0.5069691219267	0.896704007421937
HROV-vOTU57416	diagnosis	RA	-0.444702239456052	0.666089725580515	77	37	0.506533421662125	0.896704007421937
HROV-vOTU07697	Smoking_Status	Never_Smoker	-0.319973376639406	0.480181528804732	77	15	0.507341061505638	0.896704007421937
HROV-vOTU40093	Smoking_Status	Former_Smoker	1.10482774009375	1.65527129646037	77	59	0.506641908153735	0.896704007421937
HROV-vOTU51674	Age	Age	0.141070972388869	0.211729481911849	77	24	0.507391810571186	0.896704007421937
HROV-vOTU74149	Smoking_Status	Never_Smoker	0.68210313049675	1.02151954436994	77	32	0.506468260807343	0.896704007421937
HROV-vOTU33631	Age	Age	-0.170573212066192	0.255929231744344	77	32	0.50726060713841	0.896704007421937
HROV-vOTU70988	Sex	M	-0.446030869728234	0.668165942934989	77	23	0.506588059084736	0.896704007421937
HROV-vOTU30278	diagnosis	RA	-0.36694206682197	0.550645596041716	77	35	0.507324552005354	0.896704007421937
HROV-vOTU70158	diagnosis	RA	0.154890090231283	0.232407786296814	77	9	0.507278129553305	0.896704007421937
HROV-vOTU08046	Age	Age	-0.244924361536753	0.367623259153129	77	51	0.507418437895036	0.896704007421937
HROV-vOTU16708	Age	Age	-0.286892998883393	0.430555696566859	77	29	0.507358394809911	0.896704007421937
HROV-vOTU13086	Age	Age	0.155080225788674	0.232278044067701	77	20	0.506522022895625	0.896704007421937
HROV-vOTU29431	Smoking_Status	Never_Smoker	-0.617117791727924	0.924020030071918	77	9	0.506386954654845	0.896704007421937
HROV-vOTU07230	Age	Age	-0.116918843368982	0.175281199718369	77	17	0.506911324196413	0.896704007421937
HROV-vOTU41868	Smoking_Status	Never_Smoker	0.507728642137867	0.760823222877769	77	16	0.506717493609744	0.896704007421937
HROV-vOTU16097	diagnosis	RA	-0.346644020814713	0.519574587244983	77	27	0.506826827234548	0.896704007421937
HROV-vOTU07552	Smoking_Status	Never_Smoker	0.918544501452244	1.37915421185772	77	62	0.507556456880291	0.896854063721845
HROV-vOTU31623	Sex	M	0.319722360228193	0.480077187167226	77	8	0.507581236063853	0.896854063721845
HROV-vOTU42785	Smoking_Status	Former_Smoker	0.813057669845397	1.2209645618302	77	39	0.507623765174453	0.896860399844085
HROV-vOTU04385	Sex	M	0.609582649324858	0.915593552923701	77	60	0.507709910424247	0.896943789281252
HROV-vOTU13303	Sex	M	-0.338298285609841	0.50831202496833106	77	20	0.507866213749617	0.897075577817791
HROV-vOTU41294	Smoking_Status	Former_Smoker	0.595933092070641	0.895497093100997	77	54	0.507901366008084	0.897075577817791
HROV-vOTU54487	diagnosis	RA	0.346009652757413	0.519917828906785	77	26	0.507881709011574	0.897075577817791
HROV-vOTU45294	Age	Age	-0.165892517208617	0.249584901309126	77	36	0.50841236383408706	0.897249637258919
HROV-vOTU53866	Smoking_Status	Former_Smoker	-0.977407989061209	1.46945713569791	77	71	0.508110115834535	0.897249637258919
HROV-vOTU40089	Smoking_Status	Former_Smoker	-0.748655880319221	1.12649776620532	77	70	0.508467434470957	0.897249637258919
HROV-vOTU22193	Smoking_Status	Never_Smoker	-0.361662303562985	0.544113820898443	77	9	0.508407498520102	0.897249637258919
HROV-vOTU51845	diagnosis	RA	-0.131217537950267	0.197385606802278	77	8	0.508346257876511	0.897249637258919
HROV-vOTU31636	Smoking_Status	Never_Smoker	-0.391250496751869	0.588360535399037	77	15	0.508214873446903	0.897249637258919
HROV-vOTU47122	diagnosis	RA	-0.22484762772866	0.338207484062894	77	70	0.50831832824037	0.897249637258919
HROV-vOTU74213	Sex	M	-0.583457530082341	0.877756171008737	77	23	0.50838621073437	0.897249637258919
HROV-vOTU71482	Sex	M	-0.225183081180526	0.338734645066304	77	15	0.508346514895897	0.897249637258919
HROV-vOTU64808	Smoking_Status	Former_Smoker	1.25048594752839	1.88050229753	77	38	0.50822112385604	0.897249637258919
HROV-vOTU19056	diagnosis	RA	0.504521326771919	0.759088782401866	77	35	0.508433321301319	0.897249637258919
HROV-vOTU64089	Smoking_Status	Never_Smoker	0.690668994909972	1.03837229981427	77	24	0.508112156825642	0.897249637258919
HROV-vOTU02549	Smoking_Status	Never_Smoker	0.443179095270492	0.666916831739558	77	11	0.50851056436149	0.897256994885468
HROV-vOTU63482	Smoking_Status	Former_Smoker	0.649704689685942	0.977946460668031	77	47	0.508614362971423	0.897302648937635
HROV-vOTU11334	Smoking_Status	Former_Smoker	-0.523623065775141	0.78809546526886	77	12	0.508576395240965	0.897302648937635
HROV-vOTU28137	Smoking_Status	Never_Smoker	-0.483807536510266	0.728414850441351	77	11	0.508718554579699	0.897417718266601
HROV-vOTU39338	diagnosis	RA	-0.447760049462326	0.674414617535715	77	50	0.508889254496108	0.897454915788917
HROV-vOTU57356	diagnosis	RA	-0.155680105916406	0.234423545670812	77	9	0.508778824532948	0.897454915788917
HROV-vOTU30319	Age	Age	0.0670859126571089	0.101034706759768	77	9	0.508848030274075	0.897454915788917
HROV-vOTU57235	Age	Age	-0.0805420434276767	0.121313941879046	77	10	0.508895516512699	0.897454915788917
HROV-vOTU32840	Age	Age	-0.100594409766621	0.151542072246204	77	10	0.50896487044854	0.897508496663849
HROV-vOTU04691	Smoking_Status	Never_Smoker	-0.849309444114684	1.27973820392677	77	33	0.509058046899712	0.89759521346101
HROV-vOTU69166	diagnosis	RA	0.404926780004853	0.61019211677813	77	16	0.509091996449314	0.89759521346101
HROV-vOTU55684	Smoking_Status	Former_Smoker	-0.47488823145663	0.715710612171127	77	13	0.509146409394059	0.897622430402295
HROV-vOTU08173	diagnosis	RA	-0.146324550189403	0.220573053472212	77	77	0.509233147791407	0.897646163775259
HROV-vOTU01364	Smoking_Status	Former_Smoker	-0.358641972732673	0.540631297735048	77	11	0.509237825867293	0.897646163775259
HROV-vOTU75484	diagnosis	RA	-0.466902927479098	0.704017466126883	77	38	0.509351345317941	0.897777551099968
HROV-vOTU58042	Smoking_Status	Former_Smoker	0.791367492267037	1.19353022678519	77	73	0.509446974453689	0.897808679344082
HROV-vOTU26676	Age	Age	-0.265859663151134	0.40096508428534	77	32	0.509445895799787	0.897808679344082
HROV-vOTU35149	Sex	M	0.415663461539293	0.627138428183926	77	14	0.509608644635907	0.898024874586039
HROV-vOTU69656	diagnosis	RA	0.434442015869058	0.655933577176335	77	47	0.509906416579983	0.898068581663889
HROV-vOTU57540	Smoking_Status	Never_Smoker	0.782633067699744	1.18152540761849	77	45	0.50986447896226506	0.898068581663889
HROV-vOTU03179	Age	Age	0.0920605891554868	0.13899320593167	77	77	0.509898431223501	0.898068581663889
HROV-vOTU31854	Smoking_Status	Former_Smoker	0.894738490856377	1.3502577129139	77	72	0.509704827997928	0.898068581663889
HROV-vOTU72571	Age	Age	-0.18268361630378	0.275757744686504	77	69	0.509809344143501	0.898068581663889
HROV-vOTU06489	Sex	M	0.830050270486563	1.25270390085524	77	34	0.509727650246851	0.898068581663889
HROV-vOTU72521	Sex	M	0.600739270349458	0.906859872073532	77	18	0.50983464598428	0.898068581663889
HROV-vOTU48404	Sex	M	-0.549097562417453	0.830098931364535	77	71	0.510442725160998	0.898188292638338
HROV-vOTU33881	Sex	M	1.00004344988582	1.51179501466764	77	49	0.510436609906999	0.898188292638338
HROV-vOTU49179	Smoking_Status	Former_Smoker	-1.02277461332598	1.54622645919902	77	30	0.510455171465329	0.898188292638338
HROV-vOTU62755	Sex	M	0.223426725716333	0.337457303885971	77	9	0.510057617484528	0.898188292638338
HROV-vOTU71081	Smoking_Status	Former_Smoker	0.607073815641311	0.918052363071382	77	11	0.510584059127033	0.898188292638338
HROV-vOTU31698	Age	Age	-0.149687539733113	0.226373325523231	77	21	0.510597305645022	0.898188292638338
HROV-vOTU52432	Smoking_Status	Former_Smoker	-0.865273843295891	1.30702430579298	77	21	0.510102657727291	0.898188292638338
HROV-vOTU20183	Sex	M	0.502965215908052	0.760579584931434	77	53	0.510565387371577	0.898188292638338
HROV-vOTU19142	diagnosis	RA	0.387732640638437	0.585792560031283	77	61	0.510181704944247	0.898188292638338
HROV-vOTU53592	Smoking_Status	Never_Smoker	-0.649082300143521	0.98072357016225	77	24	0.510216038211905	0.898188292638338
HROV-vOTU63801	Sex	M	0.368078288464071	0.556119123486726	77	45	0.510197377555122	0.898188292638338
HROV-vOTU12753	diagnosis	RA	-0.482777186772492	0.730214742101859	77	36	0.51065966441019	0.898188292638338
HROV-vOTU47874	diagnosis	RA	-0.476203203003471	0.72030000095489	77	61	0.510676400512653	0.898188292638338
HROV-vOTU49385	Smoking_Status	Former_Smoker	1.14018362139249	1.72334588459103	77	38	0.51036245722825	0.898188292638338
HROV-vOTU19413	Sex	M	0.482365847291483	0.72950656468757	77	23	0.510609973388543	0.898188292638338
HROV-vOTU50805	Smoking_Status	Former_Smoker	-0.533574968018606	0.806424481863699	77	12	0.510333918308021	0.898188292638338
HROV-vOTU11697	Age	Age	-0.107741366021917	0.162770006350651	77	10	0.510162686105606	0.898188292638338
HROV-vOTU05652	Smoking_Status	Former_Smoker	0.400261373559295	0.604948699508334	77	9	0.51034033483113606	0.898188292638338
HROV-vOTU55745	Sex	M	-0.50663374041264	0.767045887677197	77	67	0.511070412033218	0.898233299918753
HROV-vOTU31711	Age	Age	-0.0788314493519727	0.119312847500652	77	71	0.510935062728774	0.898233299918753
HROV-vOTU08173	Smoking_Status	Former_Smoker	-0.351347902759513	0.531873006148855	77	77	0.511015462525926	0.898233299918753
HROV-vOTU63482	Smoking_Status	Never_Smoker	0.457690127462216	0.692762907822973	77	47	0.510959685243383	0.898233299918753
HROV-vOTU75084	Age	Age	0.243581196360423	0.368751401643589	77	48	0.511034218313623	0.898233299918753
HROV-vOTU22961	Age	Age	-0.17654910767683	0.267288762341422	77	48	0.511058711553958	0.898233299918753
HROV-vOTU03135	Sex	M	-0.464477299434257	0.703256907205121	77	14	0.511092017461369	0.898233299918753
HROV-vOTU72056	Smoking_Status	Never_Smoker	0.37024903276331	0.560131538304603	77	13	0.510749168355071	0.898233299918753
HROV-vOTU53400	Age	Age	-0.124480779392537	0.188350131158035	77	15	0.510814694986447	0.898233299918753
HROV-vOTU09000	diagnosis	RA	-0.307347119910625	0.465153162365231	77	17	0.5109148177989	0.898233299918753
HROV-vOTU43068	diagnosis	RA	-0.457399124669075	0.692706744926237	77	57	0.511193434160565	0.898342982733142
HROV-vOTU58030	Smoking_Status	Former_Smoker	-0.816706697452658	1.23736474742431	77	63	0.511365576697516	0.89849362715131
HROV-vOTU67283	Sex	M	0.498185162414389	0.754723792861584	77	60	0.511332254646344	0.89849362715131
HROV-vOTU46129	Age	Age	-0.196370447439186	0.297535874667516	77	33	0.511396199075092	0.89849362715131
HROV-vOTU64525	Smoking_Status	Former_Smoker	-1.16369946510416	1.76407610210141	77	50	0.511602935435987	0.898651812564648
HROV-vOTU46509	diagnosis	RA	-0.441614120169429	0.669411945476374	77	30	0.511577759712369	0.898651812564648
HROV-vOTU35097	Smoking_Status	Former_Smoker	-0.669428354849349	1.01480116712827	77	9	0.511603296332397	0.898651812564648
HROV-vOTU05577	diagnosis	RA	0.291945041618527	0.442642606889543	77	36	0.511676232687173	0.89871138184759
HROV-vOTU33821	Smoking_Status	Never_Smoker	0.695224138244194	1.05582152688193	77	46	0.512367434781509	0.898878602208019
HROV-vOTU07510	Sex	M	-0.403797213736957	0.614419469465113	77	73	0.51317641056385	0.898878602208019
HROV-vOTU01004	diagnosis	RA	-0.28322084975358103	0.429641413110782	77	74	0.511897937081697	0.898878602208019
HROV-vOTU62011	Smoking_Status	Never_Smoker	0.672046406113326	1.02007291309915	77	53	0.512141110258037	0.898878602208019
HROV-vOTU21564	Smoking_Status	Former_Smoker	-0.546898376897891	0.831051954109762	77	73	0.512615132979139	0.898878602208019
HROV-vOTU00144	Age	Age	0.173477658300344	0.263443293312982	77	74	0.512346061641166	0.898878602208019
HROV-vOTU12483	Age	Age	0.17144502020472	0.260301847934586	77	26	0.512257733182897	0.898878602208019
HROV-vOTU09923	Smoking_Status	Former_Smoker	-1.2995824259048	1.97444906982108	77	30	0.512538244257956	0.898878602208019
HROV-vOTU44878	Age	Age	-0.144564982702281	0.219362690258047	77	73	0.512012967254296	0.898878602208019
HROV-vOTU08443	Smoking_Status	Former_Smoker	-0.80793429146392	1.22802390589735	77	17	0.51272085818682	0.898878602208019
HROV-vOTU52713	diagnosis	RA	-0.352245749341519	0.535755988468025	77	47	0.513001933732288	0.898878602208019
HROV-vOTU73429	Smoking_Status	Never_Smoker	0.624166768702925	0.948098593239947	77	28	0.512451848744525	0.898878602208019
HROV-vOTU09951	diagnosis	RA	0.362962204302641	0.550912883550986	77	46	0.512131011011124	0.898878602208019
HROV-vOTU14305	Age	Age	-0.219109478382123	0.33352334812026	77	67	0.513334454509803	0.898878602208019
HROV-vOTU37732	Age	Age	-0.0948499004371972	0.144343715152053	77	10	0.513233808658701	0.898878602208019
HROV-vOTU69432	diagnosis	RA	0.23495336138793	0.357176332397693	77	14	0.51278882200252	0.898878602208019
HROV-vOTU03041	Age	Age	-0.181038165497057	0.2756843266201	77	44	0.513505451350088	0.898878602208019
HROV-vOTU09438	Smoking_Status	Never_Smoker	0.269777099512329	0.409281645566445	77	8	0.511933078610627	0.898878602208019
HROV-vOTU74507	Smoking_Status	Former_Smoker	-0.935350250080197	1.42293392397277	77	39	0.513088214513978	0.898878602208019
HROV-vOTU65868	Age	Age	0.111084504955699	0.168840235481085	77	14	0.512712811591514	0.898878602208019
HROV-vOTU75944	Sex	M	0.206999752658373	0.315180041179599	77	8	0.513454159553701	0.898878602208019
HROV-vOTU04541	Age	Age	-0.122526267932316	0.185984706151519	77	12	0.512156678920567	0.898878602208019
HROV-vOTU52390	Smoking_Status	Never_Smoker	-0.667135552820107	1.01372886139325	77	29	0.51260176143987	0.898878602208019
HROV-vOTU15595	Sex	M	-0.478085917139597	0.725508475459377	77	38	0.512048695429267	0.898878602208019
HROV-vOTU01972	Smoking_Status	Former_Smoker	0.925900654303345	1.40788315505217	77	40	0.512886754837862	0.898878602208019
HROV-vOTU62209	diagnosis	RA	-0.454262868621011	0.69154203677444	77	34	0.513379193410964	0.898878602208019
HROV-vOTU07631	Smoking_Status	Never_Smoker	0.708396924753935	1.07864480906141	77	34	0.513466640180409	0.898878602208019
HROV-vOTU02036	Age	Age	0.167180307797378	0.254287469902267	77	13	0.513019895341935	0.898878602208019
HROV-vOTU27610	diagnosis	RA	0.310282956077522	0.472093093202864	77	48	0.513145533263368	0.898878602208019
HROV-vOTU29721	Sex	M	-0.427965807481677	0.651229295926978	77	11	0.513198854394598	0.898878602208019
HROV-vOTU49542	Sex	M	0.4376708494594	0.665917992077262	77	49	0.513148822504607	0.898878602208019
HROV-vOTU05290	diagnosis	RA	-0.377702506743398	0.57326587894373	77	26	0.512116193272731	0.898878602208019
HROV-vOTU67808	diagnosis	RA	-0.447649366866071	0.680999664397246	77	25	0.51308672155459	0.898878602208019
HROV-vOTU02898	diagnosis	RA	0.250491294521146	0.381232909245023	77	10	0.513269345108683	0.898878602208019
HROV-vOTU36674	Smoking_Status	Never_Smoker	-0.61155651139676	0.928515417587604	77	14	0.512257877152548	0.898878602208019
HROV-vOTU57629	Smoking_Status	Former_Smoker	-0.487940813769364	0.74249524573359	77	9	0.513200473341279	0.898878602208019
HROV-vOTU31601	Smoking_Status	Never_Smoker	-0.461328509522379	0.701190278094635	77	19	0.512715837325827	0.898878602208019
HROV-vOTU49234	Smoking_Status	Former_Smoker	-0.769303732656274	1.17003316070185	77	27	0.512981674068595	0.898878602208019
HROV-vOTU40204	Smoking_Status	Former_Smoker	-0.978698220035121	1.4885434487004	77	13	0.512993656769338	0.898878602208019
HROV-vOTU15752	Smoking_Status	Never_Smoker	0.306077680417424	0.465006655905271	77	18	0.512524113121781	0.898878602208019
HROV-vOTU45475	Smoking_Status	Former_Smoker	0.77863730242191	1.18576952217185	77	12	0.513527823241463	0.898878602208019
HROV-vOTU02638	Smoking_Status	Former_Smoker	-1.12942252355457	1.71977790966752	77	25	0.513480301979726	0.898878602208019
HROV-vOTU02638	Smoking_Status	Never_Smoker	0.801930974971039	1.21826540963924	77	25	0.512502252017257	0.898878602208019
HROV-vOTU30661	Smoking_Status	Former_Smoker	-0.700400119970563	1.06628649542945	77	22	0.513395003596252	0.898878602208019
HROV-vOTU65848	Smoking_Status	Never_Smoker	-0.388014601818187	0.589787018929464	77	10	0.512736691044398	0.898878602208019
HROV-vOTU05092	diagnosis	RA	0.207295264300159	0.315739926130174	77	13	0.51360036638918	0.898937257785592
HROV-vOTU21289	Age	Age	-0.182313297060534	0.278207455798582	77	73	0.514383201852057	0.898971919104703
HROV-vOTU27906	diagnosis	RA	0.658911692198981	1.00453867812352	77	49	0.513986263042276	0.898971919104703
HROV-vOTU64982	Smoking_Status	Never_Smoker	-0.771759125856732	1.17729921277603	77	39	0.514242848953036	0.898971919104703
HROV-vOTU66153	Sex	M	0.422486597137071	0.644440234749973	77	64	0.514208689539734	0.898971919104703
HROV-vOTU05478	Smoking_Status	Never_Smoker	0.400250815907851	0.611200888674915	77	73	0.514674110004147	0.898971919104703
HROV-vOTU66914	Smoking_Status	Former_Smoker	-0.55356932221864	0.844197850378612	77	54	0.5141145314158	0.898971919104703
HROV-vOTU12418	Sex	M	-0.578522747741295	0.881865165936931	77	48	0.513930514768817	0.898971919104703
HROV-vOTU60216	Age	Age	0.177466961823758	0.27095013901956	77	47	0.514596997242918	0.898971919104703
HROV-vOTU61483	Age	Age	0.162495645047084	0.247809966194849	77	43	0.51411918208584	0.898971919104703
HROV-vOTU30919	Sex	M	-0.509327362586795	0.776486284105356	77	29	0.513983684639228	0.898971919104703
HROV-vOTU33361	diagnosis	RA	0.382164525701567	0.58278766227256	77	43	0.514102698559542	0.898971919104703
HROV-vOTU62816	diagnosis	RA	-0.456501971908577	0.69688222516031	77	40	0.514543773219603	0.898971919104703
HROV-vOTU25173	Age	Age	-0.0938250062754313	0.143196417614392	77	21	0.514444159149402	0.898971919104703
HROV-vOTU41035	Sex	M	0.191796921629734	0.2922159776492	77	10	0.513718481404702	0.898971919104703
HROV-vOTU33181	Age	Age	0.112209607381177	0.171127167786275	77	18	0.514130655125942	0.898971919104703
HROV-vOTU69573	Smoking_Status	Former_Smoker	0.637325584398881	0.972701873380844	77	15	0.514448840286023	0.898971919104703
HROV-vOTU41630	Smoking_Status	Never_Smoker	0.643678402722345	0.982551715693401	77	30	0.514514570798782	0.898971919104703
HROV-vOTU09248	Age	Age	-0.148759911277669	0.227119134453921	77	28	0.514593087666791	0.898971919104703
HROV-vOTU34273	diagnosis	RA	-0.152168336347195	0.232208421978956	77	11	0.51438634501053	0.898971919104703
HROV-vOTU73601	Smoking_Status	Never_Smoker	-0.57876257103688	0.883280784197933	77	30	0.514429477421438	0.898971919104703
HROV-vOTU43519	Sex	M	0.25358013427081	0.387221162037819	77	11	0.514666489890249	0.898971919104703
HROV-vOTU64089	Age	Age	-0.203861437217452	0.311012287620775	77	24	0.514278954805602	0.898971919104703
HROV-vOTU16457	Sex	M	0.427012397722499	0.651085062426118	77	12	0.514042100646764	0.898971919104703
HROV-vOTU70425	diagnosis	RA	0.255820856527053	0.390328568554689	77	17	0.514329098104614	0.898971919104703
HROV-vOTU07547	Age	Age	0.173717010259828	0.265179282302661	77	10	0.514524962296102	0.898971919104703
HROV-vOTU03584	Sex	M	0.188766290749052	0.288123772573516	77	10	0.514483840405797	0.898971919104703
HROV-vOTU21784	Smoking_Status	Never_Smoker	0.287282904397353	0.437830076751406	77	8	0.513847477221267	0.898971919104703
HROV-vOTU49670	Sex	M	-0.556201508247728	0.849493472137402	77	26	0.514747590929267	0.899032080926817
HROV-vOTU15935	Sex	M	0.39439335252539	0.61265086586248	77	75	0.521812310160965	0.899097523792237
HROV-vOTU36422	Sex	M	0.395785174486936	0.613949509704489	77	75	0.521228737285218	0.899097523792237
HROV-vOTU30807	Sex	M	0.587014060679362	0.89830633392944	77	57	0.515565632245017	0.899097523792237
HROV-vOTU43842	Sex	M	-0.776416593792163	1.20198688621786	77	41	0.520397765827347	0.899097523792237
HROV-vOTU70504	Age	Age	0.101281110311468	0.157257535756057	77	9	0.521620697802084	0.899097523792237
HROV-vOTU00482	Smoking_Status	Former_Smoker	0.785051511573688	1.2170787926154	77	73	0.520987077966895	0.899097523792237
HROV-vOTU06005	Sex	M	-0.669326366486889	1.03847328913811	77	26	0.521309333857598	0.899097523792237
HROV-vOTU05088	diagnosis	RA	-0.321065477598675	0.49467941004709	77	74	0.518408166592334	0.899097523792237
HROV-vOTU09406	Sex	M	-0.467493029655476	0.723148085068775	77	73	0.520059804716785	0.899097523792237
HROV-vOTU13781	Sex	M	0.52060286064282	0.797114967373193	77	55	0.515795479931455	0.899097523792237
HROV-vOTU18260	diagnosis	RA	0.125904599912414	0.192412849976719	77	77	0.515002909738445	0.899097523792237
HROV-vOTU59792	Smoking_Status	Never_Smoker	1.06814178134744	1.64522655566891	77	53	0.518280035529513	0.899097523792237
HROV-vOTU27141	Smoking_Status	Former_Smoker	0.498702546068425	0.766654138474732	77	76	0.517473838162382	0.899097523792237
HROV-vOTU61871	Age	Age	0.170726246120105	0.262126199779424	77	76	0.516946955593121	0.899097523792237
HROV-vOTU28978	Smoking_Status	Former_Smoker	-0.655061479946325	1.00334675135396	77	75	0.515944434529664	0.899097523792237
HROV-vOTU03632	Smoking_Status	Former_Smoker	-1.41919613777551	2.19254357693683	77	64	0.51953621082315	0.899097523792237
HROV-vOTU34489	Age	Age	-0.0867370732953587	0.133094896169118	77	77	0.516702986108081	0.899097523792237
HROV-vOTU61744	Sex	M	0.372428666301209	0.575239487459923	77	24	0.519440108660079	0.899097523792237
HROV-vOTU67214	Sex	M	0.754410140184718	1.16492837583958	77	59	0.519330895027615	0.899097523792237
HROV-vOTU60720	diagnosis	RA	-0.185919115051727	0.285949956792913	77	9	0.517673900252327	0.899097523792237
HROV-vOTU52562	Sex	M	0.404659425286896	0.626704040262897	77	72	0.520558551595631	0.899097523792237
HROV-vOTU05191	Smoking_Status	Never_Smoker	-0.556768333434523	0.861685501166317	77	34	0.520272625385323	0.899097523792237
HROV-vOTU65229	Smoking_Status	Former_Smoker	0.939472589607374	1.45412602560333	77	45	0.520314457168489	0.899097523792237
HROV-vOTU11438	Smoking_Status	Never_Smoker	-0.599522282802237	0.928363135568486	77	52	0.520500837497025	0.899097523792237
HROV-vOTU19145	Sex	M	0.798950272873855	1.2239213569561	77	54	0.516006847928801	0.899097523792237
HROV-vOTU66995	diagnosis	RA	0.266933423522638	0.409558280025641	77	72	0.516660744248329	0.899097523792237
HROV-vOTU66995	Smoking_Status	Former_Smoker	0.637484243404666	0.987577540235824	77	72	0.520681970487667	0.899097523792237
HROV-vOTU33520	Sex	M	0.301355571490193	0.465955946480074	77	73	0.519881126400731	0.899097523792237
HROV-vOTU03179	Smoking_Status	Former_Smoker	-0.426912806931266	0.655087890510107	77	77	0.51670659596278	0.899097523792237
HROV-vOTU50950	Smoking_Status	Former_Smoker	-0.936323613853191	1.45106020286761	77	62	0.520832922649742	0.899097523792237
HROV-vOTU56332	diagnosis	RA	-0.25985634947296	0.397874625789973	77	19	0.515794030770702	0.899097523792237
HROV-vOTU52786	Sex	M	0.988056449239798	1.52641342351382	77	60	0.519521451023262	0.899097523792237
HROV-vOTU59876	Sex	M	-0.367020227334951	0.569220803787375	77	8	0.521149941615921	0.899097523792237
HROV-vOTU02712	Smoking_Status	Former_Smoker	0.877093202925308	1.358852611242	77	70	0.52070576632215	0.899097523792237
HROV-vOTU15473	Sex	M	-0.566932147874277	0.870573116716952	77	56	0.5170085626736	0.899097523792237
HROV-vOTU06856	Sex	M	0.629205917551115	0.974897240881869	77	53	0.520743514423139	0.899097523792237
HROV-vOTU06856	Smoking_Status	Former_Smoker	1.16195041200591	1.78113150556616	77	53	0.516271396373763	0.899097523792237
HROV-vOTU10186	diagnosis	RA	-0.450891757691312	0.692750883818392	77	41	0.51723042510717	0.899097523792237
HROV-vOTU13649	Age	Age	0.173165545174441	0.268841428390687	77	66	0.521574517909283	0.899097523792237
HROV-vOTU04217	Smoking_Status	Former_Smoker	0.732350754526866	1.12724405346931	77	65	0.517993769304793	0.899097523792237
HROV-vOTU12141	Sex	M	0.654025512006383	1.0001294640233	77	56	0.515262447481476	0.899097523792237
HROV-vOTU67718	Sex	M	0.552156565251974	0.849941627472978	77	57	0.518020711259259	0.899097523792237
HROV-vOTU41996	Smoking_Status	Never_Smoker	0.332880739966374	0.509933581963975	77	17	0.515998351717353	0.899097523792237
HROV-vOTU08406	Age	Age	0.257104407909974	0.395841695508458	77	72	0.518102525977511	0.899097523792237
HROV-vOTU63613	Smoking_Status	Former_Smoker	0.865600564782734	1.32961534607638	77	63	0.517137787924341	0.899097523792237
HROV-vOTU54041	Smoking_Status	Former_Smoker	0.701545818661737	1.0746084518524	77	27	0.515968739488087	0.899097523792237
HROV-vOTU67011	diagnosis	RA	-0.331044875345174	0.510890020997303	77	50	0.519089975811313	0.899097523792237
HROV-vOTU37143	Sex	M	0.720050527942501	1.10334872472752	77	66	0.516118660481416	0.899097523792237
HROV-vOTU57904	Sex	M	0.468068790967743	0.718189913936815	77	53	0.516676976338656	0.899097523792237
HROV-vOTU17380	Smoking_Status	Former_Smoker	0.748891868830811	1.14501851808235	77	40	0.515196729764241	0.899097523792237
HROV-vOTU20641	Sex	M	0.305396858333908	0.471475590130396	77	14	0.519237801456014	0.899097523792237
HROV-vOTU15402	Sex	M	-0.405689518449493	0.622038353469313	77	61	0.516382132300895	0.899097523792237
HROV-vOTU26829	Age	Age	0.168270669784632	0.258262510170598	77	35	0.516795680809392	0.899097523792237
HROV-vOTU49444	Smoking_Status	Never_Smoker	-0.76277677140043	1.17054495719749	77	70	0.51673571364666	0.899097523792237
HROV-vOTU68647	Smoking_Status	Former_Smoker	-0.495350598665671	0.759353273062382	77	11	0.516293341386657	0.899097523792237
HROV-vOTU36129	Smoking_Status	Never_Smoker	0.655756098082584	1.00744530622338	77	29	0.517205750834318	0.899097523792237
HROV-vOTU07041	Smoking_Status	Never_Smoker	0.540310580527554	0.837366644571432	77	61	0.520845106484702	0.899097523792237
HROV-vOTU56971	diagnosis	RA	-0.537836072881084	0.832451816947496	77	46	0.52030607132271	0.899097523792237
HROV-vOTU72898	Age	Age	-0.113198850635271	0.174731190728796	77	16	0.519174272061125	0.899097523792237
HROV-vOTU74285	Smoking_Status	Former_Smoker	0.936586873139139	1.43285741565423	77	59	0.515448925748021	0.899097523792237
HROV-vOTU10093	Age	Age	0.104746875484238	0.162707234183327	77	8	0.521795412175592	0.899097523792237
HROV-vOTU06937	Age	Age	-0.129361543252325	0.200370071336107	77	12	0.520611047044776	0.899097523792237
HROV-vOTU55876	Age	Age	0.0948428273210937	0.145999085202644	77	13	0.518038757841587	0.899097523792237
HROV-vOTU56560	Age	Age	0.149957232322208	0.230461572711627	77	18	0.517351910493745	0.899097523792237
HROV-vOTU22511	Smoking_Status	Former_Smoker	1.12194225365881	1.72949666955708	77	51	0.518618444931106	0.899097523792237
HROV-vOTU75719	Age	Age	-0.193299315601816	0.296817307123706	77	31	0.516993876775781	0.899097523792237
HROV-vOTU50340	Sex	M	0.505667785501355	0.778741891972726	77	23	0.518214185636391	0.899097523792237
HROV-vOTU11329	Age	Age	-0.128365553502524	0.199311135286173	77	10	0.521620748388276	0.899097523792237
HROV-vOTU02899	Smoking_Status	Former_Smoker	1.52401717740595	2.35131314056698	77	57	0.518974894624847	0.899097523792237
HROV-vOTU14110	Smoking_Status	Never_Smoker	-0.572266296928652	0.883231349496933	77	33	0.51912427897526	0.899097523792237
HROV-vOTU09968	diagnosis	RA	-0.333307134606146	0.510821201033517	77	40	0.516190405011806	0.899097523792237
HROV-vOTU06552	Smoking_Status	Former_Smoker	-0.64592617724617	0.993989239824723	77	20	0.51789765655625	0.899097523792237
HROV-vOTU03930	Smoking_Status	Former_Smoker	-0.493927630859101	0.765628898375578	77	13	0.520924356786429	0.899097523792237
HROV-vOTU01295	Sex	M	0.599161473394636	0.917035633673977	77	42	0.515629616999067	0.899097523792237
HROV-vOTU23061	Age	Age	0.185894365977963	0.285525826314438	77	47	0.517109583637691	0.899097523792237
HROV-vOTU72000	Age	Age	-0.0836836245327495	0.128071470744505	77	12	0.515600295571772	0.899097523792237
HROV-vOTU17525	Sex	M	0.258379604551505	0.397924895375859	77	11	0.518228239074382	0.899097523792237
HROV-vOTU30252	Smoking_Status	Never_Smoker	0.437503691561749	0.673149856528305	77	44	0.517831574681425	0.899097523792237
HROV-vOTU66740	Sex	M	0.500464451212138	0.765388456093715	77	34	0.515307911188765	0.899097523792237
HROV-vOTU72046	Smoking_Status	Never_Smoker	-0.743319549279492	1.15089211584635	77	53	0.52044961091379	0.899097523792237
HROV-vOTU67833	Age	Age	0.244046808537878	0.378762137580306	77	50	0.521439425918243	0.899097523792237
HROV-vOTU09621	Age	Age	0.173437400464078	0.267987629286156	77	27	0.519599660040638	0.899097523792237
HROV-vOTU61322	Smoking_Status	Never_Smoker	0.505259696052173	0.784213689197278	77	15	0.521464610070814	0.899097523792237
HROV-vOTU04013	Smoking_Status	Never_Smoker	-0.410373780915847	0.629311889786115	77	15	0.516442754715051	0.899097523792237
HROV-vOTU73104	Smoking_Status	Former_Smoker	0.973799517195221	1.50143675693816	77	26	0.518703174855372	0.899097523792237
HROV-vOTU34352	Sex	M	-0.616280407130391	0.956695270717903	77	25	0.521536805619077	0.899097523792237
HROV-vOTU21438	Age	Age	-0.121896077645396	0.187964929176238	77	12	0.518750790188379	0.899097523792237
HROV-vOTU15270	Age	Age	-0.121903164668475	0.18759079946184	77	16	0.517895500416915	0.899097523792237
HROV-vOTU54319	Age	Age	0.0905155924267333	0.140093119900694	77	8	0.520290967523022	0.899097523792237
HROV-vOTU27418	Age	Age	0.108130115447716	0.167925923006358	77	13	0.521704885325696	0.899097523792237
HROV-vOTU27519	Sex	M	0.257805198621168	0.395131869544979	77	25	0.516215530365081	0.899097523792237
HROV-vOTU53592	Age	Age	-0.189273808988856	0.293745394724351	77	24	0.521427107450647	0.899097523792237
HROV-vOTU25949	diagnosis	RA	0.24801617544829	0.382681879021289	77	26	0.519010668420302	0.899097523792237
HROV-vOTU59729	Age	Age	-0.141612505854194	0.218594378352798	77	19	0.519182869077019	0.899097523792237
HROV-vOTU35490	Age	Age	0.0987975526245952	0.153022507165861	77	15	0.520593298922666	0.899097523792237
HROV-vOTU39364	Sex	M	0.214131272452975	0.330971185914718	77	9	0.519732044689968	0.899097523792237
HROV-vOTU46594	Smoking_Status	Never_Smoker	0.816156517475416	1.25851744313888	77	36	0.518749534692374	0.899097523792237
HROV-vOTU27152	diagnosis	RA	0.280674829278086	0.433821854717176	77	27	0.519730004194306	0.899097523792237
HROV-vOTU42746	Age	Age	-0.230746288216022	0.35717101275794	77	37	0.520337010021204	0.899097523792237
HROV-vOTU69935	Smoking_Status	Former_Smoker	1.02999237397614	1.58867283924264	77	22	0.518859597582572	0.899097523792237
HROV-vOTU51707	Smoking_Status	Never_Smoker	-0.533561378057609	0.818597530754943	77	8	0.516635033144273	0.899097523792237
HROV-vOTU50244	Smoking_Status	Former_Smoker	0.691430276692012	1.07041341285802	77	23	0.520396069670491	0.899097523792237
HROV-vOTU44910	Smoking_Status	Former_Smoker	0.597528105833057	0.925318364599497	77	21	0.52052026189003	0.899097523792237
HROV-vOTU48533	Smoking_Status	Never_Smoker	0.557726052034563	0.859197365617407	77	24	0.518352257442474	0.899097523792237
HROV-vOTU16037	Sex	M	-0.423904088445196	0.65715225872129	77	32	0.520965891423448	0.899097523792237
HROV-vOTU42245	Smoking_Status	Former_Smoker	0.623817466832991	0.955141990032103	77	61	0.515791618583799	0.899097523792237
HROV-vOTU19549	Sex	M	-0.47382991587335	0.73037901512371906	77	36	0.518595964716386	0.899097523792237
HROV-vOTU19549	Age	Age	-0.182472178166782	0.28312579055212	77	36	0.521333606662405	0.899097523792237
HROV-vOTU33032	Sex	M	0.491002129553787	0.759711523361393	77	22	0.520168290544777	0.899097523792237
HROV-vOTU62036	diagnosis	RA	0.310756552796113	0.479056841556212	77	13	0.518635270111505	0.899097523792237
HROV-vOTU69010	Smoking_Status	Former_Smoker	0.958213010349508	1.473791373441	77	50	0.517681547274075	0.899097523792237
HROV-vOTU18853	Sex	M	0.386237803661233	0.598730096585781	77	17	0.520944754133324	0.899097523792237
HROV-vOTU02943	Age	Age	-0.214780102214106	0.332783084344762	77	43	0.520744620024062	0.899097523792237
HROV-vOTU52612	Smoking_Status	Former_Smoker	1.14046424942242	1.76966185125423	77	44	0.521358317240287	0.899097523792237
HROV-vOTU39158	diagnosis	RA	0.34333213495382	0.531076571940772	77	19	0.520050787447275	0.899097523792237
HROV-vOTU37012	Smoking_Status	Never_Smoker	0.643821889776151	0.990463414512406	77	45	0.517776468928089	0.899097523792237
HROV-vOTU17514	Smoking_Status	Former_Smoker	-0.850816351532156	1.30395778447222	77	17	0.516193679718502	0.899097523792237
HROV-vOTU68315	Sex	M	0.640732194016711	0.982672122276244	77	20	0.516486813866093	0.899097523792237
HROV-vOTU19413	Smoking_Status	Never_Smoker	0.610592073334951	0.944138909676544	77	23	0.519899431264838	0.899097523792237
HROV-vOTU08091	Age	Age	-0.109710543062875	0.170372411105109	77	12	0.521685601800536	0.899097523792237
HROV-vOTU08091	Smoking_Status	Former_Smoker	0.52317293109801	0.802980999278729	77	12	0.516802474444156	0.899097523792237
HROV-vOTU62699	Age	Age	-0.190772384497315	0.292389185039916	77	25	0.516211107383487	0.899097523792237
HROV-vOTU35834	Age	Age	-0.140240236075827	0.21705626428949	77	12	0.52029698348443	0.899097523792237
HROV-vOTU03622	diagnosis	RA	0.476687979754527	0.728582674138483	77	31	0.515053234833736	0.899097523792237
HROV-vOTU19692	Sex	M	0.302570573193349	0.463881413149202	77	10	0.516340634095598	0.899097523792237
HROV-vOTU03842	Smoking_Status	Never_Smoker	0.526048426671445	0.814207852595573	77	9	0.520306437369659	0.899097523792237
HROV-vOTU71719	Smoking_Status	Former_Smoker	0.761868888127838	1.17755299060873	77	24	0.51972258612065	0.899097523792237
HROV-vOTU24697	Smoking_Status	Never_Smoker	0.465197373998217	0.714103435460862	77	15	0.516863936835004	0.899097523792237
HROV-vOTU23278	Age	Age	-0.119746356806189	0.184682306160985	77	18	0.518823625333035	0.899097523792237
HROV-vOTU42099	diagnosis	RA	-0.299845928199409	0.461513836657372	77	10	0.517981999608731	0.899097523792237
HROV-vOTU23789	Sex	M	0.46390428932125	0.709638881941134	77	27	0.515404673016224	0.899097523792237
HROV-vOTU53941	Age	Age	-0.142317217956242	0.217904987696214	77	23	0.515790961686452	0.899097523792237
HROV-vOTU71160	Age	Age	-0.161472987491416	0.247785381211409	77	14	0.516721430529282	0.899097523792237
HROV-vOTU51865	Smoking_Status	Former_Smoker	1.30798301086177	2.02719292476982	77	30	0.520865006883204	0.899097523792237
HROV-vOTU73260	Sex	M	0.476017656726918	0.734684422125461	77	31	0.51912568252516	0.899097523792237
HROV-vOTU01986	Smoking_Status	Former_Smoker	1.26275047569391	1.95462620608598	77	26	0.520341506435588	0.899097523792237
HROV-vOTU60923	Sex	M	-0.176869492814816	0.270445657658171	77	9	0.515229221322829	0.899097523792237
HROV-vOTU41466	Age	Age	0.112520344383692	0.172658990990281	77	13	0.516704437729586	0.899097523792237
HROV-vOTU01116	diagnosis	RA	-0.345205549649769	0.53160409767453	77	26	0.51819718344872	0.899097523792237
HROV-vOTU60898	Age	Age	-0.10438343822293	0.161838813313472	77	10	0.521016306707479	0.899097523792237
HROV-vOTU07448	Sex	M	-0.59654292949142	0.917482783535593	77	27	0.5176645077366	0.899097523792237
HROV-vOTU37946	Sex	M	-0.296384344223891	0.453180586074018	77	9	0.515218568541816	0.899097523792237
HROV-vOTU73170	Sex	M	0.326565974603625	0.505706932032187	77	13	0.520515599041554	0.899097523792237
HROV-vOTU67101	diagnosis	RA	-0.151074098303991	0.234667937714444	77	12	0.521793462746021	0.899097523792237
HROV-vOTU48924	Sex	M	0.356861102982823	0.554303910085524	77	9	0.521779109226487	0.899097523792237
HROV-vOTU50443	Age	Age	-0.134810791812914	0.20662042445683	77	15	0.516213797702353	0.899097523792237
HROV-vOTU14109	Age	Age	-0.203279131050748	0.315212791949588	77	10	0.521073667073834	0.899097523792237
HROV-vOTU03165	Sex	M	0.245761909753828	0.375673845533272	77	20	0.515103156307993	0.899097523792237
HROV-vOTU02442	Sex	M	-0.569648011921543	0.879217911936826	77	33	0.519137359596359	0.899097523792237
HROV-vOTU15208	Smoking_Status	Former_Smoker	-0.802531816456044	1.242159723282	77	17	0.520311823540795	0.899097523792237
HROV-vOTU10047	diagnosis	RA	-0.40261755201032	0.625170902304965	77	24	0.521642724326381	0.899097523792237
HROV-vOTU55021	Smoking_Status	Former_Smoker	-0.36732377106402	0.562934996718119	77	11	0.516175870467319	0.899097523792237
HROV-vOTU22312	Smoking_Status	Never_Smoker	0.661211479241238	1.01120765681405	77	13	0.515299512510734	0.899097523792237
HROV-vOTU23269	diagnosis	RA	0.294788957638931	0.453585181700414	77	18	0.51784849971219	0.899097523792237
HROV-vOTU55519	Smoking_Status	Former_Smoker	-0.94139535023219	1.45455785178246	77	27	0.519587157115527	0.899097523792237
HROV-vOTU08414	Sex	M	-0.394770469483492	0.607578127131018	77	16	0.517954039908971	0.899097523792237
HROV-vOTU32776	Smoking_Status	Never_Smoker	-0.504953878815405	0.774951914473285	77	11	0.516766902002312	0.899097523792237
HROV-vOTU29574	diagnosis	RA	-0.264200778467424	0.406758199092275	77	8	0.518093117873405	0.899097523792237
HROV-vOTU33743	diagnosis	RA	0.203845382047719	0.312058008059972	77	11	0.515718415334552	0.899097523792237
HROV-vOTU43698	Age	Age	0.145799790981053	0.224360561499905	77	15	0.517888833929545	0.899097523792237
HROV-vOTU67200	diagnosis	RA	0.205500656406669	0.317333793321663	77	10	0.519341831183556	0.899097523792237
HROV-vOTU56612	Age	Age	0.147763880756807	0.226560929377493	77	15	0.516375731451517	0.899097523792237
HROV-vOTU41868	diagnosis	RA	-0.28754868391162	0.445408723892556	77	16	0.520629878300652	0.899097523792237
HROV-vOTU48330	diagnosis	RA	-0.176195549981093	0.270939413574992	77	14	0.517588590802849	0.899097523792237
HROV-vOTU47650	diagnosis	RA	0.291474676232094	0.446503706386604	77	12	0.515997671773108	0.899097523792237
HROV-vOTU15676	Smoking_Status	Former_Smoker	-0.425080313131555	0.649900576237083	77	8	0.515179883938519	0.899097523792237
HROV-vOTU01868	Smoking_Status	Former_Smoker	0.781782381793607	1.20736603026642	77	11	0.519389748249917	0.899097523792237
HROV-vOTU73439	Age	Age	-0.224167475673017	0.347069298727481	77	29	0.520434803457563	0.899097523792237
HROV-vOTU12914	Smoking_Status	Former_Smoker	0.592244236484868	0.911917585482223	77	11	0.518143577852427	0.899097523792237
HROV-vOTU45475	Sex	M	0.421889754629917	0.649027560219197	77	12	0.517768261037282	0.899097523792237
HROV-vOTU54284	diagnosis	RA	0.212807903035337	0.327104197902459	77	8	0.51741659204791	0.899097523792237
HROV-vOTU05380	Smoking_Status	Former_Smoker	0.563027518165204	0.869974195622766	77	13	0.51960422187775	0.899097523792237
HROV-vOTU57235	Smoking_Status	Former_Smoker	0.36986773838062	0.571763876819118	77	10	0.519789721706591	0.899097523792237
HROV-vOTU44298	Smoking_Status	Never_Smoker	0.230398141115817	0.35474554617847	77	8	0.518127470421919	0.899097523792237
HROV-vOTU23130	Smoking_Status	Never_Smoker	0.179470179762044	0.278375893042096	77	8	0.521196396340452	0.899097523792237
HROV-vOTU43612	Sex	M	0.329182757897277	0.504667562638297	77	10	0.516329105074096	0.899097523792237
HROV-vOTU49046	Smoking_Status	Never_Smoker	0.390930260663972	0.601634310273851	77	13	0.517930817958295	0.899097523792237
HROV-vOTU42090	Smoking_Status	Never_Smoker	0.357745483185841	0.551276350972736	77	8	0.518470564162823	0.899097523792237
HROV-vOTU50156	Sex	M	0.483699091164173	0.748383698441607	77	12	0.520152684600241	0.899097523792237
HROV-vOTU04091	diagnosis	RA	0.168562909249112	0.259120720724849	77	8	0.517456747388709	0.899097523792237
HROV-vOTU41596	Smoking_Status	Never_Smoker	0.529745988101811	0.823078259058778	77	17	0.521898313195813	0.899118114746574
HROV-vOTU30475	diagnosis	RA	0.537761027861348	0.835560186130138	77	35	0.521912608478842	0.899118114746574
HROV-vOTU60898	diagnosis	RA	-0.203570416669016	0.316324762390219	77	10	0.521941384109724	0.899118114746574
HROV-vOTU44375	diagnosis	RA	-0.370644483702949	0.576082360298679	77	35	0.522045069534187	0.899229465323285
HROV-vOTU67091	Smoking_Status	Former_Smoker	-0.617495846346342	0.95987190564217	77	69	0.522094945976232	0.89924811949986
HROV-vOTU37103	diagnosis	RA	0.331063941506612	0.514964628116754	77	70	0.522368400244756	0.899312226607078
HROV-vOTU68369	Age	Age	-0.143607921857374	0.223352058687302	77	58	0.522316869464122	0.899312226607078
HROV-vOTU08281	Smoking_Status	Never_Smoker	0.753038465896126	1.17127697887321	77	52	0.522346366144595	0.899312226607078
HROV-vOTU47152	Smoking_Status	Never_Smoker	0.416881975081104	0.648511224831488	77	18	0.52240551313719	0.899312226607078
HROV-vOTU73063	Smoking_Status	Never_Smoker	0.531520091833973	0.82657921680853	77	16	0.522272201632084	0.899312226607078
HROV-vOTU10378	Sex	M	0.747654891352722	1.16274035042301	77	52	0.522288218876451	0.899312226607078
HROV-vOTU42631	Sex	M	-0.441517038100112	0.686750163925284	77	37	0.522354825589468	0.899312226607078
HROV-vOTU09958	Smoking_Status	Former_Smoker	-0.940017698416001	1.46258262298657	77	56	0.522481905821061	0.89933339587242
HROV-vOTU30995	Age	Age	0.111002980882398	0.17271644399233	77	12	0.522495911279765	0.89933339587242
HROV-vOTU57544	Smoking_Status	Former_Smoker	0.328676049374972	0.511497222984236	77	8	0.522568643906982	0.89939136605469
HROV-vOTU51859	Sex	M	0.418251295102307	0.651803026670339	77	75	0.523144943310921	0.899491527067033
HROV-vOTU18116	diagnosis	RA	-0.314456054596894	0.490160815758242	77	76	0.523239905947575	0.899491527067033
HROV-vOTU19118	Smoking_Status	Former_Smoker	-0.524153557394912	0.816930728352333	77	8	0.523190366474484	0.899491527067033
HROV-vOTU73341	Sex	M	-0.286994141364899	0.446878454429083	77	76	0.522798857666913	0.899491527067033
HROV-vOTU16529	Smoking_Status	Never_Smoker	-0.825923266043365	1.28644670717483	77	61	0.522928377458522	0.899491527067033
HROV-vOTU16979	Sex	M	-0.395112854187218	0.615270071364823	77	47	0.522825816646058	0.899491527067033
HROV-vOTU34791	diagnosis	RA	-0.24117476527229	0.375696160515869	77	18	0.522978754201921	0.899491527067033
HROV-vOTU15132	Age	Age	-0.250695577878879	0.390362350030769	77	56	0.522803501434627	0.899491527067033
HROV-vOTU23013	Age	Age	0.275422872825578	0.428778664913117	77	32	0.522719423203271	0.899491527067033
HROV-vOTU16624	Smoking_Status	Former_Smoker	0.662482011654653	1.03249491234175	77	21	0.523178094735264	0.899491527067033
HROV-vOTU66013	Sex	M	0.336400673532676	0.524382163808899	77	17	0.523251758059794	0.899491527067033
HROV-vOTU48844	Sex	M	-0.270751308417499	0.422001738495629	77	12	0.523206565342903	0.899491527067033
HROV-vOTU61220	Smoking_Status	Former_Smoker	0.427542972398722	0.666228494789881	77	13	0.523110936090388	0.899491527067033
HROV-vOTU60277	Smoking_Status	Former_Smoker	-0.479554406379929	0.747228577014839	77	12	0.523084371241237	0.899491527067033
HROV-vOTU33140	Smoking_Status	Never_Smoker	0.64744707345695	1.00844109303975	77	20	0.522922807269183	0.899491527067033
HROV-vOTU72848	Sex	M	0.704292012712663	1.09724602746327	77	17	0.523022991294722	0.899491527067033
HROV-vOTU12852	diagnosis	RA	-0.348858461705417	0.544335993568526	77	72	0.523658676462497	0.899505987650789
HROV-vOTU46389	Smoking_Status	Former_Smoker	1.13547974438051	1.77046918683493	77	26	0.523364231605913	0.899505987650789
HROV-vOTU46509	Age	Age	-0.219544314613258	0.342486102115884	77	30	0.523566170103218	0.899505987650789
HROV-vOTU46317	Smoking_Status	Former_Smoker	0.762911545171613	1.19044515802045	77	48	0.523675277478615	0.899505987650789
HROV-vOTU08302	Age	Age	0.134575238209477	0.209884852737309	77	14	0.523466228464817	0.899505987650789
HROV-vOTU53592	Smoking_Status	Former_Smoker	-0.887183148847755	1.38444933108193	77	24	0.523702517176968	0.899505987650789
HROV-vOTU54203	Smoking_Status	Never_Smoker	0.621162256282593	0.969427341092514	77	31	0.523746768103404	0.899505987650789
HROV-vOTU15595	Smoking_Status	Former_Smoker	-0.849510566871879	1.32549970295029	77	38	0.523652059084937	0.899505987650789
HROV-vOTU35834	diagnosis	RA	0.271907035069694	0.424250955756149	77	12	0.523643990071923	0.899505987650789
HROV-vOTU35112	Sex	M	-0.448322048880236	0.699740780820835	77	11	0.523781921502262	0.899505987650789
HROV-vOTU61630	Sex	M	-0.34023896635198	0.530744808908586	77	18	0.523548004554745	0.899505987650789
HROV-vOTU51691	Sex	M	0.643116335251151	1.00377985250413	77	48	0.523783681589715	0.899505987650789
HROV-vOTU12332	Smoking_Status	Never_Smoker	0.414003564696433	0.645781324215577	77	9	0.523528645627523	0.899505987650789
HROV-vOTU23476	Smoking_Status	Former_Smoker	0.658120058181945	1.02725557805366	77	14	0.52380698221384	0.899505987650789
HROV-vOTU06373	Smoking_Status	Former_Smoker	0.725011677240591	1.1319120283753	77	73	0.523896845491307	0.899593226339457
HROV-vOTU02279	Sex	M	0.484005446113652	0.756115304894335	77	33	0.524154200602627	0.899937308734783
HROV-vOTU14822	Smoking_Status	Never_Smoker	0.386891349012612	0.604434207932983	77	9	0.524175382517081	0.899937308734783
HROV-vOTU36894	Smoking_Status	Former_Smoker	0.676005575033425	1.05638606319925	77	13	0.524282415683475	0.900053971911326
HROV-vOTU44598	Age	Age	0.28900352545797803	0.451734013457108	77	63	0.524384573123786	0.900162247990518
HROV-vOTU67775	Smoking_Status	Former_Smoker	-0.428452588808751	0.669779106941257	77	9	0.524431399458471	0.90017553324354
HROV-vOTU33751	Smoking_Status	Former_Smoker	0.614774656462738	0.961328190431661	77	15	0.524552225987348	0.900315826836237
HROV-vOTU25638	Smoking_Status	Never_Smoker	-0.294254781175489	0.460424058447246	77	8	0.524817575480787	0.900454176232908
HROV-vOTU31580	Smoking_Status	Former_Smoker	0.551987150874829	0.863595815479844	77	13	0.524767209179962	0.900454176232908
HROV-vOTU57910	Smoking_Status	Never_Smoker	0.716419440194905	1.1212274747134	77	32	0.524905022240362	0.900454176232908
HROV-vOTU74567	diagnosis	RA	-0.352647390266226	0.551698015131438	77	43	0.524747398697843	0.900454176232908
HROV-vOTU60030	Smoking_Status	Never_Smoker	0.403568413352715	0.631604357874397	77	11	0.52490652696165	0.900454176232908
HROV-vOTU51003	Sex	M	0.420704500510574	0.658303341101483	77	13	0.524831299951942	0.900454176232908
HROV-vOTU16452	diagnosis	RA	-0.184270940131029	0.288327545740343	77	10	0.524812629566115	0.900454176232908
HROV-vOTU71363	Smoking_Status	Never_Smoker	0.419567219389771	0.657152614243211	77	74	0.525226894781858	0.900467466163501
HROV-vOTU22577	Smoking_Status	Former_Smoker	-0.829617814128729	1.2993863664329799	77	61	0.525222658693711	0.900467466163501
HROV-vOTU04129	diagnosis	RA	-0.328869330880466	0.515096087995143	77	74	0.525227072209045	0.900467466163501
HROV-vOTU62233	Age	Age	-0.206314943799966	0.322973599749267	77	26	0.525009660830145	0.900467466163501
HROV-vOTU52590	Smoking_Status	Former_Smoker	0.890515445344454	1.39448125765435	77	48	0.525137988500474	0.900467466163501
HROV-vOTU09805	Smoking_Status	Former_Smoker	1.1971949670442	1.87471211472427	77	51	0.525136540923024	0.900467466163501
HROV-vOTU70158	Smoking_Status	Never_Smoker	0.253568255294814	0.396986478951149	77	9	0.52505199443706	0.900467466163501
HROV-vOTU14451	Smoking_Status	Former_Smoker	0.35746402288073	0.559766548892122	77	11	0.525141202054185	0.900467466163501
HROV-vOTU65452	diagnosis	RA	0.317447081871468	0.497265235495964	77	15	0.525276418852147	0.900485032467243
HROV-vOTU25994	Smoking_Status	Former_Smoker	-0.641465938373933	1.00524592906276	77	8	0.525449462438698	0.900714634906082
HROV-vOTU20894	Sex	M	-0.377265743425782	0.59235167290357	77	22	0.526241580575118	0.901066438709664
HROV-vOTU19713	Smoking_Status	Former_Smoker	-0.593460732710041	0.931273791073295	77	76	0.526007082026242	0.901066438709664
HROV-vOTU38248	Age	Age	0.163412472962598	0.256493013578679	77	57	0.526106784130333	0.901066438709664
HROV-vOTU30321	Age	Age	0.150547416151473	0.236370210990778	77	72	0.526229413263428	0.901066438709664
HROV-vOTU00144	Sex	M	0.43327321378875	0.679604117786875	77	74	0.52582536887113	0.901066438709664
HROV-vOTU23684	diagnosis	RA	0.367444423948648	0.576489433657141	77	36	0.525925651526658	0.901066438709664
HROV-vOTU41294	Sex	M	0.312482814288301	0.490147775475115	77	54	0.525831771841123	0.901066438709664
HROV-vOTU03607	Sex	M	-0.606041096824104	0.951211395896185	77	47	0.526092184188366	0.901066438709664
HROV-vOTU55788	Sex	M	-0.369690284153833	0.579971478771939	77	24	0.525896108178888	0.901066438709664
HROV-vOTU00623	Age	Age	0.236784629062004	0.371531338875055	77	41	0.525965802302963	0.901066438709664
HROV-vOTU60079	diagnosis	RA	0.306469810267124	0.481128375993917	77	35	0.526185564527774	0.901066438709664
HROV-vOTU57553	diagnosis	RA	-0.369792700277677	0.580140964628702	77	31	0.525902378904832	0.901066438709664
HROV-vOTU21451	Smoking_Status	Never_Smoker	0.363151052064108	0.569617519336191	77	10	0.525827146350263	0.901066438709664
HROV-vOTU59988	Sex	M	0.370687700216376	0.581686891665038	77	21	0.52600300495148	0.901066438709664
HROV-vOTU72028	Sex	M	0.15491342907788	0.243202217016233	77	11	0.526190494539949	0.901066438709664
HROV-vOTU56622	diagnosis	RA	-0.504845048595033	0.793944272882342	77	52	0.526905802088321	0.901080553683958
HROV-vOTU60404	Smoking_Status	Never_Smoker	0.299410211387817	0.470314928140709	77	76	0.526421929717908	0.901080553683958
HROV-vOTU07510	Smoking_Status	Former_Smoker	0.71434024790576	1.12254074460979	77	73	0.526587924982199	0.901080553683958
HROV-vOTU60533	Age	Age	0.251942376988115	0.396140377753451	77	55	0.526826062920085	0.901080553683958
HROV-vOTU43644	Age	Age	-0.206279247061826	0.324412157436415	77	60	0.526914972490745	0.901080553683958
HROV-vOTU14163	diagnosis	RA	-0.244611025786087	0.38441302498992	77	71	0.526611725965205	0.901080553683958
HROV-vOTU21688	Smoking_Status	Former_Smoker	0.452828947826434	0.711771961140632	77	72	0.526692057373281	0.901080553683958
HROV-vOTU09485	diagnosis	RA	0.261900652551749	0.411723936648445	77	48	0.526751702939723	0.901080553683958
HROV-vOTU56860	Age	Age	-0.120338943374396	0.189092406672209	77	23	0.526560301485437	0.901080553683958
HROV-vOTU20980	Smoking_Status	Never_Smoker	0.536626517072512	0.843230877517544	77	31	0.526566449898297	0.901080553683958
HROV-vOTU12841	Sex	M	-0.621084739118657	0.975367435095799	77	46	0.526322446444375	0.901080553683958
HROV-vOTU00799	Age	Age	0.152483068560419	0.239789649091274	77	22	0.526883873046297	0.901080553683958
HROV-vOTU59294	Smoking_Status	Never_Smoker	0.262927555666073	0.413489426994484	77	11	0.526902372774752	0.901080553683958
HROV-vOTU31353	Sex	M	0.365174835911201	0.574059003423772	77	23	0.526738561582339	0.901080553683958
HROV-vOTU51836	Smoking_Status	Former_Smoker	0.98486911106735	1.54814971386121	77	32	0.526718392962608	0.901080553683958
HROV-vOTU31229	Smoking_Status	Former_Smoker	0.557818543485032	0.876989902305013	77	9	0.526782177080254	0.901080553683958
HROV-vOTU12076	Sex	M	-0.285705592053219	0.449063388029463	77	8	0.52667517524187	0.901080553683958
HROV-vOTU28970	Smoking_Status	Never_Smoker	-0.702036729972951	1.1052808979593	77	24	0.527361979026499	0.901142034667661
HROV-vOTU45549	Sex	M	0.306320480368508	0.482035466874942	77	73	0.52716293918688	0.901142034667661
HROV-vOTU18440	Sex	M	0.581992222043511	0.91584781743186106	77	56	0.527165950687938	0.901142034667661
HROV-vOTU43813	Smoking_Status	Never_Smoker	0.628632436979709	0.989338241970636	77	67	0.527205669960788	0.901142034667661
HROV-vOTU14813	Sex	M	-0.751168282670184	1.18214672314637	77	47	0.527192515115814	0.901142034667661
HROV-vOTU18241	diagnosis	RA	0.202836664037748	0.319305473321778	77	23	0.527311789688833	0.901142034667661
HROV-vOTU67786	Sex	M	-0.760358130649356	1.19715792693032	77	57	0.527381343606198	0.901142034667661
HROV-vOTU61017	Smoking_Status	Former_Smoker	0.584630449461003	0.920251682693369	77	14	0.527278868188988	0.901142034667661
HROV-vOTU53050	Sex	M	-0.397878790137305	0.625864720372258	77	10	0.526998561786761	0.901142034667661
HROV-vOTU12914	Age	Age	0.122941554180291	0.193486020101735	77	11	0.527208403820277	0.901142034667661
HROV-vOTU01791	Smoking_Status	Never_Smoker	0.4311236516681	0.678606417233619	77	11	0.527270260671934	0.901142034667661
HROV-vOTU55790	diagnosis	RA	0.500726785331418	0.788652052065719	77	37	0.527524855660457	0.901253518238897
HROV-vOTU38654	Sex	M	0.704392994141441	1.10934697972909	77	28	0.527494293628514	0.901253518238897
HROV-vOTU14113	diagnosis	RA	-0.387852932091817	0.611469272365934	77	54	0.527925706242416	0.901269756468705
HROV-vOTU27058	Smoking_Status	Former_Smoker	0.458971671531968	0.723492544324901	77	76	0.527869442448983	0.901269756468705
HROV-vOTU52804	diagnosis	RA	-0.379841978047451	0.598331446762069	77	62	0.527576290312111	0.901269756468705
HROV-vOTU08781	Age	Age	-0.1579899963341	0.248973696726945	77	67	0.527751649919139	0.901269756468705
HROV-vOTU45043	Age	Age	0.177040762651305	0.2789471557329	77	12	0.527680365062603	0.901269756468705
HROV-vOTU31384	Age	Age	-0.0854159660857302	0.134597182641585	77	10	0.527726092583286	0.901269756468705
HROV-vOTU01921	Sex	M	0.360859572026301	0.568741608242877	77	53	0.527801776427775	0.901269756468705
HROV-vOTU59916	diagnosis	RA	0.141315623425305	0.222694381867173	77	11	0.52774710397907	0.901269756468705
HROV-vOTU64337	Age	Age	-0.206035952174784	0.32475329885999	77	19	0.527833797290404	0.901269756468705
HROV-vOTU63272	Smoking_Status	Never_Smoker	0.501967573790569	0.791359034186733	77	9	0.527916555845636	0.901269756468705
HROV-vOTU54368	Sex	M	-0.261104424694332	0.411740449405672	77	14	0.528022100663528	0.901367502652216
HROV-vOTU26057	Smoking_Status	Never_Smoker	0.628963543503969	0.992038514935278	77	32	0.528110916666861	0.901430595149476
HROV-vOTU03672	Smoking_Status	Never_Smoker	0.682727397296364	1.07690722548897	77	58	0.528137343480325	0.901430595149476
HROV-vOTU34103	diagnosis	RA	0.342799602681002	0.541032681151409	77	28	0.528376213653197	0.901504237696927
HROV-vOTU27480	Age	Age	-0.147028806062864	0.232032890295314	77	39	0.528342058819792	0.901504237696927
HROV-vOTU56910	Age	Age	0.161266744863848	0.254506035715536	77	52	0.528347879638164	0.901504237696927
HROV-vOTU40970	diagnosis	RA	0.259802480568097	0.409947207503309	77	10	0.528282892762241	0.901504237696927
HROV-vOTU49990	diagnosis	RA	0.184943667228163	0.291855463578353	77	8	0.528324297841485	0.901504237696927
HROV-vOTU40909	Sex	M	-0.248050716452832	0.391732897177198	77	14	0.528628384567831	0.901640421981311
HROV-vOTU23169	Sex	M	-0.43190381871815	0.682120852274047	77	39	0.52865178541092706	0.901640421981311
HROV-vOTU07537	Smoking_Status	Never_Smoker	0.577725287892076	0.912332053298673	77	56	0.528611344015032	0.901640421981311
HROV-vOTU29100	Smoking_Status	Former_Smoker	0.569895333167121	0.899733824896151	77	20	0.528504746492648	0.901640421981311
HROV-vOTU09393	Smoking_Status	Former_Smoker	-0.840414468054382	1.32715844274729	77	19	0.528609165203847	0.901640421981311
HROV-vOTU14957	Age	Age	0.148014997051141	0.233792329357333	77	19	0.528699349809068	0.901654770890317
HROV-vOTU34779	diagnosis	RA	0.23162992739666	0.365964546611444	77	32	0.528812728368331	0.901710409708513
HROV-vOTU60000	Sex	M	0.637763308482846	1.00774162684337	77	62	0.52885561673447	0.901710409708513
HROV-vOTU48740	Smoking_Status	Never_Smoker	-0.25174765448292	0.397725652545977	77	8	0.528787960856227	0.901710409708513
HROV-vOTU75577	diagnosis	RA	0.35128004920833	0.555108658133867	77	26	0.52888858942	0.901710409708513
HROV-vOTU51433	Smoking_Status	Never_Smoker	-0.514357459333372	0.813066402625169	77	23	0.529017688401639	0.9017969921458
HROV-vOTU39206	Sex	M	0.360414651612902	0.569674770889628	77	19	0.528983230370953	0.9017969921458
HROV-vOTU11248	Sex	M	0.404569218514733	0.63967897919546	77	15	0.529120102817555	0.901904815919495
HROV-vOTU57667	diagnosis	RA	-0.296346544721034	0.468658871603581	77	13	0.529203078891252	0.901979492811245
HROV-vOTU45542	Sex	M	0.545812244197954	0.863433326717856	77	47	0.529324650858637	0.902119937043914
HROV-vOTU02957	Sex	M	0.65934658700701	1.04329845748144	77	37	0.529427964642656	0.902229245650464
HROV-vOTU01559	Smoking_Status	Never_Smoker	0.675043495707177	1.06850396040015	77	27	0.529569363526815	0.902336670762248
HROV-vOTU54276	Age	Age	0.109481134509433	0.173286910786687	77	14	0.529552435346051	0.902336670762248
HROV-vOTU00812	Smoking_Status	Former_Smoker	0.670343849243412	1.06141614839073	77	73	0.529705163517518	0.902434525507356
HROV-vOTU60406	Smoking_Status	Former_Smoker	0.848895149996538	1.34412894169348	77	33	0.529704046678669	0.902434525507356
HROV-vOTU07483	Smoking_Status	Never_Smoker	0.40724807409956	0.645181367845497	77	71	0.529926944734046	0.902499258817702
HROV-vOTU50804	Smoking_Status	Former_Smoker	0.736749580132686	1.16756211563553	77	74	0.530056664123675	0.902499258817702
HROV-vOTU08935	Sex	M	-0.511304185872755	0.810281760043826	77	46	0.53005346849564	0.902499258817702
HROV-vOTU09258	Sex	M	0.407780861976037	0.645999616568388	77	59	0.529910546612515	0.902499258817702
HROV-vOTU19005	Smoking_Status	Former_Smoker	-0.485116383640269	0.768592787938015	77	11	0.529953004954523	0.902499258817702
HROV-vOTU69384	Sex	M	0.580142317763104	0.919339293686733	77	48	0.530038886600649	0.902499258817702
HROV-vOTU28350	Smoking_Status	Never_Smoker	0.309731354974623	0.490726532288123	77	11	0.529956788014246	0.902499258817702
HROV-vOTU08215	diagnosis	RA	-0.167372705330594	0.265198656327278	77	11	0.529987316266189	0.902499258817702
HROV-vOTU24435	diagnosis	RA	0.277553807250928	0.439919868984359	77	17	0.530119276708094	0.902539139690057
HROV-vOTU32303	Smoking_Status	Former_Smoker	-0.998491696495265	1.58280811154745	77	51	0.530173507531335	0.902564745597772
HROV-vOTU49179	Sex	M	-0.533782824724699	0.846322634876142	77	30	0.530256185658447	0.902572058811088
HROV-vOTU43064	Smoking_Status	Never_Smoker	0.450830366204408	0.714763428620813	77	22	0.530235224094388	0.902572058811088
HROV-vOTU34131	Sex	M	0.301613312499074	0.478339690793105	77	74	0.530364346430114	0.902689446329578
HROV-vOTU01559	Sex	M	0.520155328283077	0.825599544217095	77	27	0.530695168172145	0.902743338068177
HROV-vOTU40626	Sex	M	-0.540713129628267	0.858259461737787	77	52	0.530709598528226	0.902743338068177
HROV-vOTU54818	Smoking_Status	Former_Smoker	-1.32886165532187	2.10822049043445	77	37	0.530506280785157	0.902743338068177
HROV-vOTU18867	Smoking_Status	Never_Smoker	0.575954921422212	0.914041395205598	77	26	0.530639468063047	0.902743338068177
HROV-vOTU32540	diagnosis	RA	-0.177463934911983	0.281666767983634	77	71	0.530684891999128	0.902743338068177
HROV-vOTU43584	Sex	M	-0.691693287437091	1.09789130432675	77	30	0.530704030533222	0.902743338068177
HROV-vOTU65849	Smoking_Status	Never_Smoker	0.459230827203519	0.728482046852275	77	27	0.530460554235372	0.902743338068177
HROV-vOTU62337	Sex	M	-0.566325636064963	0.898777589807822	77	22	0.530647624668519	0.902743338068177
HROV-vOTU55031	Smoking_Status	Former_Smoker	-0.550777911038414	0.874332387776404	77	74	0.530755239000807	0.902754294991771
HROV-vOTU02275	Smoking_Status	Never_Smoker	0.726356432303769	1.15321839756432	77	11	0.530813478823832	0.90278667877652
HROV-vOTU61513	Smoking_Status	Former_Smoker	-0.762446728656411	1.21564065408115	77	75	0.532541632609867	0.902856981329369
HROV-vOTU58212	Smoking_Status	Never_Smoker	0.309167611602496	0.49267126727721	77	75	0.532322818029101	0.902856981329369
HROV-vOTU02021	Smoking_Status	Former_Smoker	0.733953802545243	1.17101612963643	77	73	0.532822444973073	0.902856981329369
HROV-vOTU52595	Smoking_Status	Former_Smoker	-1.19396700721394	1.902069870601	77	67	0.532201265426727	0.902856981329369
HROV-vOTU23606	Smoking_Status	Former_Smoker	0.980196731663242	1.56505393932754	77	71	0.533125206183691	0.902856981329369
HROV-vOTU58984	Age	Age	-0.274263893804195	0.437863843513462	77	65	0.533082314836084	0.902856981329369
HROV-vOTU19754	Smoking_Status	Former_Smoker	-0.543022075646546	0.866432273636014	77	77	0.532844065666092	0.902856981329369
HROV-vOTU09663	Sex	M	0.504388189751503	0.803239227189055	77	72	0.532056112892656	0.902856981329369
HROV-vOTU04221	diagnosis	RA	-0.57723448020466706	0.91833014534652	77	39	0.531647792161694	0.902856981329369
HROV-vOTU05758	Age	Age	0.113470179052489	0.180950296695639	77	47	0.532618658367436	0.902856981329369
HROV-vOTU44417	Smoking_Status	Former_Smoker	-0.659966544229526	1.04891707418266	77	77	0.531244962702468	0.902856981329369
HROV-vOTU15235	Smoking_Status	Former_Smoker	0.502971502670579	0.801908489371734	77	74	0.532528194613231	0.902856981329369
HROV-vOTU31651	Sex	M	0.635313749081272	1.01414329099895	77	37	0.533026473653905	0.902856981329369
HROV-vOTU00255	Sex	M	0.526124971702213	0.839482996214711	77	34	0.532849571626032	0.902856981329369
HROV-vOTU43798	Smoking_Status	Former_Smoker	1.28007765902294	2.03654810081893	77	56	0.531658891561233	0.902856981329369
HROV-vOTU21886	Age	Age	-0.157766039602462	0.251635107551368	77	65	0.532694076392008	0.902856981329369
HROV-vOTU25132	diagnosis	RA	-0.466602575136577	0.74343317675435	77	60	0.532258386567065	0.902856981329369
HROV-vOTU20596	Age	Age	-0.156697499163036	0.249945193236781	77	27	0.532717612504827	0.902856981329369
HROV-vOTU36848	diagnosis	RA	-0.26022327600935	0.414227642187593	77	72	0.531879913999925	0.902856981329369
HROV-vOTU59373	Age	Age	0.224640923300878	0.358473067300991	77	47	0.532891589250991	0.902856981329369
HROV-vOTU56971	Sex	M	-0.688497740432179	1.09869577673062	77	46	0.532898436449023	0.902856981329369
HROV-vOTU39417	diagnosis	RA	-0.286235140272742	0.45576872007574	77	40	0.53200107709828	0.902856981329369
HROV-vOTU05602	Smoking_Status	Former_Smoker	-0.960389424073767	1.52904436986998	77	47	0.531955067981755	0.902856981329369
HROV-vOTU11316	diagnosis	RA	0.435514071658156	0.693213467510669	77	23	0.531853407102001	0.902856981329369
HROV-vOTU06271	Age	Age	-0.150093504208427	0.238488652492628	77	56	0.531138015948921	0.902856981329369
HROV-vOTU75192	Smoking_Status	Former_Smoker	-0.69970077171953	1.11628989056272	77	15	0.532794680107606	0.902856981329369
HROV-vOTU31835	Sex	M	-0.216324552623635	0.345245600885064	77	10	0.532943023914533	0.902856981329369
HROV-vOTU70043	Smoking_Status	Never_Smoker	0.257463545024285	0.408892009047555	77	8	0.530937165576078	0.902856981329369
HROV-vOTU56171	diagnosis	RA	-0.411423393342079	0.656838375515207	77	22	0.533081458238063	0.902856981329369
HROV-vOTU17545	diagnosis	RA	-0.235833864813701	0.375235030354745	77	10	0.531695503778491	0.902856981329369
HROV-vOTU72186	Sex	M	-0.63603426588442	1.01111170631828	77	48	0.531338673494821	0.902856981329369
HROV-vOTU51830	Smoking_Status	Never_Smoker	0.257544725310158	0.410473161515653	77	16	0.532387644190162	0.902856981329369
HROV-vOTU19800	Sex	M	0.496491743488978	0.789965058008195	77	41	0.531694225906724	0.902856981329369
HROV-vOTU51500	Sex	M	0.309281981858265	0.491515658219911	77	16	0.531210548611853	0.902856981329369
HROV-vOTU36710	diagnosis	RA	-0.272399044263329	0.433889999288028	77	13	0.532144692601156	0.902856981329369
HROV-vOTU19405	diagnosis	RA	-0.25818538439457	0.411290393458255	77	19	0.532185043418756	0.902856981329369
HROV-vOTU05683	Sex	M	0.355054620993878	0.566925351738944	77	19	0.533138980590441	0.902856981329369
HROV-vOTU34913	Age	Age	-0.13320799923969	0.211860153893557	77	20	0.531527538324316	0.902856981329369
HROV-vOTU19692	Smoking_Status	Never_Smoker	0.376904393909508	0.600362646246334	77	10	0.53215260452687	0.902856981329369
HROV-vOTU16455	diagnosis	RA	-0.360674528331619	0.574556949612611	77	50	0.532185700139289	0.902856981329369
HROV-vOTU42099	Sex	M	-0.38276308560942	0.609120303319826	77	10	0.531766946353719	0.902856981329369
HROV-vOTU73490	Age	Age	0.0803854298776334	0.127751980064368	77	10	0.531217680653044	0.902856981329369
HROV-vOTU63584	Sex	M	0.2881692546047	0.457828990632247	77	19	0.531090694769136	0.902856981329369
HROV-vOTU29100	Smoking_Status	Never_Smoker	0.399343038073916	0.63735822549628	77	20	0.532957262176946	0.902856981329369
HROV-vOTU06950	Sex	M	-0.735643739015039	1.171410771455	77	20	0.532020012369665	0.902856981329369
HROV-vOTU57308	Smoking_Status	Former_Smoker	-0.870268987047841	1.38567466464201	77	28	0.531988082227613	0.902856981329369
HROV-vOTU08038	Sex	M	-0.387900224360484	0.616193304178935	77	9	0.531035328262033	0.902856981329369
HROV-vOTU08866	Sex	M	0.557288800246025	0.885764583287538	77	17	0.531262653165651	0.902856981329369
HROV-vOTU68499	Sex	M	0.265842653896227	0.423633467653147	77	11	0.532325035031998	0.902856981329369
HROV-vOTU10047	Sex	M	-0.518869490394117	0.825119984260492	77	24	0.531470977471392	0.902856981329369
HROV-vOTU22105	Smoking_Status	Never_Smoker	0.532694227767416	0.848738890494593	77	17	0.532259615178111	0.902856981329369
HROV-vOTU17998	Sex	M	-0.104679978300919	0.167044569546028	77	8	0.532892606354669	0.902856981329369
HROV-vOTU31272	Sex	M	0.290162458612707	0.4612653481515	77	13	0.531330172025319	0.902856981329369
HROV-vOTU68726	Age	Age	-0.184610784763181	0.294729928758461	77	10	0.5330792334904	0.902856981329369
HROV-vOTU14422	Smoking_Status	Never_Smoker	0.788026576858831	1.25228469409762	77	20	0.531191188954234	0.902856981329369
HROV-vOTU32667	Sex	M	-0.253497994906423	0.404148060910882	77	9	0.532513643703619	0.902856981329369
HROV-vOTU04210	Smoking_Status	Former_Smoker	0.450515321546682	0.719400852381606	77	8	0.53316782223532	0.902856981329369
HROV-vOTU00933	diagnosis	RA	-0.199445284023127	0.316972875500528	77	8	0.531225249243407	0.902856981329369
HROV-vOTU18501	Smoking_Status	Never_Smoker	0.262829293362936	0.419093499810554	77	11	0.532580638516452	0.902856981329369
HROV-vOTU39302	Age	Age	-0.172290154231849	0.275153605152393	77	21	0.533217996989727	0.902875558464335
HROV-vOTU50963	diagnosis	RA	0.290319736193923	0.463725201631292	77	28	0.533283233530171	0.902895874714844
HROV-vOTU45051	Smoking_Status	Former_Smoker	1.17443007406252	1.87602265583914	77	54	0.533308405720626	0.902895874714844
HROV-vOTU04802	diagnosis	RA	-0.294704277191476	0.47092098295455	77	74	0.533450045883574	0.902941265878305
HROV-vOTU33245	Smoking_Status	Former_Smoker	1.21631522589381	1.94351778004563	77	52	0.533431973997516	0.902941265878305
HROV-vOTU55887	Sex	M	0.131544529295219	0.210202252262545	77	8	0.533452838191065	0.902941265878305
HROV-vOTU44417	diagnosis	RA	-0.272120924636112	0.434996398044042	77	77	0.533602398628352	0.902948668479928
HROV-vOTU29891	Age	Age	0.206847485798664	0.330758908953759	77	23	0.533731664091066	0.902948668479928
HROV-vOTU52385	diagnosis	RA	-0.28228282874496	0.451374608725419	77	57	0.533723546979181	0.902948668479928
HROV-vOTU45051	diagnosis	RA	-0.486745179633178	0.778005352401131	77	54	0.533562183054988	0.902948668479928
HROV-vOTU56560	Smoking_Status	Never_Smoker	0.481316430637806	0.769438773966308	77	18	0.533620869462137	0.902948668479928
HROV-vOTU17233	Age	Age	-0.0765612856971172	0.122369784302691	77	15	0.533547195619009	0.902948668479928
HROV-vOTU53949	Smoking_Status	Former_Smoker	0.475440904333608	0.760117316118154	77	21	0.533659113378016	0.902948668479928
HROV-vOTU74328	diagnosis	RA	0.224243212304924	0.358807957778944	77	34	0.533996030751102	0.903240995091795
HROV-vOTU14287	Smoking_Status	Never_Smoker	0.647339976450572	1.03583801061774	77	45	0.534011671836108	0.903240995091795
HROV-vOTU48539	Sex	M	-0.257266193031495	0.411673830509845	77	15	0.534022118504988	0.903240995091795
HROV-vOTU50804	diagnosis	RA	-0.302481166963621	0.484199682982462	77	74	0.534168239762048	0.903253630009202
HROV-vOTU32094	Smoking_Status	Former_Smoker	-0.897943037269	1.43779570387226	77	26	0.5342829897309	0.903253630009202
HROV-vOTU29016	Sex	M	-0.555540638161768	0.889437796689607	77	25	0.5342373235135	0.903253630009202
HROV-vOTU64505	diagnosis	RA	-0.192424519847854	0.308012786741811	77	26	0.534151503086604	0.903253630009202
HROV-vOTU20277	Age	Age	0.180259544682769	0.288648423181633	77	19	0.534304133808743	0.903253630009202
HROV-vOTU63797	Age	Age	-0.126396130679522	0.202350824900519	77	21	0.534210523637398	0.903253630009202
HROV-vOTU13246	Sex	M	0.496736032341435	0.795374267430722	77	17	0.534280622141611	0.903253630009202
HROV-vOTU27780	Age	Age	-0.228286462635606	0.36566084143073	77	61	0.534423686884789	0.903256825844466
HROV-vOTU67577	Age	Age	-0.145678888882989	0.233321297608833	77	70	0.534385645626205	0.903256825844466
HROV-vOTU31923	Smoking_Status	Former_Smoker	-0.677269368497579	1.08466852239369	77	14	0.534364847318372	0.903256825844466
HROV-vOTU10130	Smoking_Status	Former_Smoker	0.785956203221018	1.2590750409034	77	72	0.534475277255339	0.903277730622327
HROV-vOTU66575	Sex	M	-0.504277813881002	0.808037057051318	77	52	0.534576758685532	0.903334900832386
HROV-vOTU26844	Age	Age	-0.216871844268904	0.34751703219583	77	29	0.534587553775275	0.903334900832386
HROV-vOTU73274	diagnosis	RA	0.266757026125296	0.427501597175917	77	21	0.534633482906481	0.903346229738538
HROV-vOTU19194	Smoking_Status	Former_Smoker	-0.646702788735894	1.03886549896507	77	73	0.535601683722157	0.90338629135349
HROV-vOTU74179	Age	Age	-0.197903170916488	0.317209476811333	77	74	0.534700586112799	0.90338629135349
HROV-vOTU72226	diagnosis	RA	-0.243344327845719	0.390739757785331	77	75	0.535425331548834	0.90338629135349
HROV-vOTU08373	diagnosis	RA	0.206407873644617	0.331645273648926	77	30	0.535688770381519	0.90338629135349
HROV-vOTU29692	Age	Age	0.203395035709299	0.326598251800475	77	66	0.535432014531983	0.90338629135349
HROV-vOTU14934	Sex	M	-0.746450703334464	1.19772196193782	77	29	0.53513336743216	0.90338629135349
HROV-vOTU23520	Smoking_Status	Never_Smoker	-0.61777099909248	0.991221209363801	77	39	0.535122293469342	0.90338629135349
HROV-vOTU29916	Sex	M	0.550141691514315	0.883180886642094	77	53	0.535339795199589	0.90338629135349
HROV-vOTU48450	Age	Age	-0.218827003947268	0.351227233060005	77	67	0.535257469392148	0.90338629135349
HROV-vOTU42910	Sex	M	-0.303988666716176	0.488546905158147	77	11	0.535783674259628	0.90338629135349
HROV-vOTU16041	Smoking_Status	Former_Smoker	0.762042857316292	1.22382725524386	77	60	0.535495000118449	0.90338629135349
HROV-vOTU08578	Sex	M	0.728293138308496	1.168439451354	77	45	0.535081907966607	0.90338629135349
HROV-vOTU41638	Sex	M	-0.306081842563684	0.49179013895418	77	14	0.535683802582838	0.90338629135349
HROV-vOTU11306	diagnosis	RA	-0.427263167773276	0.686593067631729	77	28	0.535741604968076	0.90338629135349
HROV-vOTU41648	Smoking_Status	Former_Smoker	-1.01421497862079	1.62896931180082	77	21	0.53553450133025	0.90338629135349
HROV-vOTU43196	diagnosis	RA	-0.268217967045261	0.430117670549657	77	44	0.534893826249888	0.90338629135349
HROV-vOTU12887	Age	Age	-0.140473748803312	0.225716963940485	77	28	0.535708886298147	0.90338629135349
HROV-vOTU36710	Age	Age	0.138339671778118	0.221987814241156	77	13	0.535159160227239	0.90338629135349
HROV-vOTU25943	Sex	M	-0.406763947735052	0.653068783867785	77	26	0.535378565368025	0.90338629135349
HROV-vOTU19833	Age	Age	0.184484219674496	0.296330187290479	77	35	0.535566159423445	0.90338629135349
HROV-vOTU26634	Sex	M	0.261097126536755	0.418689485391259	77	9	0.534884957602666	0.90338629135349
HROV-vOTU50399	Sex	M	0.242841393671593	0.389626966225308	77	14	0.535106562468916	0.90338629135349
HROV-vOTU44398	Smoking_Status	Former_Smoker	0.673507321500489	1.0822002580952	77	18	0.535705405954439	0.90338629135349
HROV-vOTU56647	Smoking_Status	Never_Smoker	0.510673038264351	0.820736297713398	77	33	0.53579476133727	0.90338629135349
HROV-vOTU01868	Sex	M	-0.412226757416433	0.660848347223573	77	11	0.534768341797824	0.90338629135349
HROV-vOTU01868	Smoking_Status	Never_Smoker	0.532548931332943	0.855280361015566	77	11	0.535502737987531	0.90338629135349
HROV-vOTU14654	Age	Age	-0.043850961685836	0.0703166191324427	77	8	0.534874544468534	0.90338629135349
HROV-vOTU08586	Smoking_Status	Former_Smoker	-0.759263909754476	1.21784824660662	77	9	0.534988541330668	0.90338629135349
HROV-vOTU08586	Smoking_Status	Never_Smoker	-0.537533893466577	0.862705809099202	77	9	0.535228974797497	0.90338629135349
HROV-vOTU39150	diagnosis	RA	-0.277351411521916	0.446438359955819	77	75	0.536422360414042	0.903427640575761
HROV-vOTU05109	Smoking_Status	Former_Smoker	0.765803137733959	1.23129715938061	77	72	0.53596802909991	0.903427640575761
HROV-vOTU50652	Sex	M	-0.375232242988057	0.603911601558539	77	73	0.536368181094013	0.903427640575761
HROV-vOTU31711	diagnosis	RA	0.144888022646594	0.233204923856187	77	71	0.536398131750813	0.903427640575761
HROV-vOTU49658	Smoking_Status	Former_Smoker	0.752777403550496	1.21061534538147	77	74	0.536055911915572	0.903427640575761
HROV-vOTU46389	diagnosis	RA	0.455892106736219	0.73423127345055	77	26	0.5366465928657	0.903427640575761
HROV-vOTU59173	Smoking_Status	Former_Smoker	0.861601467231867	1.38669825003683	77	67	0.536370346708693	0.903427640575761
HROV-vOTU15287	Smoking_Status	Former_Smoker	0.860805252019675	1.38462182508892	77	69	0.536137043383832	0.903427640575761
HROV-vOTU07148	Sex	M	-0.643447327315746	1.03513732037757	77	53	0.53619199075266	0.903427640575761
HROV-vOTU02836	Smoking_Status	Former_Smoker	-0.979639811711745	1.57780433761105	77	71	0.536661478177488	0.903427640575761
HROV-vOTU03657	diagnosis	RA	-0.519024174130091	0.834764737326259	77	47	0.536090465329834	0.903427640575761
HROV-vOTU56207	diagnosis	RA	0.382268920909717	0.6148376725118	77	32	0.536104479851673	0.903427640575761
HROV-vOTU20362	Smoking_Status	Never_Smoker	0.556513825547682	0.896451686788247	77	32	0.536721536185739	0.903427640575761
HROV-vOTU43064	Smoking_Status	Former_Smoker	-0.627241089098819	1.00900374044462	77	22	0.536167008350024	0.903427640575761
HROV-vOTU47690	Sex	M	0.505384860135411	0.813281470491557	77	38	0.536317110771596	0.903427640575761
HROV-vOTU37055	diagnosis	RA	0.235622351916408	0.37953669332088	77	17	0.536708771530075	0.903427640575761
HROV-vOTU02735	Sex	M	-0.361940039730416	0.582861904980206	77	43	0.536607526309797	0.903427640575761
HROV-vOTU52059	Smoking_Status	Former_Smoker	-0.409725624451777	0.659314838077404	77	8	0.536299398655342	0.903427640575761
HROV-vOTU49553	Age	Age	-0.130879613103502	0.210769021348628	77	33	0.536612890880715	0.903427640575761
HROV-vOTU43917	Smoking_Status	Never_Smoker	0.333080014723908	0.536230416264514	77	10	0.53648948948251	0.903427640575761
HROV-vOTU03694	Age	Age	-0.0797188467798652	0.128149863928394	77	8	0.535885069870853	0.903427640575761
HROV-vOTU08414	Age	Age	-0.146282424865927	0.235522973694702	77	16	0.536525280832009	0.903427640575761
HROV-vOTU08586	Age	Age	0.160525290520018	0.258396826725507	77	9	0.536434138702919	0.903427640575761
HROV-vOTU04128	diagnosis	RA	0.190233361194191	0.306477445838154	77	17	0.536778499146789	0.903457489976654
HROV-vOTU44575	Smoking_Status	Former_Smoker	1.26121410159166	2.03225023712578	77	35	0.536850062949418	0.903484289567341
HROV-vOTU22514	Smoking_Status	Former_Smoker	-0.686469012492727	1.1062001357852	77	66	0.536872883314332	0.903484289567341
HROV-vOTU23163	diagnosis	RA	-0.306092885916684	0.494057347276815	77	73	0.537537714295799	0.903550645939868
HROV-vOTU64011	Smoking_Status	Former_Smoker	-0.771930351111124	1.24596803684329	77	39	0.537542065592538	0.903550645939868
HROV-vOTU06892	diagnosis	RA	-0.243174498336358	0.392635532038619	77	23	0.53767543169349	0.903550645939868
HROV-vOTU40626	diagnosis	RA	-0.403306934386237	0.650279780324644	77	52	0.537108282808333	0.903550645939868
HROV-vOTU60486	Sex	M	-0.545711368566244	0.87995444649267	77	54	0.537138780314244	0.903550645939868
HROV-vOTU64611	diagnosis	RA	-0.420242160348704	0.67744115243724	77	41	0.537021714964435	0.903550645939868
HROV-vOTU66328	Smoking_Status	Former_Smoker	0.794513546799605	1.28267741388592	77	70	0.537623662262859	0.903550645939868
HROV-vOTU03430	Sex	M	-0.530620441857165	0.855941737000784	77	40	0.537291152788314	0.903550645939868
HROV-vOTU33245	Smoking_Status	Never_Smoker	0.85262669803731606	1.37675944733246	77	52	0.5377011772881	0.903550645939868
HROV-vOTU25638	Age	Age	-0.0854496974286613	0.137905777839925	77	8	0.537488957370491	0.903550645939868
HROV-vOTU61114	Smoking_Status	Never_Smoker	0.540199460649466	0.871998816117587	77	33	0.537572857930366	0.903550645939868
HROV-vOTU10151	diagnosis	RA	0.412978185509655	0.666353144387894	77	65	0.53740058274949	0.903550645939868
HROV-vOTU31698	diagnosis	RA	-0.273780751161141	0.442461773795388	77	21	0.538050089379911	0.903550645939868
HROV-vOTU73571	Sex	M	0.661930106106647	1.06901910613573	77	63	0.537770464260265	0.903550645939868
HROV-vOTU50642	Age	Age	-0.272085895148437	0.439708023115808	77	68	0.538036569839175	0.903550645939868
HROV-vOTU12593	Age	Age	-0.189102096652004	0.305527154370259	77	41	0.537938655575654	0.903550645939868
HROV-vOTU12957	Age	Age	0.130543776697722	0.210851389234613	77	66	0.537814314837087	0.903550645939868
HROV-vOTU32220	Sex	M	-0.469648677930873	0.758825442100798	77	28	0.53795294676207	0.903550645939868
HROV-vOTU15600	Sex	M	0.412031007877037	0.665836039088331	77	11	0.538017001406523	0.903550645939868
HROV-vOTU08302	Sex	M	0.335563745114265	0.541439519630913	77	14	0.537398321064831	0.903550645939868
HROV-vOTU47480	Sex	M	0.606862134164379	0.980365911889249	77	31	0.537887019186299	0.903550645939868
HROV-vOTU15873	Age	Age	0.0650781413404277	0.104960301201217	77	8	0.537225456571927	0.903550645939868
HROV-vOTU55324	Age	Age	0.108786155748998	0.17549102170203	77	14	0.537310819031403	0.903550645939868
HROV-vOTU11971	Age	Age	-0.124075472292373	0.200443331101861	77	10	0.537894033068665	0.903550645939868
HROV-vOTU48844	Age	Age	-0.101424983722877	0.163585718307782	77	12	0.53723527987651	0.903550645939868
HROV-vOTU62404	Smoking_Status	Never_Smoker	-0.358400953759466	0.578844641985031	77	12	0.537788699172649	0.903550645939868
HROV-vOTU14422	Sex	M	-0.599882639961464	0.967601161056859	77	20	0.5372629870599	0.903550645939868
HROV-vOTU04012	Sex	M	-0.231356798642351	0.373824159091377	77	9	0.537968181407889	0.903550645939868
HROV-vOTU75876	diagnosis	RA	-0.358540762689533	0.57861510703036	77	14	0.537469616897439	0.903550645939868
HROV-vOTU72107	Sex	M	0.355292040373958	0.574522262907831	77	25	0.538282035838217	0.903854247009174
HROV-vOTU19905	Sex	M	-0.296957002311651	0.480235402031788	77	8	0.538318627676879	0.903854247009174
HROV-vOTU28965	Smoking_Status	Former_Smoker	-0.492692621533599	0.796835741124449	77	13	0.53834861946265	0.903854247009174
HROV-vOTU19280	Age	Age	-0.258482122642466	0.418204738615638	77	64	0.538503187821694	0.90391606527213
HROV-vOTU01193	Smoking_Status	Never_Smoker	0.447613906299923	0.724200607439431	77	18	0.538500274037242	0.90391606527213
HROV-vOTU71891	diagnosis	RA	0.191133754546833	0.309216919575205	77	21	0.538472798098834	0.90391606527213
HROV-vOTU50970	Smoking_Status	Never_Smoker	0.635001599516729	1.02753536310631	77	70	0.538562434258431	0.903949629106601
HROV-vOTU56066	Smoking_Status	Former_Smoker	0.969990618160375	1.56992299001266	77	33	0.538645304645216	0.904022836756983
HROV-vOTU24834	diagnosis	RA	-0.137943006197322	0.223295524647743	77	9	0.538710130321845	0.90406575102471
HROV-vOTU15938	Sex	M	-0.403526596908519	0.653306696358926	77	17	0.538770376590249	0.904100974415143
HROV-vOTU28323	Smoking_Status	Former_Smoker	-0.633035756411293	1.02501376771883	77	15	0.538823065863758	0.90412351233824
HROV-vOTU07805	Age	Age	-0.245724965951904	0.39798813867121	77	46	0.538934363052731	0.904244381546291
HROV-vOTU32399	Smoking_Status	Former_Smoker	-0.743985520865181	1.20572688132465	77	73	0.539180046076559	0.904327176545275
HROV-vOTU63903	Smoking_Status	Never_Smoker	0.737077883186198	1.19442046877325	77	52	0.53914221136454	0.904327176545275
HROV-vOTU19010	Smoking_Status	Never_Smoker	-0.898841647500935	1.45644737099079	77	26	0.539112159651578	0.904327176545275
HROV-vOTU34340	Smoking_Status	Former_Smoker	0.288246593273321	0.467137104140326	77	9	0.539176058941765	0.904327176545275
HROV-vOTU24679	diagnosis	RA	0.152457033593319	0.247019335463331	77	9	0.539085949330791	0.904327176545275
HROV-vOTU00933	Smoking_Status	Never_Smoker	0.334018556605678	0.541436015432243	77	8	0.539265846621475	0.904405217571554
HROV-vOTU71363	diagnosis	RA	-0.23730847103102	0.384716841588509	77	74	0.539313744042464	0.904419684358694
HROV-vOTU04109	Smoking_Status	Former_Smoker	0.988039744862973	1.60252759404413	77	57	0.539502968698671	0.904452531116558
HROV-vOTU21061	Sex	M	-0.383065985509903	0.621223960201733	77	73	0.539450351084494	0.904452531116558
HROV-vOTU01864	Age	Age	0.0738530250982443	0.119772139037569	77	10	0.539462374801484	0.904452531116558
HROV-vOTU63677	Smoking_Status	Never_Smoker	0.457128694302364	0.74147801997737794	77	19	0.539529694853638	0.904452531116558
HROV-vOTU74439	diagnosis	RA	0.297123767384452	0.481773932054805	77	36	0.539386356427593	0.904452531116558
HROV-vOTU21431	diagnosis	RA	-0.402100398793054	0.652680732904382	77	62	0.539815069540711	0.904865059431004
HROV-vOTU00682	Sex	M	-0.397269081352513	0.645487620788547	77	74	0.540221620032847	0.904977748332435
HROV-vOTU16714	Smoking_Status	Never_Smoker	0.329996624014232	0.536759547915844	77	75	0.540656057882261	0.904977748332435
HROV-vOTU22499	diagnosis	RA	0.299789290444437	0.486932825079221	77	73	0.54008185763973	0.904977748332435
HROV-vOTU12421	Sex	M	0.543665556815796	0.883984007246327	77	65	0.54050943303729	0.904977748332435
HROV-vOTU46353	Sex	M	0.465922808413308	0.756679965545447	77	71	0.540030980598847	0.904977748332435
HROV-vOTU40626	Smoking_Status	Former_Smoker	0.964782321151908	1.56803497142799	77	52	0.54033627801879	0.904977748332435
HROV-vOTU46316	Age	Age	-0.0719181681811493	0.117028343616561	77	75	0.540825390807612	0.904977748332435
HROV-vOTU15473	Smoking_Status	Never_Smoker	0.693205518501511	1.12670946773847	77	56	0.540358159395463	0.904977748332435
HROV-vOTU04455	Smoking_Status	Never_Smoker	0.477977498878749	0.777633484198918	77	66	0.540746436451716	0.904977748332435
HROV-vOTU33361	Smoking_Status	Never_Smoker	0.612806173989329	0.995486535577083	77	43	0.540137054212946	0.904977748332435
HROV-vOTU73171	Sex	M	0.41499368820832	0.674962869224614	77	32	0.540626408255218	0.904977748332435
HROV-vOTU12593	Smoking_Status	Former_Smoker	0.885318223090227	1.43997785869018	77	41	0.540643161956083	0.904977748332435
HROV-vOTU04553	Smoking_Status	Former_Smoker	0.933666126246	1.51916349533414	77	23	0.540788649964958	0.904977748332435
HROV-vOTU01502	diagnosis	RA	-0.457639380857435	0.744352029935568	77	52	0.540641838974186	0.904977748332435
HROV-vOTU55301	Sex	M	0.706048695867544	1.14867296631466	77	34	0.540741086470834	0.904977748332435
HROV-vOTU20111	Smoking_Status	Former_Smoker	1.08494002748531	1.7625568273557	77	44	0.540160443033768	0.904977748332435
HROV-vOTU62699	diagnosis	RA	0.351600668557224	0.571494177382985	77	25	0.540369493380075	0.904977748332435
HROV-vOTU72129	diagnosis	RA	-0.272880005509939	0.44327983465441	77	29	0.54013147316191	0.904977748332435
HROV-vOTU72013	Smoking_Status	Never_Smoker	0.432363064916224	0.702064525076762	77	12	0.53996600117003	0.904977748332435
HROV-vOTU48190	Smoking_Status	Former_Smoker	0.595690497792355	0.968100768175194	77	15	0.540311613994595	0.904977748332435
HROV-vOTU05670	Sex	M	-0.294283162069739	0.478555250810325	77	29	0.540559724281299	0.904977748332435
HROV-vOTU69471	Sex	M	-0.43338224589309	0.704567254940679	77	19	0.54045247439741	0.904977748332435
HROV-vOTU48727	Age	Age	0.115656594489934	0.187989987620931	77	14	0.540371540695125	0.904977748332435
HROV-vOTU55568	diagnosis	RA	-0.128746669262765	0.209479171262281	77	10	0.540781149986239	0.904977748332435
HROV-vOTU69341	Smoking_Status	Never_Smoker	0.435652418402654	0.70906805187684	77	25	0.540914006981037	0.905039894566224
HROV-vOTU69117	Age	Age	0.0905684582575834	0.147427939446473	77	15	0.54096514827934306	0.905039894566224
HROV-vOTU07204	Sex	M	0.441085655176878	0.718052481375823	77	25	0.540993427564516	0.905039894566224
HROV-vOTU06818	diagnosis	RA	0.219369888240563	0.35714005935303	77	9	0.541019723338828	0.905039894566224
HROV-vOTU61708	Smoking_Status	Former_Smoker	-0.879583979852702	1.43246202782919	77	62	0.541153749558432	0.90510790661941
HROV-vOTU36831	Smoking_Status	Former_Smoker	0.870024198554416	1.41697944225847	77	52	0.541178283723373	0.90510790661941
HROV-vOTU21901	diagnosis	RA	-0.609050109922463	0.9917514551738	77	33	0.541101735683769	0.90510790661941
HROV-vOTU02809	Smoking_Status	Former_Smoker	0.368507803277504	0.600259735680378	77	14	0.54123430385086	0.905135866508265
HROV-vOTU43070	diagnosis	RA	-0.385584337230303	0.628680465263144	77	39	0.541622513940676	0.905247846481388
HROV-vOTU67194	Age	Age	0.0719432399396014	0.117230670469814	77	77	0.541381730852413	0.905247846481388
HROV-vOTU42154	Smoking_Status	Never_Smoker	-0.227288944790257	0.370662422426734	77	8	0.541705747574874	0.905247846481388
HROV-vOTU36826	Smoking_Status	Former_Smoker	0.830985494571558	1.35493270355636	77	70	0.541635232500307	0.905247846481388
HROV-vOTU36085	Sex	M	-0.452663949137792	0.738167413529919	77	50	0.541685989459219	0.905247846481388
HROV-vOTU19646	Age	Age	0.0971112170153559	0.158379766659016	77	12	0.541733643951649	0.905247846481388
HROV-vOTU28535	Smoking_Status	Never_Smoker	-0.376656719309595	0.613809814461386	77	8	0.541415953609748	0.905247846481388
HROV-vOTU31335	Smoking_Status	Former_Smoker	0.579234844910987	0.944289474222983	77	20	0.541566707275813	0.905247846481388
HROV-vOTU05092	Sex	M	-0.255625249613759	0.416723366232186	77	13	0.541560797180307	0.905247846481388
HROV-vOTU21900	Sex	M	0.258330798788492	0.42111290900752	77	13	0.541540617478045	0.905247846481388
HROV-vOTU38840	Smoking_Status	Never_Smoker	0.239271401681401	0.390066307458123	77	9	0.541564085797977	0.905247846481388
HROV-vOTU01077	Smoking_Status	Never_Smoker	0.482095793637131	0.787034499199261	77	8	0.542132750089557	0.905552839054318
HROV-vOTU39417	Smoking_Status	Never_Smoker	0.477079012210927	0.778519611076471	77	40	0.541964664397478	0.905552839054318
HROV-vOTU37401	Smoking_Status	Former_Smoker	0.691171386717217	1.12832983884	77	31	0.542123376509765	0.905552839054318
HROV-vOTU68419	Smoking_Status	Former_Smoker	0.455837756464881	0.744125896401987	77	20	0.542110206040797	0.905552839054318
HROV-vOTU18316	Sex	M	-0.573002240461586	0.935577967125111	77	27	0.542191406761615	0.905552839054318
HROV-vOTU38064	Smoking_Status	Former_Smoker	0.694008198014814	1.13304492136564	77	18	0.542153249917431	0.905552839054318
HROV-vOTU46545	diagnosis	RA	0.117258499774253	0.191429182231085	77	8	0.542135888163271	0.905552839054318
HROV-vOTU41109	Sex	M	0.434975752201679	0.713486605360282	77	69	0.544041103933994	0.905597808172672
HROV-vOTU32399	Smoking_Status	Never_Smoker	-0.521423786972905	0.854119211982434	77	73	0.543492312924221	0.905597808172672
HROV-vOTU47534	Sex	M	-0.552234338807901	0.90579786413596	77	39	0.54402918011346	0.905597808172672
HROV-vOTU66084	Sex	M	-0.508835126679111	0.834680858090548	77	58	0.544061998743042	0.905597808172672
HROV-vOTU09661	Smoking_Status	Former_Smoker	-1.07069754361997	1.75400621366045	77	61	0.543526255528255	0.905597808172672
HROV-vOTU04109	Sex	M	-0.537099111435262	0.877138900181364	77	57	0.542275130307309	0.905597808172672
HROV-vOTU04887	Smoking_Status	Never_Smoker	0.556163034932698	0.910657114210863	77	68	0.543330408986174	0.905597808172672
HROV-vOTU08935	Smoking_Status	Never_Smoker	-0.639241996706229	1.04867944236555	77	46	0.544093521471173	0.905597808172672
HROV-vOTU72475	diagnosis	RA	-0.354607291305107	0.581129171963962	77	25	0.543674977144457	0.905597808172672
HROV-vOTU75949	diagnosis	RA	-0.276378337070197	0.451919237993717	77	74	0.542778409073765	0.905597808172672
HROV-vOTU41845	Smoking_Status	Never_Smoker	-0.645729574713847	1.05786718804507	77	55	0.543541201761004	0.905597808172672
HROV-vOTU06484	Smoking_Status	Never_Smoker	0.680702619718442	1.11396793865904	77	55	0.543110479655246	0.905597808172672
HROV-vOTU36027	diagnosis	RA	-0.333000966692319	0.54511298070944	77	60	0.543226947751745	0.905597808172672
HROV-vOTU64611	Smoking_Status	Never_Smoker	0.706480187311641	1.15716853590785	77	41	0.543463597108913	0.905597808172672
HROV-vOTU59876	Smoking_Status	Never_Smoker	-0.450872599155838	0.736694548161035	77	8	0.542478823519642	0.905597808172672
HROV-vOTU57091	Smoking_Status	Former_Smoker	0.814217435075071	1.33088757958373	77	63	0.542633965681886	0.905597808172672
HROV-vOTU12762	Smoking_Status	Former_Smoker	1.22317510737998	2.0030921098823	77	33	0.543385516560727	0.905597808172672
HROV-vOTU29891	Smoking_Status	Former_Smoker	-0.950994248251947	1.55889746179724	77	23	0.543781058058503	0.905597808172672
HROV-vOTU15472	diagnosis	RA	-0.406681063555915	0.667109131776544	77	52	0.544061597008682	0.905597808172672
HROV-vOTU47530	Smoking_Status	Former_Smoker	-0.65725859782334	1.07531128682016	77	59	0.543001789615469	0.905597808172672
HROV-vOTU65493	Smoking_Status	Former_Smoker	0.779741823268047	1.27393884363046	77	34	0.542445574466903	0.905597808172672
HROV-vOTU62590	diagnosis	RA	-0.341446435361084	0.557862933678162	77	22	0.542452224506452	0.905597808172672
HROV-vOTU74136	diagnosis	RA	0.370664672700584	0.607355575370884	77	35	0.543616499782999	0.905597808172672
HROV-vOTU56128	Smoking_Status	Former_Smoker	-1.09456768112111	1.79188034193446	77	41	0.543250426374841	0.905597808172672
HROV-vOTU28323	Sex	M	0.341963405376507	0.561038357298257	77	15	0.544126318934562	0.905597808172672
HROV-vOTU57768	diagnosis	RA	0.215465506397455	0.353517586603152	77	21	0.544145135453471	0.905597808172672
HROV-vOTU04485	Smoking_Status	Former_Smoker	-0.799098247961849	1.30539713418897	77	27	0.542394325024033	0.905597808172672
HROV-vOTU58654	diagnosis	RA	-0.320610137276988	0.523626533345976	77	41	0.54230337532687	0.905597808172672
HROV-vOTU62508	Smoking_Status	Never_Smoker	-0.36991111032461	0.60688716116074	77	17	0.544124148912776	0.905597808172672
HROV-vOTU34659	Smoking_Status	Former_Smoker	-1.00270291083058	1.64302139349678	77	34	0.543624936647323	0.905597808172672
HROV-vOTU66740	Smoking_Status	Never_Smoker	0.605009784960319	0.990577819851175	77	34	0.543305813788004	0.905597808172672
HROV-vOTU72645	diagnosis	RA	0.379558539212363	0.621718419130806	77	43	0.543480572175859	0.905597808172672
HROV-vOTU46443	Sex	M	-0.387096619870041	0.63300413746452	77	18	0.542806523310102	0.905597808172672
HROV-vOTU32359	Age	Age	-0.128360187219784	0.210235349524965	77	27	0.54344394431676	0.905597808172672
HROV-vOTU19642	Smoking_Status	Former_Smoker	0.289613380369552	0.474316184431492	77	8	0.543419802647065	0.905597808172672
HROV-vOTU58184	Smoking_Status	Never_Smoker	0.369058903674737	0.605345358078538	77	16	0.544028851946793	0.905597808172672
HROV-vOTU19975	diagnosis	RA	-0.279058057769113	0.457239011924507	77	13	0.543604361277609	0.905597808172672
HROV-vOTU02730	Smoking_Status	Former_Smoker	-0.390607053369068	0.638413341231163	77	8	0.542597722366253	0.905597808172672
HROV-vOTU08185	Smoking_Status	Former_Smoker	0.338923747495124	0.556031094786438	77	15	0.544111669474948	0.905597808172672
HROV-vOTU06580	Smoking_Status	Former_Smoker	0.570648090254423	0.936180518998232	77	15	0.544106261502944	0.905597808172672
HROV-vOTU37097	Smoking_Status	Never_Smoker	0.202792987387199	0.331893921012883	77	9	0.543139279525002	0.905597808172672
HROV-vOTU66895	Smoking_Status	Never_Smoker	-0.397539557202406	0.65093888259347	77	15	0.543336982742851	0.905597808172672
HROV-vOTU24010	diagnosis	RA	0.215122221876233	0.352051253022265	77	15	0.543115434869977	0.905597808172672
HROV-vOTU53050	Smoking_Status	Never_Smoker	0.495010640877734	0.810003999004927	77	10	0.543070984315018	0.905597808172672
HROV-vOTU65053	Sex	M	0.370927143668238	0.60665869211715	77	18	0.542870123866773	0.905597808172672
HROV-vOTU18238	Sex	M	-0.252908176222783	0.414672373719521	77	9	0.54387595524414	0.905597808172672
HROV-vOTU27284	Smoking_Status	Former_Smoker	-0.594881961743895	0.974106348874465	77	13	0.543351527304139	0.905597808172672
HROV-vOTU14822	Smoking_Status	Former_Smoker	0.521294767339234	0.853256269467872	77	9	0.54318536099868	0.905597808172672
HROV-vOTU06178	Smoking_Status	Former_Smoker	0.549909635828709	0.900176001705589	77	8	0.543222383575441	0.905597808172672
HROV-vOTU01449	diagnosis	RA	-0.160702310485715	0.263834806285767	77	77	0.544400950396731	0.905786789634311
HROV-vOTU72279	Age	Age	0.110072367648942	0.180712503184671	77	73	0.544400881272311	0.905786789634311
HROV-vOTU56750	diagnosis	RA	-0.323936799311512	0.531898911241899	77	71	0.54445534211497	0.905786789634311
HROV-vOTU28535	Sex	M	0.288949610634148	0.474271618858126	77	8	0.54430393794466	0.905786789634311
HROV-vOTU21646	Smoking_Status	Former_Smoker	0.69273818851368	1.13742433157435	77	19	0.544441080771825	0.905786789634311
HROV-vOTU15731	diagnosis	RA	0.31082577834196	0.510567406240395	77	23	0.544609899194142	0.905978472872082
HROV-vOTU15439	Age	Age	-0.1761040933076	0.289390627579959	77	39	0.544775238413607	0.906003318900183
HROV-vOTU48596	Age	Age	0.190046607701627	0.312252740080294	77	30	0.544711608678244	0.906003318900183
HROV-vOTU18091	Smoking_Status	Former_Smoker	-0.821778125000756	1.35052212943182	77	63	0.544804907777082	0.906003318900183
HROV-vOTU13787	Sex	M	0.416078058354033	0.683739362599264	77	26	0.544775938396283	0.906003318900183
HROV-vOTU55776	Smoking_Status	Never_Smoker	0.29722675778465	0.488487025172765	77	11	0.544821535538369	0.906003318900183
HROV-vOTU00255	Smoking_Status	Former_Smoker	0.932846248720635	1.5337304797299	77	34	0.54498210678696	0.906133827559733
HROV-vOTU19045	Smoking_Status	Never_Smoker	0.860296164285963	1.41440534098718	77	21	0.544970029231864	0.906133827559733
HROV-vOTU64997	diagnosis	RA	0.203709113223321	0.334956463769031	77	12	0.545018053814912	0.906133827559733
HROV-vOTU05007	Age	Age	-0.257493062813391	0.42471295119866	77	68	0.546265401311973	0.906308839737816
HROV-vOTU35570	Age	Age	0.269135801248898	0.443439848913943	77	60	0.545835098909827	0.906308839737816
HROV-vOTU55299	Smoking_Status	Never_Smoker	0.644881405552836	1.06373706176072	77	71	0.546287948637883	0.906308839737816
HROV-vOTU64653	Smoking_Status	Former_Smoker	-0.54015390577377	0.89215228474832	77	11	0.546810321453077	0.906308839737816
HROV-vOTU04421	diagnosis	RA	0.188286955216783	0.310493102388138	77	75	0.546174845625244	0.906308839737816
HROV-vOTU48056	Smoking_Status	Former_Smoker	0.55886861764851	0.922213601898465	77	73	0.546442175050573	0.906308839737816
HROV-vOTU46686	Sex	M	-0.401178280103032	0.663468512209785	77	73	0.547327109990167	0.906308839737816
HROV-vOTU02488	Sex	M	-0.458459261202022	0.757927246461688	77	71	0.547183433160244	0.906308839737816
HROV-vOTU36489	Smoking_Status	Never_Smoker	-0.67144955871297	1.10798274150535	77	37	0.546440150480312	0.906308839737816
HROV-vOTU48934	Smoking_Status	Former_Smoker	-0.571103277798197	0.944289491043259	77	69	0.547242086034697	0.906308839737816
HROV-vOTU26706	Smoking_Status	Former_Smoker	-0.658086823869134	1.08364162709454	77	57	0.545594561924012	0.906308839737816
HROV-vOTU63905	Smoking_Status	Former_Smoker	0.837702296909121	1.38447321658857	77	45	0.547062016183038	0.906308839737816
HROV-vOTU70449	Smoking_Status	Former_Smoker	0.907336689719916	1.50043667543434	77	39	0.54729609639521	0.906308839737816
HROV-vOTU09115	Smoking_Status	Never_Smoker	0.607741447344379	1.00294366728377	77	74	0.546475237837451	0.906308839737816
HROV-vOTU41060	diagnosis	RA	0.421570763150659	0.695085036538225	77	22	0.546115601238549	0.906308839737816
HROV-vOTU26023	Smoking_Status	Former_Smoker	-0.624228523220377	1.02876182563596	77	72	0.54593468367857	0.906308839737816
HROV-vOTU05205	Age	Age	-0.10283319668819	0.169389650961598	77	54	0.545733910261326	0.906308839737816
HROV-vOTU03401	diagnosis	RA	-0.302364428167356	0.497566974737972	77	57	0.54533466835459	0.906308839737816
HROV-vOTU20980	Age	Age	-0.15296725179244	0.2525637136662	77	31	0.546673116728555	0.906308839737816
HROV-vOTU74340	Smoking_Status	Never_Smoker	-0.276850233095336	0.455828560338509	77	14	0.54555226320403	0.906308839737816
HROV-vOTU58516	diagnosis	RA	0.471393319686911	0.777777538061686	77	33	0.546396263129164	0.906308839737816
HROV-vOTU62508	Smoking_Status	Former_Smoker	0.518044730444959	0.856719008162714	77	17	0.547316287767142	0.906308839737816
HROV-vOTU12693	Smoking_Status	Former_Smoker	1.11206355072849	1.83020066335631	77	53	0.545379203075318	0.906308839737816
HROV-vOTU34386	diagnosis	RA	0.301068355160948	0.495417148735288	77	23	0.545320893130154	0.906308839737816
HROV-vOTU20181	Age	Age	-0.138125744146642	0.228194615413584	77	18	0.546910954201189	0.906308839737816
HROV-vOTU26256	diagnosis	RA	-0.251170983292268	0.413901729445583	77	66	0.545894610576021	0.906308839737816
HROV-vOTU63816	diagnosis	RA	-0.588823103838282	0.97029427535587	77	31	0.545886174017874	0.906308839737816
HROV-vOTU51500	Smoking_Status	Former_Smoker	-0.544319112490843	0.897996206802943	77	16	0.546349216681205	0.906308839737816
HROV-vOTU07919	Smoking_Status	Former_Smoker	0.757590806364502	1.24616946192405	77	50	0.545169947062325	0.906308839737816
HROV-vOTU02568	Sex	M	0.400124965373872	0.660186842779456	77	54	0.546395564813103	0.906308839737816
HROV-vOTU28184	Smoking_Status	Former_Smoker	0.580323598699892	0.958225585503819	77	18	0.54669618030907	0.906308839737816
HROV-vOTU13532	Smoking_Status	Former_Smoker	0.512659090105019	0.843900653437158	77	14	0.545465545346751	0.906308839737816
HROV-vOTU46602	Smoking_Status	Never_Smoker	0.679931267315573	1.12242744508968	77	19	0.546600140718764	0.906308839737816
HROV-vOTU49969	Sex	M	-0.323987057246479	0.534116248273137	77	28	0.546060907709345	0.906308839737816
HROV-vOTU74004	Smoking_Status	Former_Smoker	-0.551704736035265	0.911398947077804	77	17	0.546884297956818	0.906308839737816
HROV-vOTU67206	Sex	M	0.353505199803165	0.583014982546019	77	22	0.546222946790213	0.906308839737816
HROV-vOTU07118	diagnosis	RA	-0.424525393974123	0.701320528635381	77	23	0.546894488177793	0.906308839737816
HROV-vOTU41205	Sex	M	0.512550252296743	0.846992853844053	77	47	0.547014555983149	0.906308839737816
HROV-vOTU06950	Smoking_Status	Never_Smoker	0.916774094338027	1.51605830856168	77	20	0.54730012078453	0.906308839737816
HROV-vOTU10232	Sex	M	-0.189517259295843	0.313016029841203	77	11	0.54680695135277	0.906308839737816
HROV-vOTU72882	Smoking_Status	Never_Smoker	0.513002685490076	0.848263328442473	77	20	0.547260996465203	0.906308839737816
HROV-vOTU25790	Age	Age	-0.109967807924912	0.180953012576909	77	12	0.545315654252504	0.906308839737816
HROV-vOTU09745	Smoking_Status	Former_Smoker	0.99079838107066	1.63674147180841	77	42	0.546877841659367	0.906308839737816
HROV-vOTU50443	diagnosis	RA	-0.244233712795161	0.403853410273567	77	15	0.547267520012586	0.906308839737816
HROV-vOTU02103	Age	Age	0.22404314044283	0.369033647195359	77	33	0.545716178633618	0.906308839737816
HROV-vOTU74668	Smoking_Status	Former_Smoker	0.977010840707681	1.61268412907345	77	21	0.546560221054919	0.906308839737816
HROV-vOTU11248	Smoking_Status	Former_Smoker	0.708011858730485	1.16868971981376	77	15	0.546568293283674	0.906308839737816
HROV-vOTU03963	Smoking_Status	Former_Smoker	-0.437692507638708	0.7220554858699	77	11	0.546331284538946	0.906308839737816
HROV-vOTU19568	Smoking_Status	Former_Smoker	0.658437831854885	1.08891683458874	77	26	0.54732437880338	0.906308839737816
HROV-vOTU57667	Sex	M	-0.374532215307122	0.618550542476224	77	13	0.546777668388433	0.906308839737816
HROV-vOTU52334	diagnosis	RA	0.491096351126495	0.809113091679705	77	23	0.545815985571566	0.906308839737816
HROV-vOTU16374	Age	Age	-0.115893053424659	0.191064544612679	77	16	0.54607433993587	0.906308839737816
HROV-vOTU05590	Sex	M	0.229617107640731	0.378396596803745	77	12	0.545908631730603	0.906308839737816
HROV-vOTU49518	Smoking_Status	Former_Smoker	-0.319272085921363	0.527816312891878	77	8	0.547178913897894	0.906308839737816
HROV-vOTU73856	Sex	M	0.205220051517488	0.338819594413889	77	8	0.546651227863779	0.906308839737816
HROV-vOTU08738	Smoking_Status	Former_Smoker	0.660728842207936	1.08725863748503	77	8	0.545324285923854	0.906308839737816
HROV-vOTU06975	Smoking_Status	Never_Smoker	-0.26119876021914	0.432401750230943	77	77	0.54772578390182	0.906382467719977
HROV-vOTU69975	Sex	M	0.477867157619675	0.791069294076805	77	50	0.547717518825139	0.906382467719977
HROV-vOTU62835	diagnosis	RA	-0.297658144897163	0.492428668777782	77	36	0.547458353478081	0.906382467719977
HROV-vOTU24574	Age	Age	0.239234058441216	0.395763865608973	77	47	0.547446921589721	0.906382467719977
HROV-vOTU58577	Sex	M	0.306632187952925	0.50754629928519	77	20	0.547672073617694	0.906382467719977
HROV-vOTU53214	Smoking_Status	Former_Smoker	-0.757953938181545	1.25470037146237	77	16	0.547708203057081	0.906382467719977
HROV-vOTU39158	Smoking_Status	Former_Smoker	0.773958925938819	1.2805974635925	77	19	0.547521976744838	0.906382467719977
HROV-vOTU59791	Smoking_Status	Never_Smoker	0.197208562486814	0.326310961952107	77	9	0.547532252998248	0.906382467719977
HROV-vOTU33570	diagnosis	RA	0.267222763306242	0.442206814638207	77	21	0.547574640200484	0.906382467719977
HROV-vOTU34151	Age	Age	-0.219615812481934	0.363730983371241	77	66	0.547909991893778	0.906557016546714
HROV-vOTU55238	Sex	M	0.203772118860841	0.337457247699953	77	9	0.547870746044758	0.906557016546714
HROV-vOTU67284	Smoking_Status	Never_Smoker	0.356754848738836	0.591056991161001	77	19	0.548041233497104	0.90666290266719
HROV-vOTU54743	Age	Age	0.0584464976016754	0.0968345791768029	77	11	0.548052725489794	0.90666290266719
HROV-vOTU19713	Age	Age	0.119219971541942	0.197592921036327	77	76	0.548190925780697	0.906696137656526
HROV-vOTU08281	diagnosis	RA	0.413776115927436	0.685700657915456	77	52	0.548142022616865	0.906696137656526
HROV-vOTU52394	Age	Age	-0.105154743546127	0.174271007582152	77	13	0.548166948817689	0.906696137656526
HROV-vOTU46349	diagnosis	RA	-0.49351977996264	0.818251760285115	77	45	0.548337940128157	0.906709082898364
HROV-vOTU05573	Sex	M	0.553711467399005	0.918907211296219	77	30	0.54871057265977	0.906709082898364
HROV-vOTU51937	Smoking_Status	Former_Smoker	-0.70595727908397	1.17154085694508	77	22	0.548702196459066	0.906709082898364
HROV-vOTU08406	Sex	M	0.615548976957995	1.02115200154169	77	72	0.548563327711069	0.906709082898364
HROV-vOTU00904	Age	Age	-0.273415595956443	0.453667064940663	77	50	0.548642470683217	0.906709082898364
HROV-vOTU14316	diagnosis	RA	0.326220118396576	0.541043773070629	77	46	0.548465872225506	0.906709082898364
HROV-vOTU07055	Smoking_Status	Never_Smoker	0.553255737658382	0.917506250433578	77	41	0.548430458524427	0.906709082898364
HROV-vOTU01204	Age	Age	0.262400154266537	0.435004257367189	77	67	0.548289284314487	0.906709082898364
HROV-vOTU50485	diagnosis	RA	-0.420303486484704	0.696843436968542	77	37	0.548328603866446	0.906709082898364
HROV-vOTU50690	diagnosis	RA	0.261272743706575	0.433381772574072	77	21	0.548516268730389	0.906709082898364
HROV-vOTU51632	Sex	M	0.269453325649352	0.446853060497571	77	13	0.548428698386642	0.906709082898364
HROV-vOTU11253	diagnosis	RA	0.145356434255009	0.241192415915971	77	8	0.548656627935718	0.906709082898364
HROV-vOTU23130	Sex	M	-0.129651969118095	0.215092333706008	77	8	0.548579889522843	0.906709082898364
HROV-vOTU00572	diagnosis	RA	-0.395563703993665	0.65666932528779	77	42	0.548841068571619	0.906859650538412
HROV-vOTU68950	Sex	M	0.453329227130278	0.753712604404983	77	52	0.549448208463128	0.906862073272301
HROV-vOTU12648	Age	Age	0.248537150498323	0.413752484646105	77	52	0.549958998868608	0.906862073272301
HROV-vOTU12112	Sex	M	0.355191389095801	0.591603751271226	77	71	0.55015980360967	0.906862073272301
HROV-vOTU55083	Smoking_Status	Former_Smoker	-0.916975626928695	1.5276701542032	77	67	0.550254426628918	0.906862073272301
HROV-vOTU29751	diagnosis	RA	0.425703310935619	0.708320335570322	77	55	0.549751322285336	0.906862073272301
HROV-vOTU69302	Smoking_Status	Former_Smoker	-0.381310106608713	0.634653748429635	77	8	0.549875826622812	0.906862073272301
HROV-vOTU03107	Smoking_Status	Never_Smoker	-0.47239625166623	0.785404967747381	77	13	0.549443754272726	0.906862073272301
HROV-vOTU64652	Smoking_Status	Never_Smoker	0.49526940448439	0.824601489046578	77	11	0.550007847412708	0.906862073272301
HROV-vOTU16618	diagnosis	RA	-0.420103560598353	0.698099779532834	77	46	0.54923641601004	0.906862073272301
HROV-vOTU08073	Sex	M	0.346505323102749	0.575836145472987	77	22	0.549261984124598	0.906862073272301
HROV-vOTU02061	Age	Age	-0.100178589223817	0.166559701101833	77	8	0.549450925765495	0.906862073272301
HROV-vOTU45737	Age	Age	-0.207695663528529	0.34565116604804	77	67	0.549831897291282	0.906862073272301
HROV-vOTU20008	Smoking_Status	Former_Smoker	1.00175197930246	1.66331200716286	77	61	0.548917450359154	0.906862073272301
HROV-vOTU34025	Smoking_Status	Never_Smoker	0.4038750168386	0.671317463652362	77	17	0.549346317837595	0.906862073272301
HROV-vOTU30514	Age	Age	-0.114057905333281	0.189455690791328	77	27	0.549072308288924	0.906862073272301
HROV-vOTU17856	diagnosis	RA	0.345783449448126	0.574312883387127	77	26	0.5490375252043	0.906862073272301
HROV-vOTU63000	diagnosis	RA	0.339049576223946	0.564771726081802	77	16	0.550197586620774	0.906862073272301
HROV-vOTU04156	Age	Age	-0.251194283458063	0.418268837422389	77	37	0.550047373431761	0.906862073272301
HROV-vOTU11450	diagnosis	RA	-0.263047479536444	0.437916846886086	77	29	0.5499665197367	0.906862073272301
HROV-vOTU07055	Smoking_Status	Former_Smoker	-0.778820449887878	1.29520789886401	77	41	0.549549144912582	0.906862073272301
HROV-vOTU65868	Smoking_Status	Never_Smoker	-0.339291973477479	0.563704492059968	77	14	0.549160063818007	0.906862073272301
HROV-vOTU15034	Smoking_Status	Former_Smoker	-0.518405561372033	0.862432315727447	77	17	0.54968962210683	0.906862073272301
HROV-vOTU09006	Sex	M	-0.385155607662008	0.640712360650011	77	27	0.549663503808487	0.906862073272301
HROV-vOTU63698	diagnosis	RA	-0.317694185149904	0.529133302561891	77	20	0.550148206937761	0.906862073272301
HROV-vOTU37012	diagnosis	RA	0.348535925643611	0.579846976609847	77	45	0.549699226432912	0.906862073272301
HROV-vOTU20308	Sex	M	0.464090787963294	0.773161438808048	77	33	0.550250246783211	0.906862073272301
HROV-vOTU16167	Sex	M	-0.253034501641542	0.420227345101398	77	14	0.549001013325927	0.906862073272301
HROV-vOTU70060	Smoking_Status	Former_Smoker	0.555353770769379	0.923775612152616	77	13	0.549635901788159	0.906862073272301
HROV-vOTU28484	Smoking_Status	Former_Smoker	0.548633959606417	0.913590946934662	77	19	0.550068759006048	0.906862073272301
HROV-vOTU02898	Smoking_Status	Never_Smoker	0.390874558752326	0.651201548420578	77	10	0.550260122097574	0.906862073272301
HROV-vOTU55021	Smoking_Status	Never_Smoker	-0.239990169400898	0.398774882804285	77	11	0.549211836170932	0.906862073272301
HROV-vOTU02117	Smoking_Status	Never_Smoker	0.277461401595781	0.461187430704041	77	10	0.549340751288063	0.906862073272301
HROV-vOTU35132	diagnosis	RA	-0.196520082105946	0.327007796826549	77	10	0.549777433274909	0.906862073272301
HROV-vOTU46144	Smoking_Status	Never_Smoker	0.401953940840619	0.669622266103986	77	12	0.550237752456882	0.906862073272301
HROV-vOTU56723	Sex	M	-0.171513872536725	0.285286571146681	77	8	0.549622433708836	0.906862073272301
HROV-vOTU27473	Smoking_Status	Former_Smoker	-0.431424482353313	0.716883778062854	77	8	0.549220663525245	0.906862073272301
HROV-vOTU31335	Sex	M	-0.310128556401699	0.516854145882481	77	20	0.550395856637743	0.906955965824786
HROV-vOTU58184	Smoking_Status	Former_Smoker	-0.512781788049974	0.85454250470062	77	16	0.550372810081003	0.906955965824786
HROV-vOTU19280	Smoking_Status	Former_Smoker	-1.18034041088425	1.97103777975831	77	64	0.551184102872418	0.907000397013494
HROV-vOTU39862	diagnosis	RA	0.34765268344257	0.58007232863797	77	37	0.550862940804348	0.907000397013494
HROV-vOTU28978	Age	Age	0.127704124274903	0.212884993986408	77	75	0.550500119187601	0.907000397013494
HROV-vOTU46856	Smoking_Status	Never_Smoker	-0.483805274005219	0.807218440418145	77	36	0.55084822239066	0.907000397013494
HROV-vOTU03559	Smoking_Status	Former_Smoker	0.942429645059888	1.57235857109698	77	66	0.550831915132941	0.907000397013494
HROV-vOTU29429	Age	Age	-0.146186831461454	0.24429442528171	77	65	0.551474499064803	0.907000397013494
HROV-vOTU67940	Smoking_Status	Former_Smoker	-0.617235160861875	1.029940087831	77	13	0.550885577720096	0.907000397013494
HROV-vOTU08868	diagnosis	RA	0.391276491301376	0.652927575532151	77	29	0.550903830690555	0.907000397013494
HROV-vOTU41492	Smoking_Status	Former_Smoker	0.934511800757317	1.56134025174835	77	63	0.551389910161902	0.907000397013494
HROV-vOTU14756	Age	Age	0.119228571417084	0.198952219888274	77	20	0.550892114183521	0.907000397013494
HROV-vOTU42214	Sex	M	-0.346312751026167	0.578377311924718	77	47	0.551234482335354	0.907000397013494
HROV-vOTU62742	Sex	M	-0.654049263523178	1.0920206350984	77	41	0.551122566535735	0.907000397013494
HROV-vOTU33173	Sex	M	-0.344449030035571	0.575062438980731	77	18	0.551094810688713	0.907000397013494
HROV-vOTU56918	diagnosis	RA	-0.51386984508875	0.857047727043052	77	43	0.550693938801458	0.907000397013494
HROV-vOTU58235	Smoking_Status	Former_Smoker	-0.492541144704966	0.822988884470406	77	17	0.551425276439657	0.907000397013494
HROV-vOTU27624	Smoking_Status	Former_Smoker	0.906036212276661	1.51294826615385	77	55	0.551175735098852	0.907000397013494
HROV-vOTU25853	Sex	M	0.47573206435008	0.794935827299081	77	27	0.551441906538285	0.907000397013494
HROV-vOTU41414	Sex	M	-0.222440926553141	0.371418091214188	77	9	0.55114815020597	0.907000397013494
HROV-vOTU57768	Smoking_Status	Never_Smoker	-0.361894828865739	0.603859725137001	77	21	0.550878608752329	0.907000397013494
HROV-vOTU21384	Sex	M	0.389431956492472	0.65067876429267	77	19	0.551410277955581	0.907000397013494
HROV-vOTU51830	Smoking_Status	Former_Smoker	-0.346853458145808	0.579449001917446	77	16	0.551350073293905	0.907000397013494
HROV-vOTU08388	diagnosis	RA	-0.40934791440516	0.683684818603728	77	62	0.551253307771323	0.907000397013494
HROV-vOTU51920	Age	Age	-0.15691337182735	0.261787375127444	77	30	0.550819187693858	0.907000397013494
HROV-vOTU31921	diagnosis	RA	0.330579449881185	0.552327626054678	77	38	0.551397358111792	0.907000397013494
HROV-vOTU73302	Smoking_Status	Never_Smoker	0.667693478805389	1.11582274496949	77	34	0.55148617279114	0.907000397013494
HROV-vOTU66463	Smoking_Status	Former_Smoker	0.418540302983697	0.699219585824525	77	12	0.551356573496169	0.907000397013494
HROV-vOTU56648	Smoking_Status	Former_Smoker	-0.703940420630466	1.17526538020934	77	16	0.551103960425328	0.907000397013494
HROV-vOTU03487	Smoking_Status	Never_Smoker	-0.774097532331735	1.29414995600793	77	67	0.551642308661603	0.907025791037041
HROV-vOTU04143	diagnosis	RA	-0.130713269804824	0.218499044966792	77	8	0.55158834251673	0.907025791037041
HROV-vOTU41636	Sex	M	0.441896026694597	0.738800953556264	77	49	0.551659151326784	0.907025791037041
HROV-vOTU59988	Smoking_Status	Former_Smoker	0.635699945131883	1.06273851814603	77	21	0.551628901939884	0.907025791037041
HROV-vOTU11852	Sex	M	0.226040112851675	0.37828037091029	77	76	0.552043675093193	0.907108697066163
HROV-vOTU00906	Smoking_Status	Former_Smoker	0.660878810984653	1.10699936745779	77	73	0.552406343471167	0.907108697066163
HROV-vOTU10339	Smoking_Status	Never_Smoker	-0.612023131666641	1.02448365758291	77	20	0.552143121949137	0.907108697066163
HROV-vOTU61101	diagnosis	RA	0.583357946084354	0.977108063037203	77	34	0.552389855177121	0.907108697066163
HROV-vOTU01290	Smoking_Status	Former_Smoker	-0.631971708055288	1.05798426217496	77	67	0.552183635736806	0.907108697066163
HROV-vOTU02846	Smoking_Status	Never_Smoker	-0.419893845175423	0.702364642255488	77	72	0.551856294638722	0.907108697066163
HROV-vOTU59291	Age	Age	0.193986543841	0.324977802125907	77	64	0.552457949850195	0.907108697066163
HROV-vOTU51623	Smoking_Status	Never_Smoker	0.513219192278855	0.85879811620646	77	70	0.552007057734665	0.907108697066163
HROV-vOTU75148	Sex	M	0.294657977582251	0.493395727224413	77	73	0.552270920822233	0.907108697066163
HROV-vOTU10093	Smoking_Status	Never_Smoker	0.324530536197868	0.543228327883192	77	8	0.552133665897531	0.907108697066163
HROV-vOTU08951	Smoking_Status	Never_Smoker	-0.51351963339014	0.859553412707498	77	37	0.552123598741405	0.907108697066163
HROV-vOTU59729	Smoking_Status	Never_Smoker	0.43568442932997	0.729817940998623	77	19	0.552421814148773	0.907108697066163
HROV-vOTU10690	Smoking_Status	Former_Smoker	-0.690733581291404	1.15681057790643	77	54	0.552338926020643	0.907108697066163
HROV-vOTU37726	Sex	M	-0.479981565443729	0.802861721552128	77	29	0.55184995746323	0.907108697066163
HROV-vOTU19927	Smoking_Status	Former_Smoker	0.850236471271576	1.42246606664868	77	23	0.55192850369626	0.907108697066163
HROV-vOTU33152	Smoking_Status	Former_Smoker	-0.342803121326585	0.574062815218099	77	8	0.552305123568772	0.907108697066163
HROV-vOTU50822	Age	Age	0.217638105942304	0.364563807808917	77	18	0.552418271166095	0.907108697066163
HROV-vOTU28139	diagnosis	RA	0.17859096261723	0.298771793107991	77	9	0.551908345850306	0.907108697066163
HROV-vOTU71573	Smoking_Status	Never_Smoker	0.308982257127491	0.517419078085384	77	9	0.552299872666541	0.907108697066163
HROV-vOTU28637	Sex	M	-0.4902086552827	0.821936151762962	77	34	0.552800092788188	0.90722563772001
HROV-vOTU39080	Sex	M	-0.296798893068257	0.497533191790108	77	14	0.552711316764477	0.90722563772001
HROV-vOTU37099	diagnosis	RA	0.190355081460201	0.319007643254674	77	13	0.55259895003898	0.90722563772001
HROV-vOTU67206	Age	Age	0.134787139740703	0.226001260193807	77	22	0.552804922888619	0.90722563772001
HROV-vOTU40432	Smoking_Status	Former_Smoker	-0.630378219855732	1.05680715972155	77	15	0.552743029576725	0.90722563772001
HROV-vOTU25647	diagnosis	RA	-0.246536152534905	0.413210592056605	77	11	0.552648415315475	0.90722563772001
HROV-vOTU21529	Sex	M	-0.37102623099259	0.622010547095809	77	25	0.552741740449926	0.90722563772001
HROV-vOTU17254	Smoking_Status	Never_Smoker	-0.424215113152378	0.71161451758988	77	11	0.552983901773336	0.907231652843895
HROV-vOTU48984	Age	Age	0.106933545088967	0.179424932249845	77	10	0.553084342419813	0.907231652843895
HROV-vOTU50793	Smoking_Status	Never_Smoker	0.664128117657295	1.1142314728923	77	45	0.553043067766073	0.907231652843895
HROV-vOTU64997	Smoking_Status	Former_Smoker	0.481455368785622	0.807688421180007	77	12	0.553010490023928	0.907231652843895
HROV-vOTU45018	Smoking_Status	Never_Smoker	0.394244999528905	0.661386696045038	77	14	0.55301180125444	0.907231652843895
HROV-vOTU55731	diagnosis	RA	-0.386634569291792	0.648578066294943	77	18	0.552986557632027	0.907231652843895
HROV-vOTU25800	diagnosis	RA	0.301573033896525	0.506007748641343	77	30	0.553080546427028	0.907231652843895
HROV-vOTU13955	Smoking_Status	Former_Smoker	-1.09814237823626	1.84293816981061	77	15	0.553160268281997	0.907291573145389
HROV-vOTU38660	Age	Age	0.102387001150994	0.171892551305256	77	8	0.553306210846232	0.907466317888387
HROV-vOTU36677	Sex	M	0.600104116222885	1.00763681868677	77	53	0.553365616326846	0.907499120131543
HROV-vOTU26634	Age	Age	-0.0966367974783885	0.162301748944938	77	9	0.55345969456222	0.907588775688402
HROV-vOTU32570	Sex	M	0.71198810567773	1.19617400660163	77	49	0.553588104339647	0.907734712918624
HROV-vOTU21222	Sex	M	0.341527870792999	0.573888567536276	77	9	0.553660792190325	0.907789266990118
HROV-vOTU39158	Sex	M	-0.417030034491517	0.700931363032514	77	19	0.553758001740725	0.90788401652231
HROV-vOTU09478	Smoking_Status	Former_Smoker	-0.917450308733641	1.54522913716533	77	72	0.554579043468045	0.908001945902821
HROV-vOTU16744	diagnosis	RA	-0.447400353473747	0.753322601065831	77	56	0.554464747556208	0.908001945902821
HROV-vOTU40697	Sex	M	-0.233190363595834	0.392628541291746	77	8	0.55445255166059	0.908001945902821
HROV-vOTU37474	Age	Age	0.179501443330622	0.302201239664297	77	53	0.554413462624598	0.908001945902821
HROV-vOTU71081	Smoking_Status	Never_Smoker	0.386349199322774	0.65033480886125306	77	11	0.554348585523237	0.908001945902821
HROV-vOTU59107	Age	Age	0.200129320169764	0.336950767395408	77	60	0.55443841814163	0.908001945902821
HROV-vOTU71281	diagnosis	RA	-0.236153863991974	0.397253165046578	77	22	0.55408953532162	0.908001945902821
HROV-vOTU58814	diagnosis	RA	0.321076774156491	0.540765767203354	77	20	0.554569914778376	0.908001945902821
HROV-vOTU58654	Smoking_Status	Never_Smoker	0.531613155258641	0.894430677520139	77	41	0.554161123296926	0.908001945902821
HROV-vOTU21852	Age	Age	0.163512035930862	0.27501806506316	77	41	0.554034180990938	0.908001945902821
HROV-vOTU75192	Smoking_Status	Never_Smoker	0.470027094346438	0.790763361453715	77	15	0.554136258300854	0.908001945902821
HROV-vOTU62007	Sex	M	0.359008987309946	0.603795045807897	77	26	0.554009356178218	0.908001945902821
HROV-vOTU54487	Smoking_Status	Never_Smoker	0.527847992145118	0.888095668094488	77	26	0.554161042130582	0.908001945902821
HROV-vOTU55024	Sex	M	0.56902771765163	0.957686521088371	77	59	0.554287598564881	0.908001945902821
HROV-vOTU58937	Sex	M	-0.190515824117448	0.320867906706742	77	11	0.554565301190277	0.908001945902821
HROV-vOTU23782	diagnosis	RA	-0.239967941855522	0.403651110655854	77	28	0.554071891190798	0.908001945902821
HROV-vOTU67235	Age	Age	-0.0651233138629259	0.109537162953967	77	8	0.554046469745332	0.908001945902821
HROV-vOTU65125	Smoking_Status	Former_Smoker	0.384058275613513	0.646822427582405	77	8	0.554558675661428	0.908001945902821
HROV-vOTU42808	Sex	M	0.302481940795007	0.509061372687634	77	13	0.554270073823867	0.908001945902821
HROV-vOTU57404	Smoking_Status	Former_Smoker	-0.721913791724235	1.21604281538977	77	28	0.554627415414998	0.90801659038938
HROV-vOTU28044	Smoking_Status	Former_Smoker	-0.540203010535914	0.910316780006825	77	8	0.554783828545879	0.908143547616149
HROV-vOTU55435	diagnosis	RA	0.287028311725003	0.483663119685398	77	10	0.554768089284886	0.908143547616149
HROV-vOTU75400	Smoking_Status	Former_Smoker	1.26091433536742	2.12574280160675	77	21	0.554956167734606	0.908167451355644
HROV-vOTU53264	diagnosis	RA	-0.477451871912568	0.804919833049611	77	60	0.554954252878717	0.908167451355644
HROV-vOTU61851	diagnosis	RA	-0.239319571407205	0.403407789169938	77	14	0.554902475228542	0.908167451355644
HROV-vOTU01313	Age	Age	-0.0887732543202568	0.149649113893545	77	9	0.554926058770254	0.908167451355644
HROV-vOTU30268	Sex	M	-0.302314488169657	0.509857011600215	77	21	0.55510548172858	0.908259594793011
HROV-vOTU22787	diagnosis	RA	-0.41099565409619	0.693193553912017	77	17	0.55513078837631	0.908259594793011
HROV-vOTU30319	Smoking_Status	Former_Smoker	0.282368778396957	0.476185957982012	77	9	0.555078651892573	0.908259594793011
HROV-vOTU36564	Sex	M	0.371844232612777	0.62756516954179	77	19	0.555385604654785	0.908611953910612
HROV-vOTU07700	Smoking_Status	Never_Smoker	0.594002985156585	1.0027944650403	77	31	0.555499597533205	0.908652684973399
HROV-vOTU41035	Age	Age	-0.0670933644416521	0.113275269374868	77	10	0.555528866887775	0.908652684973399
HROV-vOTU71573	Sex	M	-0.236825635283136	0.399793515857951	77	9	0.555484826826227	0.908652684973399
HROV-vOTU47642	Smoking_Status	Former_Smoker	-0.435353577119305	0.735280851205774	77	11	0.555670147436748	0.908819224165066
HROV-vOTU55030	Smoking_Status	Former_Smoker	0.714630377231239	1.20755037892907	77	73	0.555863165333942	0.908833996047409
HROV-vOTU09082	Sex	M	0.208114397384677	0.351728098102338	77	77	0.555936810661307	0.908833996047409
HROV-vOTU00162	Sex	M	0.465528004754887	0.786891310398276	77	69	0.555994883643593	0.908833996047409
HROV-vOTU57974	Smoking_Status	Never_Smoker	0.340472417152583	0.575246402701983	77	29	0.555816145287849	0.908833996047409
HROV-vOTU08175	Smoking_Status	Former_Smoker	0.689592523319485	1.1656297385593	77	27	0.555994100919688	0.908833996047409
HROV-vOTU58106	diagnosis	RA	0.460881469696621	0.77875717770205	77	35	0.555853209375605	0.908833996047409
HROV-vOTU44531	Sex	M	0.362912632449166	0.613343745957295	77	14	0.555934013743006	0.908833996047409
HROV-vOTU45907	Smoking_Status	Former_Smoker	-0.302335648554945	0.511032826423728	77	9	0.555986266042554	0.908833996047409
HROV-vOTU07068	Smoking_Status	Never_Smoker	0.483810351913628	0.817915855762828	77	67	0.556053435240366	0.908865196138086
HROV-vOTU17409	Smoking_Status	Never_Smoker	-0.251312951116063	0.424931951158751	77	9	0.55611789002253	0.908906039828178
HROV-vOTU66843	Smoking_Status	Never_Smoker	-0.623368486607826	1.05464805776573	77	33	0.556352072756693	0.909159741402585
HROV-vOTU66985	Age	Age	-0.147515855653905	0.249551309680403	77	16	0.556314381396744	0.909159741402585
HROV-vOTU00289	diagnosis	RA	-0.306734966300354	0.519029628025552	77	8	0.556412055573097	0.909193248179965
HROV-vOTU14373	Sex	M	-0.373352487413589	0.632063392423842	77	73	0.556604909614607	0.909206686520236
HROV-vOTU39613	Age	Age	-0.182717417891618	0.309364896567939	77	30	0.55664977244993	0.909206686520236
HROV-vOTU06121	Sex	M	-0.359862629447539	0.609161455314642	77	56	0.55656328245323	0.909206686520236
HROV-vOTU74846	diagnosis	RA	-0.238088265366567	0.40303697896543	77	26	0.556573469056753	0.909206686520236
HROV-vOTU06299	Smoking_Status	Former_Smoker	-0.697254549334951	1.18045666773922	77	11	0.556620413560176	0.909206686520236
HROV-vOTU32776	Smoking_Status	Former_Smoker	-0.646109280781103	1.09396948564793	77	11	0.556657155012389	0.909206686520236
HROV-vOTU08847	diagnosis	RA	-0.319084659842807	0.540485673282958	77	59	0.556819401576553	0.909211426036253
HROV-vOTU60373	Sex	M	0.403643315556965	0.68378256282065	77	31	0.556857453940137	0.909211426036253
HROV-vOTU00374	Sex	M	-0.681158706635453	1.15349802138735	77	30	0.556719974453547	0.909211426036253
HROV-vOTU63062	Sex	M	-0.232945552981456	0.394568955920638	77	9	0.556810546731427	0.909211426036253
HROV-vOTU42317	diagnosis	RA	0.23617654281289	0.400069902514705	77	11	0.556838301707895	0.909211426036253
HROV-vOTU70059	Smoking_Status	Never_Smoker	-0.816909116393696	1.38413299934488	77	68	0.556933398770163	0.909256026515799
HROV-vOTU16270	Smoking_Status	Former_Smoker	-1.52683716688295	2.58798077802255	77	44	0.557082176905685	0.909256026515799
HROV-vOTU48991	Sex	M	-0.381982787126392	0.647429694072259	77	16	0.557064512976857	0.909256026515799
HROV-vOTU08185	diagnosis	RA	-0.136057779298301	0.230591654369872	77	15	0.557038594983375	0.909256026515799
HROV-vOTU22487	Age	Age	-0.0768119778701322	0.130176736478105	77	8	0.557024305497916	0.909256026515799
HROV-vOTU59186	Smoking_Status	Former_Smoker	-0.254351591525775	0.431223518482633	77	8	0.557172431877947	0.909338892080583
HROV-vOTU22887	Age	Age	-0.0781572139288312	0.132536504279278	77	75	0.557261592663552	0.909344314846058
HROV-vOTU42685	Smoking_Status	Former_Smoker	0.790799180223933	1.34112320300101	77	19	0.557294210149252	0.909344314846058
HROV-vOTU16981	Sex	M	0.237625259250154	0.402943063346235	77	8	0.55724768291412	0.909344314846058
HROV-vOTU66914	Sex	M	0.272334436902763	0.462069281532869	77	54	0.557477139379136	0.909513921783898
HROV-vOTU31297	Sex	M	0.310047587900778	0.526027045158702	77	21	0.557454674070209	0.909513921783898
HROV-vOTU01753	Smoking_Status	Former_Smoker	0.727228699457331	1.23473757077239	77	73	0.557747822364048	0.909610608587883
HROV-vOTU16714	Smoking_Status	Former_Smoker	0.446022398410768	0.757722583276946	77	75	0.557973881624348	0.909610608587883
HROV-vOTU24582	Smoking_Status	Former_Smoker	-1.2206690329787	2.07330562796659	77	61	0.557894141936961	0.909610608587883
HROV-vOTU25063	Age	Age	-0.114704276051285	0.194882799929055	77	19	0.558010363791994	0.909610608587883
HROV-vOTU62516	Sex	M	0.57126739831858	0.969922655188539	77	41	0.557742403040219	0.909610608587883
HROV-vOTU68787	diagnosis	RA	0.360293455734271	0.612064267022806	77	37	0.557962205162914	0.909610608587883
HROV-vOTU07726	diagnosis	RA	-0.237858441378771	0.404005282178601	77	20	0.557896923467319	0.909610608587883
HROV-vOTU54587	Age	Age	0.163591554411477	0.27768770467334	77	47	0.557650209970526	0.909610608587883
HROV-vOTU03622	Smoking_Status	Never_Smoker	0.733036457713496	1.24452573229046	77	31	0.557724888934297	0.909610608587883
HROV-vOTU26189	diagnosis	RA	-0.174659387226256	0.296728656026489	77	12	0.55798653842397306	0.909610608587883
HROV-vOTU15817	Age	Age	-0.126370010090397	0.214648017237366	77	9	0.557909935975765	0.909610608587883
HROV-vOTU49568	Age	Age	-0.118523817031824	0.201335462400235	77	11	0.557938685606307	0.909610608587883
HROV-vOTU21634	Smoking_Status	Never_Smoker	-0.579176801144646	0.984123627556425	77	45	0.558050694747705	0.90961196829497
HROV-vOTU59392	Smoking_Status	Never_Smoker	0.421000383402972	0.715505972958526	77	12	0.558134128300207	0.909620141445132
HROV-vOTU41114	Age	Age	0.220642132315713	0.37499014487429	77	26	0.558134703376516	0.909620141445132
HROV-vOTU53426	Sex	M	0.340908477499096	0.579521156632387	77	18	0.558225190019251	0.909638868332508
HROV-vOTU69731	Sex	M	0.234345548679635	0.398351528670359	77	9	0.558205559043418	0.909638868332508
HROV-vOTU47360	Smoking_Status	Former_Smoker	-0.936397336570784	1.59233180045159	77	31	0.558353460931305	0.909711466580238
HROV-vOTU22887	diagnosis	RA	-0.152310068157361	0.259051443629703	77	75	0.558429382836726	0.909711466580238
HROV-vOTU69623	diagnosis	RA	-0.426679815504464	0.725607194903485	77	65	0.55837703506273	0.909711466580238
HROV-vOTU55034	Sex	M	0.462661218018413	0.786826097126639	77	60	0.558391655873597	0.909711466580238
HROV-vOTU11412	Age	Age	0.155326086600548	0.264206626157282	77	9	0.558467247699149	0.909711466580238
HROV-vOTU29721	diagnosis	RA	0.289956684417163	0.493418671597178	77	11	0.558632729753906	0.909916667814729
HROV-vOTU38248	diagnosis	RA	0.294514663589979	0.501332714408087	77	57	0.558756184246641	0.909989033533707
HROV-vOTU03672	diagnosis	RA	-0.370380242983555	0.630453775111404	77	58	0.558743823225332	0.909989033533707
HROV-vOTU56971	Age	Age	-0.250163988668869	0.425900941732889	77	46	0.558814606451404	0.91001982651505
HROV-vOTU36455	Age	Age	0.178189780549274	0.303583697299224	77	37	0.559096179481401	0.910289204183933
HROV-vOTU64611	Smoking_Status	Former_Smoker	-0.958831323860732	1.63352982861586	77	41	0.559086432650468	0.910289204183933
HROV-vOTU11108	diagnosis	RA	-0.336790698781271	0.573910398535397	77	41	0.559175930595549	0.910289204183933
HROV-vOTU65765	Smoking_Status	Never_Smoker	0.557455339226039	0.949895076883509	77	21	0.559159279936805	0.910289204183933
HROV-vOTU63077	Sex	M	0.546234450979184	0.930892419231466	77	28	0.559208785320291	0.910289204183933
HROV-vOTU20308	Age	Age	-0.175861844287783	0.299710067039458	77	33	0.559217180234229	0.910289204183933
HROV-vOTU56580	Age	Age	-0.155684767223191	0.265438991615257	77	22	0.559387635076023	0.910319733644908
HROV-vOTU05852	Smoking_Status	Never_Smoker	-0.317931967562731	0.542044154071338	77	16	0.559371276606339	0.910319733644908
HROV-vOTU07278	Sex	M	0.58012026136639006	0.988984179525941	77	62	0.559344967852979	0.910319733644908
HROV-vOTU09774	Smoking_Status	Former_Smoker	0.496648887728179	0.846874351283881	77	12	0.559433573177438	0.910319733644908
HROV-vOTU74692	Age	Age	-0.156111797126424	0.2661745525623	77	36	0.559398653805616	0.910319733644908
HROV-vOTU15990	Sex	M	0.581653987462828	0.992044048523386	77	44	0.559520840592981	0.910397411251686
HROV-vOTU21634	Smoking_Status	Former_Smoker	-0.814311695864774	1.38924905990279	77	45	0.55963195942671	0.910513883828833
HROV-vOTU15717	Sex	M	-0.316551167591988	0.540264616770798	77	11	0.559788119644092	0.910703616516207
HROV-vOTU52385	Smoking_Status	Former_Smoker	0.637574459786987	1.08841023988588	77	57	0.559877470366311	0.910728260794465
HROV-vOTU19515	diagnosis	RA	0.277779337932204	0.474233552585723	77	63	0.559905085398525	0.910728260794465
HROV-vOTU10264	diagnosis	RA	0.306088481659176	0.522586254688818	77	32	0.559921903803249	0.910728260794465
HROV-vOTU08781	Smoking_Status	Former_Smoker	0.687049380251074	1.17343615961731	77	67	0.56006659001979	0.910899263287836
HROV-vOTU15873	Sex	M	0.158513427076753	0.270765871483974	77	8	0.560117376058278	0.910917531997892
HROV-vOTU23941	Sex	M	0.509279743391588	0.870056704102675	77	41	0.560174406906592	0.910945953329954
HROV-vOTU01773	Sex	M	0.379045735263232	0.64820687306841	77	72	0.560562526935274	0.910952481658544
HROV-vOTU51492	Smoking_Status	Never_Smoker	0.714753631252867	1.22209334787038	77	59	0.560495879136622	0.910952481658544
HROV-vOTU60343	Sex	M	0.690960172473031	1.18146003384155	77	60	0.56051209913079	0.910952481658544
HROV-vOTU50642	diagnosis	RA	-0.502896097698659	0.859438679050189	77	68	0.560305478234677	0.910952481658544
HROV-vOTU71398	Smoking_Status	Never_Smoker	-0.604011798797566	1.03303503936379	77	28	0.560605401531118	0.910952481658544
HROV-vOTU01261	Sex	M	-0.432989565865784	0.740327713945972	77	20	0.560494588352434	0.910952481658544
HROV-vOTU07783	Sex	M	0.577297872312307	0.987069811643852	77	44	0.560495791919892	0.910952481658544
HROV-vOTU11909	Sex	M	0.277988379268291	0.475450485857073	77	11	0.560613526814874	0.910952481658544
HROV-vOTU06874	Smoking_Status	Former_Smoker	-0.429144141808604	0.733826060585209	77	9	0.560533642954704	0.910952481658544
HROV-vOTU71449	diagnosis	RA	0.324304315628825	0.554264374625588	77	12	0.56033034926435	0.910952481658544
HROV-vOTU06488	Smoking_Status	Never_Smoker	0.525994496380558	0.899191914556111	77	8	0.560426693483798	0.910952481658544
HROV-vOTU03660	Age	Age	-0.140120143726393	0.239724024714508	77	74	0.560732670916851	0.91103078626645
HROV-vOTU23255	Sex	M	0.569761172870619	0.974794126474487	77	55	0.560740833492268	0.91103078626645
HROV-vOTU47485	Sex	M	-0.354412579852759	0.606640052576977	77	8	0.560922562537394	0.911261753332124
HROV-vOTU04890	Age	Age	0.187838944910698	0.32230507353058	77	24	0.561875356517206	0.911266863421919
HROV-vOTU70173	Smoking_Status	Former_Smoker	-0.69398956975847	1.18943621792409	77	64	0.561431961242797	0.911266863421919
HROV-vOTU06163	diagnosis	RA	-0.399437331877311	0.684020787349257	77	71	0.561101355071387	0.911266863421919
HROV-vOTU05573	diagnosis	RA	0.406077194482135	0.696230925658	77	30	0.561572664084484	0.911266863421919
HROV-vOTU31292	Sex	M	0.311464789970879	0.534123402959725	77	69	0.561651714216554	0.911266863421919
HROV-vOTU08443	diagnosis	RA	0.297184699025212	0.509273791918748	77	17	0.561375009536082	0.911266863421919
HROV-vOTU38862	diagnosis	RA	0.379753901156697	0.650598787783971	77	49	0.561272594177507	0.911266863421919
HROV-vOTU49528	Sex	M	-0.39527591108343	0.677319145524208	77	48	0.561346341240278	0.911266863421919
HROV-vOTU66549	diagnosis	RA	0.382285002632212	0.655086749476869	77	59	0.561363024297769	0.911266863421919
HROV-vOTU72401	Age	Age	-0.166885266812144	0.286084669596144	77	22	0.561511420763668	0.911266863421919
HROV-vOTU03486	diagnosis	RA	0.182034404658553	0.311847243554108	77	10	0.561252290076993	0.911266863421919
HROV-vOTU34657	Smoking_Status	Never_Smoker	0.716056116587542	1.22861774986805	77	33	0.561864775957541	0.911266863421919
HROV-vOTU74504	Smoking_Status	Never_Smoker	-0.186375176113937	0.319556318728987	77	8	0.561585818215663	0.911266863421919
HROV-vOTU53637	diagnosis	RA	0.187621442268596	0.321853426804993	77	21	0.561780254101075	0.911266863421919
HROV-vOTU03500	Age	Age	-0.129327765128424	0.221732507320581	77	17	0.561566267819616	0.911266863421919
HROV-vOTU35959	Sex	M	-0.375417363872529	0.642917757525229	77	19	0.561119724210384	0.911266863421919
HROV-vOTU20111	Sex	M	0.563363655468847	0.9647304438312	77	44	0.561098215106041	0.911266863421919
HROV-vOTU04911	diagnosis	RA	-0.357562157982707	0.61336023043891	77	41	0.561769826195006	0.911266863421919
HROV-vOTU50805	Sex	M	-0.257245763798426	0.441394136194682	77	12	0.561872504433246	0.911266863421919
HROV-vOTU09011	diagnosis	RA	0.454154843088937	0.77788583461199	77	27	0.56118346012713	0.911266863421919
HROV-vOTU42274	Smoking_Status	Never_Smoker	0.34422221541423	0.590413021367387	77	10	0.561727557834373	0.911266863421919
HROV-vOTU21098	Age	Age	-0.124848556209055	0.213872441451593	77	11	0.561236882815379	0.911266863421919
HROV-vOTU72960	Age	Age	0.104112419857522	0.178481485242284	77	11	0.561524045431829	0.911266863421919
HROV-vOTU57641	diagnosis	RA	-0.181620469896789	0.311599612440486	77	11	0.561830978603391	0.911266863421919
HROV-vOTU14206	Sex	M	0.278599100538174	0.478156360539021	77	20	0.561973040896959	0.91136111061594
HROV-vOTU13785	Smoking_Status	Former_Smoker	-1.03588866985729	1.7787516346528	77	68	0.562163467851361	0.911501299489844
HROV-vOTU12907	diagnosis	RA	0.34592610651486	0.594021271303664	77	48	0.562178222229863	0.911501299489844
HROV-vOTU64000	diagnosis	RA	0.273206369348476	0.469107971001438	77	19	0.562145293185918	0.911501299489844
HROV-vOTU05340	Smoking_Status	Former_Smoker	1.22432497685632	2.10276850304316	77	49	0.562246557169116	0.911547920563516
HROV-vOTU65050	Smoking_Status	Never_Smoker	0.226268546043697	0.388666491517726	77	11	0.562298780379255	0.911568415608492
HROV-vOTU30807	diagnosis	RA	-0.395258729914633	0.68062220288151	77	57	0.563260284825823	0.911726490140962
HROV-vOTU19481	Smoking_Status	Former_Smoker	-0.796172463605518	1.36828324365122	77	38	0.56249263898533	0.911726490140962
HROV-vOTU38736	Smoking_Status	Former_Smoker	0.652677531067088	1.12317831505894	77	63	0.563014081211558	0.911726490140962
HROV-vOTU60720	Smoking_Status	Former_Smoker	-0.399379467022213	0.689517875068733	77	9	0.564276987640592	0.911726490140962
HROV-vOTU68200	diagnosis	RA	0.19424022297411	0.334500037606111	77	13	0.563289293730519	0.911726490140962
HROV-vOTU45238	diagnosis	RA	0.352765240801943	0.608391254251214	77	57	0.56386285343754206	0.911726490140962
HROV-vOTU09777	Age	Age	-0.110205601099627	0.189530687637646	77	75	0.562768148234552	0.911726490140962
HROV-vOTU45175	Sex	M	0.459739273290805	0.793109008691397	77	58	0.56397397695451	0.911726490140962
HROV-vOTU41804	Sex	M	-0.246467743427394	0.423873194580253	77	8	0.562768142449568	0.911726490140962
HROV-vOTU69302	diagnosis	RA	0.152712178502354	0.263197254928053	77	8	0.563603552467925	0.911726490140962
HROV-vOTU09776	Smoking_Status	Never_Smoker	-0.989288890880722	1.70480892655665	77	31	0.563554182283216	0.911726490140962
HROV-vOTU55384	diagnosis	RA	0.505119770394047	0.86839816101045	77	50	0.562632352388837	0.911726490140962
HROV-vOTU03230	Age	Age	0.156935461918905	0.270289190221772	77	17	0.563334634600721	0.911726490140962
HROV-vOTU62491	Age	Age	-0.181584741524821	0.31348478431478	77	69	0.564256689500345	0.911726490140962
HROV-vOTU59361	Sex	M	0.252402305214361	0.435332680589339	77	18	0.563890414429967	0.911726490140962
HROV-vOTU29783	Smoking_Status	Never_Smoker	0.421032185744043	0.726329048597635	77	11	0.563971146733716	0.911726490140962
HROV-vOTU23600	Smoking_Status	Former_Smoker	-0.655845355640087	1.13223977877976	77	60	0.564256552859486	0.911726490140962
HROV-vOTU46097	Smoking_Status	Former_Smoker	0.760938104297818	1.31150813748364	77	73	0.563616072265816	0.911726490140962
HROV-vOTU34922	Smoking_Status	Former_Smoker	0.753028872309492	1.29733157714617	77	24	0.563452733138189	0.911726490140962
HROV-vOTU52432	Age	Age	0.161135738251568	0.277317747930464	77	21	0.563046135050059	0.911726490140962
HROV-vOTU22046	diagnosis	RA	-0.294645887001594	0.508514726528971	77	33	0.564136792943044	0.911726490140962
HROV-vOTU18429	Sex	M	0.551723897331182	0.951186818323186	77	25	0.563725691629816	0.911726490140962
HROV-vOTU41648	Smoking_Status	Never_Smoker	0.668910718130998	1.15393793278485	77	21	0.56396772491628	0.911726490140962
HROV-vOTU26589	Smoking_Status	Former_Smoker	-1.18232485824996	2.03859831250874	77	30	0.563771202983022	0.911726490140962
HROV-vOTU27429	Smoking_Status	Former_Smoker	-0.60660730272741	1.04617408727847	77	23	0.563862090555316	0.911726490140962
HROV-vOTU74110	Age	Age	0.158916460980403	0.274226925786474	77	42	0.564081347193626	0.911726490140962
HROV-vOTU45964	Age	Age	-0.12925765503103	0.22295429399655	77	27	0.563918723313727	0.911726490140962
HROV-vOTU33056	Sex	M	-0.30183744327349	0.520985311936196	77	33	0.564180842787066	0.911726490140962
HROV-vOTU27530	Age	Age	-0.183832141747346	0.316855938294538	77	33	0.563632866544994	0.911726490140962
HROV-vOTU44759	diagnosis	RA	-0.261121927352281	0.450852812583103	77	26	0.564305304867955	0.911726490140962
HROV-vOTU52664	Sex	M	0.255923256098935	0.441424030268823	77	12	0.563906769907923	0.911726490140962
HROV-vOTU47236	Sex	M	0.280509069263385	0.48394450124472	77	14	0.563998485905179	0.911726490140962
HROV-vOTU58024	diagnosis	RA	-0.283539507805545	0.488277240082928	77	22	0.563285615862565	0.911726490140962
HROV-vOTU67752	Smoking_Status	Former_Smoker	0.7023582417778	1.21033810072633	77	24	0.563550099624391	0.911726490140962
HROV-vOTU60406	Sex	M	0.427419508534177	0.73570513606176	77	33	0.563103215594541	0.911726490140962
HROV-vOTU64915	Sex	M	0.304004097615163	0.523790699171584	77	64	0.56348766704153	0.911726490140962
HROV-vOTU50719	Smoking_Status	Never_Smoker	0.244998305677209	0.422314468650509	77	8	0.563661959753819	0.911726490140962
HROV-vOTU15581	Age	Age	-0.0637223654213349	0.109861257988181	77	8	0.563733440565535	0.911726490140962
HROV-vOTU11247	Sex	M	-0.253514778167044	0.436641205879434	77	16	0.563347048219808	0.911726490140962
HROV-vOTU27630	Sex	M	-0.441533648358642	0.760815648206557	77	16	0.563521076867302	0.911726490140962
HROV-vOTU02995	Smoking_Status	Former_Smoker	0.773071279524471	1.3342200365772099	77	22	0.564141060603254	0.911726490140962
HROV-vOTU12777	Smoking_Status	Former_Smoker	0.989513632313166	1.70736745780974	77	19	0.564049126829736	0.911726490140962
HROV-vOTU04724	Smoking_Status	Former_Smoker	0.547257290271352	0.944968751188478	77	9	0.56433613186971	0.911726490140962
HROV-vOTU74379	diagnosis	RA	-0.24556450027628	0.423429000893341	77	13	0.563789273567225	0.911726490140962
HROV-vOTU53340	diagnosis	RA	-0.28742912584396	0.496089268976215	77	13	0.564159981875586	0.911726490140962
HROV-vOTU73174	Age	Age	0.115841581182627	0.199936525197807	77	10	0.564158732785279	0.911726490140962
HROV-vOTU31229	Age	Age	0.108173334628053	0.18607524250854	77	9	0.562851135522754	0.911726490140962
HROV-vOTU56015	diagnosis	RA	0.220346558141183	0.378741884478705	77	10	0.562553859565659	0.911726490140962
HROV-vOTU13792	Smoking_Status	Former_Smoker	0.594098722931272	1.02106824681194	77	9	0.562517139418202	0.911726490140962
HROV-vOTU75404	Age	Age	0.0995361431803338	0.171908074783562	77	12	0.564416278294822	0.91179200961909
HROV-vOTU14222	Sex	M	0.365652564638756	0.631652344950506	77	17	0.564500389638459	0.911860902047314
HROV-vOTU64162	Smoking_Status	Former_Smoker	0.334148619141242	0.577286407254644	77	8	0.564538112956604	0.911860902047314
HROV-vOTU25132	Smoking_Status	Former_Smoker	1.03699638036679	1.79265795330227	77	60	0.564778259271316	0.911993109696653
HROV-vOTU57852	Sex	M	-0.479027568720208	0.828096249424749	77	66	0.564778364328861	0.911993109696653
HROV-vOTU26832	Sex	M	0.49495361860309	0.855393655037305	77	40	0.564672144273692	0.911993109696653
HROV-vOTU10315	Smoking_Status	Former_Smoker	-0.28726070213289	0.496539013693542	77	11	0.564739782323398	0.911993109696653
HROV-vOTU30351	Age	Age	-0.189956676148288	0.328571718158839	77	66	0.56500659416724	0.912213613671401
HROV-vOTU73961	diagnosis	RA	-0.337659717603679	0.584093300472553	77	18	0.565031042581332	0.912213613671401
HROV-vOTU39594	diagnosis	RA	0.233482978939039	0.403888254855026	77	13	0.565033747243705	0.912213613671401
HROV-vOTU05358	Sex	M	-0.18751249025581	0.324435988215321	77	8	0.56511669933139	0.912283582335757
HROV-vOTU17802	diagnosis	RA	0.101815618530638	0.176182068546991	77	76	0.56516001911287606	0.912285902826892
HROV-vOTU37086	Smoking_Status	Former_Smoker	0.513535994103731	0.888709830746119	77	15	0.565197362637173	0.912285902826892
HROV-vOTU26158	diagnosis	RA	0.231126009220562	0.400309031207798	77	30	0.56551666799308	0.912304089874678
HROV-vOTU04023	Sex	M	0.524051328714384	0.907108428334723	77	62	0.565283380462176	0.912304089874678
HROV-vOTU53580	Sex	M	0.399335380664188	0.691536988209633	77	37	0.565455099217319	0.912304089874678
HROV-vOTU47688	Smoking_Status	Former_Smoker	-0.642094298980546	1.11198247374774	77	38	0.565474303796619	0.912304089874678
HROV-vOTU53502	Smoking_Status	Former_Smoker	-0.741285461931771	1.28320338719509	77	33	0.565305390929849	0.912304089874678
HROV-vOTU33743	Age	Age	-0.0921688058475577	0.159655846503383	77	11	0.565565153762083	0.912304089874678
HROV-vOTU05229	Smoking_Status	Never_Smoker	0.323655427096539	0.560395968189563	77	8	0.565396585258429	0.912304089874678
HROV-vOTU21315	Smoking_Status	Never_Smoker	0.515958751361501	0.893332824481186	77	20	0.565384259834713	0.912304089874678
HROV-vOTU02437	Smoking_Status	Former_Smoker	-0.341089589982795	0.590833971237579	77	9	0.565561695507213	0.912304089874678
HROV-vOTU37751	Smoking_Status	Former_Smoker	-0.818208798071412	1.41768650695801	77	11	0.565668003641993	0.912406087958755
HROV-vOTU08930	Smoking_Status	Former_Smoker	-0.613663829734366	1.06345505499513	77	73	0.565732772213905	0.912441770383458
HROV-vOTU44071	diagnosis	RA	0.335878094967148	0.582118350197998	77	14	0.56576936522257	0.912441770383458
HROV-vOTU44501	Sex	M	0.260289823255759	0.451759502623149	77	12	0.566322960907113	0.912554299584824
HROV-vOTU74508	diagnosis	RA	0.261260459356993	0.45339282263964	77	37	0.566279126556072	0.912554299584824
HROV-vOTU28638	Smoking_Status	Former_Smoker	0.672566948057976	1.16601844534793	77	32	0.565894575756433	0.912554299584824
HROV-vOTU56571	Smoking_Status	Former_Smoker	0.864446783018883	1.50043133036398	77	62	0.566347709691462	0.912554299584824
HROV-vOTU32825	diagnosis	RA	0.305149931045209	0.529620855337371	77	68	0.566324471651144	0.912554299584824
HROV-vOTU30479	Smoking_Status	Former_Smoker	1.11956598958973	1.94173580257308	77	54	0.566046749065066	0.912554299584824
HROV-vOTU36712	Sex	M	0.175438198533764	0.304386530388042	77	10	0.566190219811035	0.912554299584824
HROV-vOTU73093	Smoking_Status	Former_Smoker	0.532575154305307	0.924239619789608	77	30	0.566281556846072	0.912554299584824
HROV-vOTU32961	Sex	M	-0.452806769490811	0.785676685909071	77	55	0.566216696143707	0.912554299584824
HROV-vOTU49553	Smoking_Status	Former_Smoker	0.572915485864504	0.993373975761302	77	33	0.565941262286206	0.912554299584824
HROV-vOTU33246	Age	Age	-0.126153735272445	0.218970354367203	77	18	0.566354259833517	0.912554299584824
HROV-vOTU61220	Age	Age	0.0815148738324301	0.141356962501275	77	13	0.565993128775353	0.912554299584824
HROV-vOTU48889	Smoking_Status	Never_Smoker	-0.42329889833661	0.734169432170876	77	13	0.566054527544589	0.912554299584824
HROV-vOTU05109	diagnosis	RA	-0.294060846658705	0.510631242865204	77	72	0.566519178007107	0.912695294107963
HROV-vOTU58942	diagnosis	RA	0.147698806398049	0.256477480571274	77	8	0.566521026021421	0.912695294107963
HROV-vOTU26597	diagnosis	RA	-0.27836543918592	0.483436448370908	77	40	0.566567222302631	0.912705870847061
HROV-vOTU27906	Smoking_Status	Former_Smoker	-1.39390576062102	2.42226780704046	77	49	0.566803093828964	0.912714818906504
HROV-vOTU38811	Sex	M	0.415325213548106	0.721821658099476	77	57	0.56685019777767	0.912714818906504
HROV-vOTU63903	diagnosis	RA	-0.402407308132132	0.699249550736848	77	52	0.566783127822291	0.912714818906504
HROV-vOTU11143	diagnosis	RA	-0.329533373344416	0.572509387371427	77	36	0.566709051409953	0.912714818906504
HROV-vOTU35149	Smoking_Status	Never_Smoker	-0.46712877367383	0.811652451757466	77	14	0.566753855156059	0.912714818906504
HROV-vOTU03059	Sex	M	-0.472022275171476	0.820337340767169	77	19	0.566839840345438	0.912714818906504
HROV-vOTU20106	Age	Age	-0.130183287352526	0.226139632510533	77	14	0.566654010645255	0.912714818906504
HROV-vOTU28044	Sex	M	-0.286644878838696	0.498259288763198	77	8	0.566912208630351	0.912750850444419
HROV-vOTU65125	diagnosis	RA	0.154189596458698	0.268243727838729	77	8	0.567235753543951	0.913207927585962
HROV-vOTU57492	Sex	M	-0.322043237617215	0.560508860434912	77	21	0.56740827329541	0.913230311971018
HROV-vOTU14316	Sex	M	0.410324734490105	0.714086384817863	77	46	0.567368001882345	0.913230311971018
HROV-vOTU61841	Smoking_Status	Never_Smoker	0.430143070162736	0.748499265288575	77	8	0.567328292913143	0.913230311971018
HROV-vOTU14772	diagnosis	RA	0.327722217760889	0.570342359552638	77	23	0.567373954613773	0.913230311971018
HROV-vOTU51059	diagnosis	RA	0.152230598668312	0.264981629617122	77	10	0.567448782726478	0.913231688762459
HROV-vOTU67091	Age	Age	-0.116989051491085	0.203660723059707	77	69	0.567491725070533	0.913236980530666
HROV-vOTU72947	Age	Age	0.155819182008843	0.271353685980149	77	25	0.567627645170904	0.913391885710308
HROV-vOTU50677	diagnosis	RA	-0.15393539067292	0.268131544008567	77	76	0.567711832532359	0.913427413171036
HROV-vOTU08333	Smoking_Status	Never_Smoker	0.802098739569008	1.39769245420185	77	31	0.567866922834644	0.913427413171036
HROV-vOTU43426	Sex	M	0.339222983489995	0.591203525110959	77	48	0.567927361233003	0.913427413171036
HROV-vOTU18479	Smoking_Status	Never_Smoker	0.534104647211341	0.930782958872656	77	26	0.56790096755948	0.913427413171036
HROV-vOTU15369	Smoking_Status	Former_Smoker	0.540808777246853	0.942200605231242	77	22	0.567792085742368	0.913427413171036
HROV-vOTU21563	diagnosis	RA	-0.33687447410851	0.5871102925584	77	22	0.567927222514806	0.913427413171036
HROV-vOTU26337	Smoking_Status	Former_Smoker	0.398066465212081	0.693495154584411	77	10	0.567781581839766	0.913427413171036
HROV-vOTU49200	Sex	M	0.357424334454774	0.62371553960318	77	75	0.568416888868151	0.913475218694407
HROV-vOTU07317	Smoking_Status	Former_Smoker	0.692789951360642	1.20846677280243	77	73	0.568266427794202	0.913475218694407
HROV-vOTU61734	Sex	M	0.504067172876065	0.878674616774365	77	55	0.568005542595868	0.913475218694407
HROV-vOTU04569	Sex	M	0.411072945809726	0.717032556261256	77	67	0.568254736433361	0.913475218694407
HROV-vOTU30787	diagnosis	RA	0.295480167378144	0.515642829618376	77	20	0.56843305944896	0.913475218694407
HROV-vOTU14865	Age	Age	0.158095183638145	0.275758976656529	77	26	0.568246772567456	0.913475218694407
HROV-vOTU24121	Age	Age	0.0645722070430882	0.112673771824876	77	14	0.568394457212769	0.913475218694407
HROV-vOTU19110	diagnosis	RA	0.209451829483569	0.365222647740308	77	40	0.568124570071009	0.913475218694407
HROV-vOTU24973	Sex	M	-0.295862003710583	0.516026340750919	77	15	0.56822158107364	0.913475218694407
HROV-vOTU15817	Smoking_Status	Never_Smoker	0.410959726284933	0.716642281288595	77	9	0.568150902763234	0.913475218694407
HROV-vOTU08375	Smoking_Status	Former_Smoker	0.618123745370879	1.07867207229567	77	12	0.568427160222063	0.913475218694407
HROV-vOTU04091	Smoking_Status	Never_Smoker	0.253710848099296	0.442616076607979	77	8	0.568315319785465	0.913475218694407
HROV-vOTU57502	Age	Age	-0.157513437731337	0.275006178161419	77	26	0.568614460186704	0.913672637559956
HROV-vOTU55741	Smoking_Status	Never_Smoker	0.610398941852139	1.0657663992555	77	22	0.56863525463078	0.913672637559956
HROV-vOTU36004	Age	Age	0.156066563129286	0.27265992896349	77	26	0.568868981247654	0.913948645128685
HROV-vOTU24328	Sex	M	0.281420477971409	0.491746107623814	77	30	0.568934486097092	0.913948645128685
HROV-vOTU45180	diagnosis	RA	0.206245516644663	0.360393731752649	77	14	0.568941124125452	0.913948645128685
HROV-vOTU28569	diagnosis	RA	-0.159130297328933	0.278082303184117	77	11	0.568965771828483	0.913948645128685
HROV-vOTU24695	Smoking_Status	Never_Smoker	0.356165874918939	0.622654456739861	77	72	0.569120491241766	0.914069664083819
HROV-vOTU53150	Smoking_Status	Former_Smoker	-0.570079879661397	0.996584467935276	77	15	0.569105942410377	0.914069664083819
HROV-vOTU70173	Smoking_Status	Never_Smoker	0.481891325099527	0.842579145320676	77	64	0.569179772675877	0.914101127247242
HROV-vOTU42173	Smoking_Status	Former_Smoker	0.794420838508686	1.38940039028238	77	58	0.569281980361652	0.91420152065608
HROV-vOTU49128	diagnosis	RA	-0.487973062146364	0.853624452618017	77	42	0.569365558247008	0.914224099133124
HROV-vOTU61142	Smoking_Status	Never_Smoker	0.54929041129915	0.960991849979299	77	33	0.56940697218315	0.914224099133124
HROV-vOTU07463	diagnosis	RA	-0.442979819517193	0.775016283270139	77	20	0.569415131479181	0.914224099133124
HROV-vOTU53179	Sex	M	0.506180963496959	0.885911224699109	77	49	0.56955482672453	0.914384639907
HROV-vOTU37291	Smoking_Status	Never_Smoker	-0.561988763218484	0.983866407933263	77	44	0.569664870189609	0.914426660431187
HROV-vOTU24052	Smoking_Status	Former_Smoker	0.986561458237818	1.72731841329879	77	41	0.569700118274714	0.914426660431187
HROV-vOTU45435	diagnosis	RA	-0.228625901130064	0.400237752519685	77	12	0.569650790774802	0.914426660431187
HROV-vOTU02349	diagnosis	RA	0.360306111117758	0.630965540503024	77	45	0.56977614069896	0.914484948100708
HROV-vOTU08657	Age	Age	0.117214835879046	0.205851322629812	77	75	0.570871680650047	0.91460862207955
HROV-vOTU39186	diagnosis	RA	-0.336391623709045	0.592124907149525	77	65	0.571753163365392	0.91460862207955
HROV-vOTU05208	Smoking_Status	Former_Smoker	0.653562778953397	1.14651255779342	77	74	0.570447221640194	0.91460862207955
HROV-vOTU36861	Age	Age	0.186495046526747	0.329309929563405	77	52	0.572961552671257	0.91460862207955
HROV-vOTU14527	Sex	M	-0.34141947168544	0.599046098968616	77	77	0.570518450922854	0.91460862207955
HROV-vOTU72030	Smoking_Status	Never_Smoker	0.410267339023973	0.725334886209019	77	72	0.573432164705597	0.91460862207955
HROV-vOTU30612	Sex	M	0.418543231234989	0.737439325935998	77	34	0.572122133452145	0.91460862207955
HROV-vOTU06892	Smoking_Status	Never_Smoker	0.379100823981905	0.670678895310569	77	23	0.573686025243038	0.91460862207955
HROV-vOTU00854	Smoking_Status	Former_Smoker	0.464410453713471	0.815613799234959	77	73	0.570881855153037	0.91460862207955
HROV-vOTU32166	Smoking_Status	Never_Smoker	-0.672666714972467	1.18176887164421	77	65	0.571014576204785	0.91460862207955
HROV-vOTU39627	Smoking_Status	Former_Smoker	-1.08792083168346	1.92520106789491	77	68	0.573790682498399	0.91460862207955
HROV-vOTU41713	Sex	M	0.524193880887975	0.922953746746045	77	62	0.571859012473856	0.91460862207955
HROV-vOTU32153	Smoking_Status	Never_Smoker	0.756304457902103	1.33541843225679	77	25	0.572946726543071	0.91460862207955
HROV-vOTU61314	Smoking_Status	Never_Smoker	-0.848283358787864	1.48817264865059	77	44	0.570465696043744	0.91460862207955
HROV-vOTU44891	Sex	M	0.470827182138582	0.829006356041909	77	46	0.571866380411772	0.91460862207955
HROV-vOTU13759	Sex	M	0.310882395996107	0.549542032743473	77	74	0.573373294435402	0.91460862207955
HROV-vOTU00289	Age	Age	0.150941898036162	0.265547149832572	77	8	0.571544365267049	0.91460862207955
HROV-vOTU45963	Smoking_Status	Former_Smoker	-0.570052607760751	1.00082264661467	77	9	0.570757633388042	0.91460862207955
HROV-vOTU40909	Age	Age	0.0861034261152758	0.151852235485955	77	14	0.572488192300178	0.91460862207955
HROV-vOTU04569	diagnosis	RA	-0.307972472725359	0.543276006799959	77	67	0.572583349966145	0.91460862207955
HROV-vOTU44842	Age	Age	0.197977928693801	0.348479053769722	77	29	0.571745871996044	0.91460862207955
HROV-vOTU32825	Smoking_Status	Never_Smoker	0.511261989786431	0.904669855901298	77	68	0.573762350057567	0.91460862207955
HROV-vOTU67718	diagnosis	RA	-0.364276866828215	0.643977584217717	77	57	0.573403571134081	0.91460862207955
HROV-vOTU67283	diagnosis	RA	0.326354701286422	0.571833628532434	77	60	0.569993991934852	0.91460862207955
HROV-vOTU45051	Age	Age	-0.226006139040766	0.398044914450308	77	54	0.571968391347911	0.91460862207955
HROV-vOTU34240	Smoking_Status	Former_Smoker	0.754900092391444	1.33332576152151	77	55	0.573057863516463	0.91460862207955
HROV-vOTU62225	Sex	M	-0.324984195370417	0.570945388029609	77	71	0.571014328876684	0.91460862207955
HROV-vOTU57904	diagnosis	RA	-0.310205592679025	0.544152905137317	77	53	0.570429356978119	0.91460862207955
HROV-vOTU26908	Sex	M	-0.493542417393723	0.87002869848871	77	66	0.572319074648937	0.91460862207955
HROV-vOTU60097	Smoking_Status	Former_Smoker	-0.469535019718284	0.827514323808494	77	26	0.57222943736459	0.91460862207955
HROV-vOTU03897	Smoking_Status	Former_Smoker	0.564278048673341	0.997178692117779	77	13	0.573263218775447	0.91460862207955
HROV-vOTU16750	Smoking_Status	Former_Smoker	1.07842083602489	1.90913465117936	77	46	0.573939848748319	0.91460862207955
HROV-vOTU25750	Age	Age	-0.171416475244668	0.302322284659557	77	63	0.572503051813487	0.91460862207955
HROV-vOTU46996	Smoking_Status	Never_Smoker	0.770371622968879	1.35116873689724	77	43	0.570374441859137	0.91460862207955
HROV-vOTU65967	Sex	M	0.308774824304078	0.544763240436538	77	64	0.57263387921246	0.91460862207955
HROV-vOTU43598	Smoking_Status	Former_Smoker	0.368673601083599	0.649727608101191	77	11	0.572213328343627	0.91460862207955
HROV-vOTU54797	Smoking_Status	Former_Smoker	-0.909741667822425	1.60322868685819	77	23	0.572202831938167	0.91460862207955
HROV-vOTU34922	diagnosis	RA	0.305344109458187	0.538016376144057	77	24	0.57213976968153	0.91460862207955
HROV-vOTU27379	Age	Age	0.178746329756886	0.313875446459842	77	10	0.570826673848098	0.91460862207955
HROV-vOTU00029	Age	Age	0.108376365801833	0.191073868361892	77	14	0.572369920488873	0.91460862207955
HROV-vOTU44787	diagnosis	RA	0.344167595161404	0.609351375284763	77	31	0.573983430955959	0.91460862207955
HROV-vOTU32957	diagnosis	RA	-0.27377953486324	0.480220125827967	77	67	0.570401064172822	0.91460862207955
HROV-vOTU19502	Smoking_Status	Never_Smoker	0.547022747874295	0.96575183580148	77	24	0.572893347181653	0.91460862207955
HROV-vOTU04883	diagnosis	RA	0.439577795749957	0.77603589610869	77	56	0.572880923250408	0.91460862207955
HROV-vOTU66687	Smoking_Status	Former_Smoker	-0.707002559417178	1.24026437081482	77	23	0.570448794710743	0.91460862207955
HROV-vOTU56218	Smoking_Status	Never_Smoker	0.645676166973477	1.13444864071491	77	45	0.571047722947941	0.91460862207955
HROV-vOTU03004	Smoking_Status	Never_Smoker	0.400567128977658	0.705335433145073	77	64	0.571887631230559	0.91460862207955
HROV-vOTU36975	Smoking_Status	Former_Smoker	0.923995534628141	1.63237165928103	77	33	0.573148090930929	0.91460862207955
HROV-vOTU47122	Smoking_Status	Never_Smoker	-0.326946171450705	0.577707831533591	77	70	0.573221072827372	0.91460862207955
HROV-vOTU41251	Smoking_Status	Former_Smoker	-0.621858938665736	1.09734561422512	77	12	0.572709409491708	0.91460862207955
HROV-vOTU52852	Smoking_Status	Former_Smoker	0.713389197549944	1.26171301350647	77	48	0.573575211997434	0.91460862207955
HROV-vOTU74504	Sex	M	-0.139959243108484	0.246911158846376	77	8	0.572610259576364	0.91460862207955
HROV-vOTU26939	diagnosis	RA	0.301865165065486	0.532073020613105	77	14	0.572274193104226	0.91460862207955
HROV-vOTU22902	Age	Age	0.246010593606225	0.43431515219139	77	39	0.572885427279507	0.91460862207955
HROV-vOTU17535	Sex	M	-0.268459391802261	0.473269734939385	77	24	0.572337638995901	0.91460862207955
HROV-vOTU27399	Sex	M	0.568067510230355	1.00416072381827	77	38	0.573371967868656	0.91460862207955
HROV-vOTU27399	Age	Age	0.22027856534699	0.389255157781716	77	38	0.573247626505252	0.91460862207955
HROV-vOTU08849	Sex	M	0.308716203029625	0.545634723443524	77	24	0.573318494142476	0.91460862207955
HROV-vOTU74700	Age	Age	-0.185087252532535	0.327177212671421	77	43	0.573374839485498	0.91460862207955
HROV-vOTU16677	diagnosis	RA	-0.347563642201513	0.611782799816082	77	44	0.571748540218592	0.91460862207955
HROV-vOTU69117	Sex	M	0.21509641510296101	0.380319549853272	77	15	0.573470790927245	0.91460862207955
HROV-vOTU33032	Smoking_Status	Former_Smoker	0.790526392252767	1.38798846961206	77	22	0.570781788985256	0.91460862207955
HROV-vOTU32961	diagnosis	RA	-0.338431497098759	0.595285791180985	77	55	0.571476230808694	0.91460862207955
HROV-vOTU73077	diagnosis	RA	-0.349539307304246	0.615349160768765	77	28	0.571803898059931	0.91460862207955
HROV-vOTU32579	diagnosis	RA	-0.175177750528866	0.308474255987294	77	8	0.571904929081818	0.91460862207955
HROV-vOTU34913	Sex	M	0.30868869691997	0.546535199929978	77	20	0.573983072235219	0.91460862207955
HROV-vOTU53401	Age	Age	-0.170765066982967	0.300647530576427	77	25	0.571833061188513	0.91460862207955
HROV-vOTU65644	Age	Age	-0.154682542062389	0.27111245746294	77	22	0.57010771632454	0.91460862207955
HROV-vOTU07693	Smoking_Status	Never_Smoker	0.535923003929517	0.945330271970525	77	23	0.572559128089213	0.91460862207955
HROV-vOTU46129	Sex	M	0.434147256801528	0.767552679252051	77	33	0.573431732473104	0.91460862207955
HROV-vOTU30159	Age	Age	-0.147788149629614	0.261481190721614	77	40	0.573722058157948	0.91460862207955
HROV-vOTU10758	Age	Age	-0.114762197017535	0.201369457284366	77	18	0.570538624144121	0.91460862207955
HROV-vOTU13532	Sex	M	-0.261351817411124	0.461906611636055	77	14	0.573306229367095	0.91460862207955
HROV-vOTU74213	diagnosis	RA	0.378144546569241	0.665051905057293	77	23	0.571425814928425	0.91460862207955
HROV-vOTU04911	Smoking_Status	Former_Smoker	0.840044708755407	1.4790099900249	77	41	0.571841980784142	0.91460862207955
HROV-vOTU74848	Age	Age	0.211787852425092	0.371607176169667	77	28	0.570528266310622	0.91460862207955
HROV-vOTU60122	diagnosis	RA	0.33041178172559	0.579724162622955	77	24	0.570513067136163	0.91460862207955
HROV-vOTU18266	Smoking_Status	Never_Smoker	0.648501255213467	1.14732579547584	77	31	0.573700133076452	0.91460862207955
HROV-vOTU43438	diagnosis	RA	0.25452350893507403	0.450613485448159	77	27	0.573964481185158	0.91460862207955
HROV-vOTU59791	Sex	M	-0.14337432212643	0.252130260106673	77	9	0.571386828757508	0.91460862207955
HROV-vOTU57817	Sex	M	-0.673892224109441	1.18672094410757	77	37	0.571920986055242	0.91460862207955
HROV-vOTU01040	Sex	M	0.328494726005971	0.577989779874838	77	26	0.571597314674435	0.91460862207955
HROV-vOTU10108	Smoking_Status	Former_Smoker	0.598012986616837	1.05704908184059	77	13	0.573355458933065	0.91460862207955
HROV-vOTU61017	Smoking_Status	Never_Smoker	0.369037574004058	0.65189277457598	77	14	0.573109675062592	0.91460862207955
HROV-vOTU69859	Smoking_Status	Former_Smoker	0.529556953262073	0.933580112925985	77	25	0.57234539254353	0.91460862207955
HROV-vOTU21529	Smoking_Status	Never_Smoker	0.454841335420827	0.805015867120892	77	25	0.573848521228136	0.91460862207955
HROV-vOTU56294	Smoking_Status	Former_Smoker	-0.691552328475885	1.21412285352128	77	33	0.570753561588071	0.91460862207955
HROV-vOTU29703	diagnosis	RA	-0.176813247459095	0.311219867580989	77	16	0.571739343893899	0.91460862207955
HROV-vOTU56502	Sex	M	-0.351092401103812	0.616367337244485	77	12	0.57073639408569	0.91460862207955
HROV-vOTU19538	Smoking_Status	Never_Smoker	0.37100704451789	0.650169658474421	77	14	0.570051341358969	0.91460862207955
HROV-vOTU24645	Smoking_Status	Former_Smoker	0.297779154700152	0.526842770037206	77	8	0.573709636216333	0.91460862207955
HROV-vOTU69730	Age	Age	-0.089712118813938	0.157775103172795	77	10	0.571416674234764	0.91460862207955
HROV-vOTU13246	diagnosis	RA	0.342899710758322	0.602633384144086	77	17	0.571150299632142	0.91460862207955
HROV-vOTU35852	Age	Age	-0.070508572576005707	0.123930478045921	77	8	0.571194632657919	0.91460862207955
HROV-vOTU04632	Smoking_Status	Never_Smoker	0.36352884744816	0.638405265038738	77	16	0.570859738681896	0.91460862207955
HROV-vOTU18348	Smoking_Status	Former_Smoker	0.300826829833952	0.531967058648743	77	10	0.57351719794195	0.91460862207955
HROV-vOTU23130	diagnosis	RA	0.0925184006430036	0.162969593400871	77	8	0.572027218684802	0.91460862207955
HROV-vOTU04898	Smoking_Status	Former_Smoker	-0.419823541183541	0.741730526054775	77	9	0.573174695552905	0.91460862207955
HROV-vOTU70645	Smoking_Status	Former_Smoker	0.383849541402001	0.675802107050964	77	14	0.571832979228054	0.91460862207955
HROV-vOTU44289	Smoking_Status	Former_Smoker	0.548204389393319	0.960308786377361	77	11	0.569895249280643	0.91460862207955
HROV-vOTU04672	Smoking_Status	Former_Smoker	0.281567751155957	0.495976795330725	77	9	0.572027201464656	0.91460862207955
HROV-vOTU37360	Age	Age	-0.164837770431261	0.288927045438369	77	18	0.570128350952004	0.91460862207955
HROV-vOTU29655	Age	Age	-0.151982104045274	0.267389241462724	77	9	0.571561720089599	0.91460862207955
HROV-vOTU64477	Smoking_Status	Never_Smoker	0.269189782869414	0.476396028101333	77	8	0.573817755947415	0.91460862207955
HROV-vOTU00388	Sex	M	0.212249805839052	0.375838135899318	77	10	0.574032462132661	0.914623467753921
HROV-vOTU24198	diagnosis	RA	0.329227580270689	0.583220569785694	77	46	0.574193518166481	0.91465421871977
HROV-vOTU10903	diagnosis	RA	0.309621620067998	0.54851353757166	77	52	0.57421062502173	0.91465421871977
HROV-vOTU25224	Smoking_Status	Former_Smoker	-0.673782791880203	1.19337173288543	77	13	0.57412245112898	0.91465421871977
HROV-vOTU03509	Age	Age	0.0758140232008842	0.134304717918894	77	8	0.5741980061531	0.91465421871977
HROV-vOTU29297	Age	Age	0.0973151831893848	0.172451550122078	77	11	0.574325330267911	0.914773660423956
HROV-vOTU37008	Age	Age	0.227118341490666	0.402557330516633	77	29	0.574403618664464	0.914821089268543
HROV-vOTU01833	Smoking_Status	Never_Smoker	0.166582764318216	0.295284588075073	77	76	0.574434553708745	0.914821089268543
HROV-vOTU45294	Smoking_Status	Former_Smoker	0.662299257476428	1.17631682358738	77	36	0.575189569179262	0.914865891916636
HROV-vOTU21695	Age	Age	0.120480555772517	0.213760740629792	77	76	0.574786361160122	0.914865891916636
HROV-vOTU26109	Smoking_Status	Never_Smoker	-0.445011527550812	0.790053502479773	77	72	0.575027288110916	0.914865891916636
HROV-vOTU28448	Smoking_Status	Former_Smoker	0.829882501989648	1.47316263536216	77	70	0.574982358658704	0.914865891916636
HROV-vOTU42672	Sex	M	-0.579718173212444	1.02818320448285	77	24	0.574648049959011	0.914865891916636
HROV-vOTU34854	Smoking_Status	Never_Smoker	0.656602426627927	1.16607432451064	77	46	0.575148923288243	0.914865891916636
HROV-vOTU52452	Smoking_Status	Never_Smoker	0.931761527647842	1.65473071896087	77	58	0.575147874370272	0.914865891916636
HROV-vOTU29421	diagnosis	RA	0.30983966452631	0.550024660452482	77	56	0.574992073457611	0.914865891916636
HROV-vOTU20020	diagnosis	RA	0.232218571135541	0.412374475683291	77	69	0.575123527076935	0.914865891916636
HROV-vOTU16799	Sex	M	0.52980324892503	0.939997873233782	77	43	0.574787477506482	0.914865891916636
HROV-vOTU11096	Smoking_Status	Former_Smoker	-0.721093860985026	1.2809268300305	77	20	0.575244428983495	0.914865891916636
HROV-vOTU07559	Sex	M	0.615558319166316	1.09289586033173	77	39	0.575048659880068	0.914865891916636
HROV-vOTU02735	diagnosis	RA	0.248599509514895	0.441618564580334	77	43	0.575257185447017	0.914865891916636
HROV-vOTU22906	Age	Age	0.152538384809547	0.270745020590551	77	36	0.57493602133624	0.914865891916636
HROV-vOTU40962	Smoking_Status	Former_Smoker	1.29309520175231	2.29501584402649	77	32	0.574913053066637	0.914865891916636
HROV-vOTU58813	Smoking_Status	Never_Smoker	0.388592582653607	0.689663229468948	77	20	0.574901964111438	0.914865891916636
HROV-vOTU62481	diagnosis	RA	0.15712668018333	0.27895041986235	77	9	0.575020123985134	0.914865891916636
HROV-vOTU66731	Sex	M	0.283276869891066	0.503192092549425	77	8	0.575235797544431	0.914865891916636
HROV-vOTU11859	Smoking_Status	Never_Smoker	0.395243372530622	0.701779572455103	77	13	0.57507197706791	0.914865891916636
HROV-vOTU23130	Age	Age	-0.0469484462066476	0.0833788837866574	77	8	0.575158673383269	0.914865891916636
HROV-vOTU40626	Age	Age	0.187030466451776	0.332697659121801	77	52	0.575775210921449	0.915000363133201
HROV-vOTU17996	Smoking_Status	Never_Smoker	0.446899409268855	0.794335787207764	77	73	0.575474247690395	0.915000363133201
HROV-vOTU24582	Sex	M	0.63823999261003606	1.13481791203676	77	61	0.575603955904987	0.915000363133201
HROV-vOTU08443	Smoking_Status	Never_Smoker	0.489181331095083	0.869914096671962	77	17	0.575660390997348	0.915000363133201
HROV-vOTU01832	Smoking_Status	Former_Smoker	-0.485504373991336	0.863409661368528	77	9	0.575675535456582	0.915000363133201
HROV-vOTU09408	diagnosis	RA	0.246771759436258	0.439003347216649	77	73	0.57580589641561	0.915000363133201
HROV-vOTU62066	Smoking_Status	Former_Smoker	-1.0945958562425	1.94629757025645	77	49	0.575615600819399	0.915000363133201
HROV-vOTU09477	diagnosis	RA	-0.198911665538354	0.353787104606587	77	9	0.575726403905557	0.915000363133201
HROV-vOTU23521	diagnosis	RA	0.278248198311916	0.494960498249089	77	23	0.575775904806634	0.915000363133201
HROV-vOTU72472	Smoking_Status	Former_Smoker	0.249175579853343	0.443004765818983	77	8	0.575569520157488	0.915000363133201
HROV-vOTU37929	diagnosis	RA	0.133431971236436	0.237381383591259	77	9	0.575818509026899	0.915000363133201
HROV-vOTU69621	Smoking_Status	Never_Smoker	-0.355766614712215	0.632541641650641	77	8	0.575587954037151	0.915000363133201
HROV-vOTU29117	diagnosis	RA	-0.339662693583683	0.604558178763893	77	16	0.575996955195573	0.915220772606185
HROV-vOTU59597	Smoking_Status	Former_Smoker	0.833427251308915	1.48368893709866	77	23	0.576071395854441	0.915275905245104
HROV-vOTU63077	diagnosis	RA	-0.396129720353168	0.705311790746859	77	28	0.576131490918755	0.915281062291492
HROV-vOTU16037	diagnosis	RA	0.279626362543458	0.497906338924442	77	32	0.576154127661301	0.915281062291492
HROV-vOTU04832	Sex	M	-0.359186609387694	0.640472734182197	77	73	0.576689390452134	0.9153152821691
HROV-vOTU02986	Smoking_Status	Former_Smoker	-0.926798406112367	1.65306910285395	77	57	0.576799033154017	0.9153152821691
HROV-vOTU51043	Smoking_Status	Never_Smoker	-0.312930205670683	0.558083653530757	77	77	0.576751829531107	0.9153152821691
HROV-vOTU04129	Smoking_Status	Former_Smoker	0.697187476521514	1.24206334574774	77	74	0.576350980625116	0.9153152821691
HROV-vOTU49348	diagnosis	RA	-0.30153018943651	0.537107264410801	77	66	0.576294951132267	0.9153152821691
HROV-vOTU41492	diagnosis	RA	-0.363467247777854	0.647503413137726	77	63	0.576335744378068	0.9153152821691
HROV-vOTU59708	Age	Age	-0.146197675787187	0.260771743202279	77	27	0.576811580118113	0.9153152821691
HROV-vOTU62616	Smoking_Status	Former_Smoker	0.690649945101208	1.2314727754037	77	64	0.576677415718652	0.9153152821691
HROV-vOTU21814	Smoking_Status	Former_Smoker	0.684383973419557	1.22053366824001	77	59	0.576750180366411	0.9153152821691
HROV-vOTU27047	Smoking_Status	Never_Smoker	0.69063210420311	1.23136602604749	77	48	0.576654271355707	0.9153152821691
HROV-vOTU65619	Smoking_Status	Never_Smoker	-0.757703267783322	1.35079984099143	77	55	0.576611741197774	0.9153152821691
HROV-vOTU30174	Smoking_Status	Former_Smoker	0.555273465943628	0.988998338180577	77	32	0.576258509507663	0.9153152821691
HROV-vOTU47902	diagnosis	RA	-0.267273868956078	0.476483416917407	77	33	0.576611259064473	0.9153152821691
HROV-vOTU72761	diagnosis	RA	-0.332316983620608	0.592143125445861	77	38	0.576421060402442	0.9153152821691
HROV-vOTU03127	Smoking_Status	Former_Smoker	0.449592346646055	0.801603077389121	77	17	0.576654325518958	0.9153152821691
HROV-vOTU48814	diagnosis	RA	-0.358053462120479	0.638023801240707	77	22	0.576434068805328	0.9153152821691
HROV-vOTU14097	Smoking_Status	Never_Smoker	0.569557087853185	1.01605181923208	77	53	0.576862824132901	0.915333528991367
HROV-vOTU51628	Age	Age	-0.201912358984653	0.360294669472095	77	39	0.576964656218152	0.915432038078129
HROV-vOTU42580	Age	Age	-0.0950058187630288	0.169558088000479	77	8	0.577028870160913	0.915470851460858
HROV-vOTU47842	Sex	M	0.205750876334562	0.367283614778911	77	11	0.577108987542755	0.915526735092995
HROV-vOTU74372	diagnosis	RA	0.180275347099419	0.321836843569249	77	12	0.57714360139297	0.915526735092995
HROV-vOTU05939	Sex	M	0.406427265277463	0.725813030588669	77	30	0.577268274194849	0.915661433618525
HROV-vOTU51845	Age	Age	-0.0565411296702785	0.100986884898481	77	8	0.577319505544433	0.915679628973022
HROV-vOTU31601	Smoking_Status	Former_Smoker	-0.554067698177705	0.989843051603897	77	19	0.577409601235524	0.91575945984809
HROV-vOTU16599	Smoking_Status	Never_Smoker	-0.256490367359363	0.458381648412165	77	8	0.577543088370518	0.91584502686587
HROV-vOTU65595	Smoking_Status	Never_Smoker	0.340908318462106	0.609190721140082	77	11	0.577507693327895	0.91584502686587
HROV-vOTU16108	diagnosis	RA	0.298717465382238	0.534047668725642	77	13	0.577685800273582	0.916008260830391
HROV-vOTU02401	diagnosis	RA	-0.123656091668012	0.221189118733986	77	77	0.577885789414708	0.916073081650656
HROV-vOTU49421	Smoking_Status	Former_Smoker	1.26072446495112	2.25481569939368	77	52	0.577835655191871	0.916073081650656
HROV-vOTU24122	Sex	M	0.367782962026598	0.657829294904016	77	27	0.577862512292732	0.916073081650656
HROV-vOTU29773	Smoking_Status	Never_Smoker	0.385817098023847	0.690062856974863	77	26	0.577849909904954	0.916073081650656
HROV-vOTU19194	Sex	M	-0.316926054456085	0.568620062821518	77	73	0.579034496725872	0.916641789429749
HROV-vOTU05956	diagnosis	RA	-0.314697507106682	0.564112363256845	77	72	0.578692646212438	0.916641789429749
HROV-vOTU24280	Sex	M	-0.291795964174329	0.523334545934955	77	12	0.578891376463114	0.916641789429749
HROV-vOTU12112	Smoking_Status	Former_Smoker	-0.603108668984693	1.08085656212047	77	71	0.578605542404435	0.916641789429749
HROV-vOTU02349	Age	Age	0.180067691366953	0.322816062660103	77	45	0.578733674167921	0.916641789429749
HROV-vOTU20504	Smoking_Status	Former_Smoker	-0.454011405726832	0.813583919112516	77	74	0.578573340504428	0.916641789429749
HROV-vOTU69314	diagnosis	RA	-0.244713841275989	0.438716675651329	77	60	0.57873914305498	0.916641789429749
HROV-vOTU03607	diagnosis	RA	0.402019456047309	0.720706925051818	77	47	0.578726942147055	0.916641789429749
HROV-vOTU62508	Age	Age	-0.101415876488533	0.181774267624474	77	17	0.578652630996506	0.916641789429749
HROV-vOTU17656	diagnosis	RA	0.1858764640932	0.332882335791819	77	10	0.578338319438699	0.916641789429749
HROV-vOTU60030	Smoking_Status	Former_Smoker	0.497228885341272	0.891611313698698	77	11	0.578820808604268	0.916641789429749
HROV-vOTU74409	diagnosis	RA	0.177872171192299	0.319138520616437	77	10	0.579040588476943	0.916641789429749
HROV-vOTU52390	Sex	M	-0.436605839515139	0.78327654079312	77	29	0.579000789046703	0.916641789429749
HROV-vOTU53418	diagnosis	RA	0.241666578181298	0.433426817655622	77	27	0.578890559399153	0.916641789429749
HROV-vOTU03367	Age	Age	-0.100588246106976	0.18012149736925	77	10	0.578296379761965	0.916641789429749
HROV-vOTU01713	Smoking_Status	Former_Smoker	0.339134972698268	0.608407490885451	77	9	0.5789976454275	0.916641789429749
HROV-vOTU15109	Smoking_Status	Former_Smoker	0.327006539008205	0.586268832535751	77	8	0.578752021413434	0.916641789429749
HROV-vOTU23237	Sex	M	0.187029606116577	0.335427469947334	77	10	0.578881035604871	0.916641789429749
HROV-vOTU56103	Smoking_Status	Never_Smoker	0.237534790861923	0.426141405960594	77	9	0.579001597136952	0.916641789429749
HROV-vOTU17706	Smoking_Status	Never_Smoker	-0.368904830907735	0.660863928380795	77	14	0.578452992429926	0.916641789429749
HROV-vOTU46527	Age	Age	-0.104812873709025	0.188090710660437	77	11	0.579111647178286	0.91669126637679
HROV-vOTU21529	Age	Age	-0.134333233922226	0.241117589952152	77	25	0.579192466629987	0.916756186012962
HROV-vOTU32491	Smoking_Status	Never_Smoker	-0.702034964895946	1.26040124183859	77	54	0.579283690164687	0.916775071033164
HROV-vOTU19045	Sex	M	-0.608509688957039	1.09286670722299	77	21	0.579414079687798	0.916775071033164
HROV-vOTU00709	Smoking_Status	Former_Smoker	0.56935903268223	1.02263201454176	77	18	0.579443245069854	0.916775071033164
HROV-vOTU61239	diagnosis	RA	0.166836070513502	0.29960006956304	77	10	0.579372477929683	0.916775071033164
HROV-vOTU52334	Age	Age	-0.230552841648186	0.413960328633087	77	23	0.579316952190108	0.916775071033164
HROV-vOTU10496	Smoking_Status	Former_Smoker	-0.554877560975163	0.996435972236616	77	12	0.579372719837388	0.916775071033164
HROV-vOTU64261	Sex	M	0.439131526411253	0.788834357744369	77	46	0.579493806933536	0.916792084473403
HROV-vOTU49285	Age	Age	0.256036115001726	0.460081692872434	77	43	0.579617966205398	0.916925522854123
HROV-vOTU15477	Smoking_Status	Former_Smoker	-0.393763682221555	0.707820624922302	77	76	0.579751945609413	0.917074476776205
HROV-vOTU37684	Sex	M	-0.453029847944684	0.814913861820934	77	65	0.580010814704236	0.917183325895099
HROV-vOTU00489	Age	Age	0.0598059508823491	0.107574971622176	77	74	0.579995104581518	0.917183325895099
HROV-vOTU08294	diagnosis	RA	0.503101744483527	0.904797558949847	77	65	0.579933086846612	0.917183325895099
HROV-vOTU18043	Smoking_Status	Former_Smoker	0.512531368429421	0.921959552899841	77	34	0.580016497907461	0.917183325895099
HROV-vOTU44129	diagnosis	RA	0.509307131205546	0.916254047704571	77	32	0.580055431505031	0.917183325895099
HROV-vOTU09121	Sex	M	0.213878532039733	0.384776252517835	77	14	0.580059710884156	0.917183325895099
HROV-vOTU09258	Smoking_Status	Former_Smoker	0.655643676883092	1.18023748699176	77	59	0.580286357924163	0.917302065658787
HROV-vOTU27190	Age	Age	-0.0964057963385442	0.173517845433635	77	21	0.58023369680358206	0.917302065658787
HROV-vOTU12428	Age	Age	-0.105906214922965	0.190640439973528	77	10	0.580279447894472	0.917302065658787
HROV-vOTU71692	Age	Age	0.139236511054715	0.250672559282867	77	20	0.580331713406141	0.917302065658787
HROV-vOTU28815	diagnosis	RA	-0.195260195279297	0.351536127655051	77	10	0.58033395990658	0.917302065658787
HROV-vOTU01037	Smoking_Status	Never_Smoker	0.332236588174527	0.598240293925618	77	9	0.580396553833692	0.917338043702555
HROV-vOTU25898	Age	Age	0.193092057711664	0.347785025768634	77	20	0.5804994138669	0.917437654498676
HROV-vOTU37302	Sex	M	-0.412775589924274	0.743584165724907	77	41	0.580559989050759	0.917470428040828
HROV-vOTU65887	Sex	M	0.678547612975214	1.22271208872793	77	34	0.580671066486837	0.917572533583887
HROV-vOTU18238	Smoking_Status	Never_Smoker	0.297803436827302	0.5366755307599	77	9	0.580704284714944	0.917572533583887
HROV-vOTU21547	Smoking_Status	Former_Smoker	-0.745485685057038	1.34359686785156	77	45	0.580745650559487	0.917574940476467
HROV-vOTU58889	diagnosis	RA	-0.242820183500821	0.438105658948902	77	74	0.581149194074839	0.917659720378834
HROV-vOTU00352	Sex	M	0.469018901775269	0.846397893467047	77	65	0.58122749371514	0.917659720378834
HROV-vOTU17409	Age	Age	0.0705927402554503	0.127275215485507	77	9	0.580879610851687	0.917659720378834
HROV-vOTU28797	Sex	M	-0.209573208872801	0.37812254616785	77	10	0.581151565901034	0.917659720378834
HROV-vOTU37579	Smoking_Status	Former_Smoker	0.487960809544054	0.879863545856539	77	36	0.580920090752733	0.917659720378834
HROV-vOTU32954	Sex	M	-0.234024225236664	0.42197252235102	77	10	0.580913985465659	0.917659720378834
HROV-vOTU36004	diagnosis	RA	-0.295291041351695	0.532932029572229	77	26	0.581259907528307	0.917659720378834
HROV-vOTU54421	Smoking_Status	Never_Smoker	0.470661266636526	0.849529721735581	77	23	0.581302084312605	0.917659720378834
HROV-vOTU51039	Sex	M	0.535037059287743	0.965123730491772	77	42	0.581066711674072	0.917659720378834
HROV-vOTU09633	Smoking_Status	Former_Smoker	0.505331565236178	0.911774669571173	77	18	0.581163974157172	0.917659720378834
HROV-vOTU02709	Age	Age	-0.109067584843219	0.196871726106095	77	15	0.58131731049096	0.917659720378834
HROV-vOTU71497	Smoking_Status	Never_Smoker	-0.527953393406747	0.952895785850895	77	15	0.581284457728864	0.917659720378834
HROV-vOTU74890	Smoking_Status	Never_Smoker	0.277617081290725	0.501015787536657	77	10	0.58124573089365	0.917659720378834
HROV-vOTU36922	diagnosis	RA	-0.326793969898613	0.590440823472479	77	69	0.581677291831516	0.917811084224209
HROV-vOTU30121	Smoking_Status	Never_Smoker	-0.561371650511547	1.01370542843785	77	63	0.581468073807061	0.917811084224209
HROV-vOTU02903	diagnosis	RA	-0.370269243959862	0.669087706963894	77	45	0.581732018950099	0.917811084224209
HROV-vOTU07046	diagnosis	RA	0.146792489034425	0.265232784306519	77	17	0.581695538296037	0.917811084224209
HROV-vOTU12384	Sex	M	0.283750704428825	0.512532426783558	77	54	0.581574932038874	0.917811084224209
HROV-vOTU74846	Age	Age	0.114113444107922	0.206202719965211	77	26	0.581725220510305	0.917811084224209
HROV-vOTU63283	Smoking_Status	Former_Smoker	-0.753463263269016	1.36142024932112	77	27	0.581701398934565	0.917811084224209
HROV-vOTU04255	Smoking_Status	Former_Smoker	-0.522525532855573	0.943670017146203	77	10	0.581512645074959	0.917811084224209
HROV-vOTU14210	Smoking_Status	Never_Smoker	-0.507737408383822	0.91789976448189	77	12	0.581897451177039	0.917883445247069
HROV-vOTU01502	Sex	M	0.543470707438832	0.982418940101434	77	52	0.581866646943003	0.917883445247069
HROV-vOTU02995	diagnosis	RA	-0.306090315385331	0.553314389091744	77	22	0.581868199547595	0.917883445247069
HROV-vOTU11617	Smoking_Status	Former_Smoker	0.785327691783988	1.41998078721118	77	67	0.581962904180311	0.917923819140645
HROV-vOTU60207	Age	Age	0.197719909045382	0.357553933301531	77	58	0.582014595742114	0.917942483217428
HROV-vOTU43151	diagnosis	RA	0.440328005118956	0.796459782381484	77	37	0.582098179350615	0.918011440830285
HROV-vOTU28790	Smoking_Status	Former_Smoker	-0.33266065668027	0.601868828610044	77	10	0.582196040122729	0.918040041357512
HROV-vOTU11477	Sex	M	0.288437726358995	0.521804560676902	77	8	0.582157369000939	0.918040041357512
HROV-vOTU10518	Smoking_Status	Never_Smoker	0.400279059748557	0.724480913052644	77	19	0.58233791395974	0.918182811525059
HROV-vOTU57988	Smoking_Status	Former_Smoker	0.697080541220787	1.26188294172092	77	63	0.582400343573804	0.918182811525059
HROV-vOTU72000	Smoking_Status	Never_Smoker	-0.236177805587905	0.427590397263405	77	12	0.582446057037324	0.918182811525059
HROV-vOTU73302	Age	Age	0.184609583812452	0.334210171587133	77	34	0.58242574435516	0.918182811525059
HROV-vOTU68750	Smoking_Status	Former_Smoker	0.517564055703284	0.937595820842445	77	72	0.582673651301576	0.918227329237395
HROV-vOTU50793	Age	Age	-0.184274612567982	0.33373355528194	77	45	0.582572134239616	0.918227329237395
HROV-vOTU73110	Smoking_Status	Never_Smoker	0.416547889852366	0.754527049043447	77	66	0.582637546157007	0.918227329237395
HROV-vOTU11072	diagnosis	RA	-0.386720782876113	0.700538416687578	77	41	0.582658829310005	0.918227329237395
HROV-vOTU17130	Smoking_Status	Former_Smoker	0.826108362467516	1.49632335987411	77	37	0.582618975793226	0.918227329237395
HROV-vOTU04455	Sex	M	0.331531404827605	0.60085303743951	77	66	0.582839963580836	0.918245086122429
HROV-vOTU14813	Smoking_Status	Never_Smoker	0.843987015987389	1.52995294668406	77	47	0.582925443600539	0.918245086122429
HROV-vOTU15132	diagnosis	RA	-0.420854098989659	0.762989267478096	77	56	0.582964021024578	0.918245086122429
HROV-vOTU53418	Smoking_Status	Former_Smoker	0.576710716794939	1.04513230797283	77	27	0.582813694239317	0.918245086122429
HROV-vOTU07118	Smoking_Status	Former_Smoker	-0.932985233895009	1.6911107316479	77	23	0.582886452030013	0.918245086122429
HROV-vOTU24292	Sex	M	0.339965873038552	0.616188729690467	77	12	0.582870132228341	0.918245086122429
HROV-vOTU04053	Age	Age	-0.0512221196125186	0.0928225335165012	77	8	0.582798643884232	0.918245086122429
HROV-vOTU24576	Age	Age	0.132720824803448	0.240749859815976	77	41	0.583171847544171	0.918373985355408
HROV-vOTU34588	diagnosis	RA	-0.345819058318172	0.6272361832755	77	56	0.583133083515907	0.918373985355408
HROV-vOTU04086	Age	Age	0.0843283438589002	0.152957018430686	77	13	0.583144904403366	0.918373985355408
HROV-vOTU72521	diagnosis	RA	0.378753045853876	0.687102985387627	77	18	0.583205364126046	0.918373985355408
HROV-vOTU44189	Smoking_Status	Former_Smoker	0.790797857585065	1.43500154872128	77	55	0.5833102209964	0.91841350854906
HROV-vOTU12076	Smoking_Status	Never_Smoker	-0.320304027350556	0.581184924266407	77	8	0.583279986535592	0.91841350854906
HROV-vOTU06176	Smoking_Status	Former_Smoker	1.18721247245027	2.15634809831481	77	53	0.583659239805807	0.918731474549081
HROV-vOTU30449	Sex	M	0.244697706432136	0.444377302666514	77	8	0.583600052993973	0.918731474549081
HROV-vOTU06214	Smoking_Status	Former_Smoker	-0.508011129206738	0.922665635367673	77	10	0.583642551687108	0.918731474549081
HROV-vOTU49692	Smoking_Status	Former_Smoker	-0.868362269836335	1.57726920421711	77	27	0.583671741386349	0.918731474549081
HROV-vOTU07552	Age	Age	-0.227262752012646	0.413082963103329	77	62	0.583934642089574	0.918831293203259
HROV-vOTU61744	diagnosis	RA	-0.23981955522709	0.435843266769348	77	24	0.583879958479323	0.918831293203259
HROV-vOTU32214	Age	Age	-0.193547494922859	0.351671914934819	77	44	0.583797313504923	0.918831293203259
HROV-vOTU74826	Sex	M	-0.190256404899251	0.345797998747463	77	14	0.583912317353578	0.918831293203259
HROV-vOTU74625	Smoking_Status	Former_Smoker	-0.624626430486411	1.13525542866483	77	15	0.58390371029086	0.918831293203259
HROV-vOTU63277	Smoking_Status	Never_Smoker	0.399231347654468	0.726708463819722	77	72	0.584475836983419	0.919082670474025
HROV-vOTU06486	Smoking_Status	Never_Smoker	-0.376456566080495	0.685332779224986	77	72	0.584519902934094	0.919082670474025
HROV-vOTU24797	Smoking_Status	Former_Smoker	0.774319762004384	1.40997232503029	77	70	0.584609342930333	0.919082670474025
HROV-vOTU51319	Sex	M	0.391782953951179	0.713292076313236	77	28	0.584550318881509	0.919082670474025
HROV-vOTU28745	Smoking_Status	Never_Smoker	0.525981085630249	0.958083967071557	77	64	0.584732926087078	0.919082670474025
HROV-vOTU43151	Age	Age	-0.223995787916262	0.407486612994012	77	37	0.584249521873029	0.919082670474025
HROV-vOTU57134	diagnosis	RA	0.184618777171642	0.336190372771709	77	20	0.584625877750956	0.919082670474025
HROV-vOTU49471	Sex	M	0.325600486759237	0.593008064841306	77	71	0.584682968943683	0.919082670474025
HROV-vOTU62755	Age	Age	-0.0718435201409853	0.130812720466946	77	9	0.584585286853671	0.919082670474025
HROV-vOTU53025	diagnosis	RA	-0.206179159539693	0.375009701651053	77	12	0.584184089156194	0.919082670474025
HROV-vOTU06580	Age	Age	0.109181835718001	0.198634005530181	77	15	0.584275185279182	0.919082670474025
HROV-vOTU22759	Sex	M	-0.303532385144966	0.552608757398961	77	13	0.584542433674568	0.919082670474025
HROV-vOTU60005	diagnosis	RA	-0.310688629544745	0.565679339066241	77	17	0.584570253425164	0.919082670474025
HROV-vOTU08922	Age	Age	-0.0791018610379268	0.143895549257526	77	12	0.584238437384362	0.919082670474025
HROV-vOTU28569	Smoking_Status	Former_Smoker	-0.368462346112548	0.670546416359814	77	11	0.584389626775708	0.919082670474025
HROV-vOTU07652	Smoking_Status	Former_Smoker	0.475225425409894	0.865623006378657	77	9	0.584729195665834	0.919082670474025
HROV-vOTU75179	Smoking_Status	Never_Smoker	0.596276463030477	1.08630910005091	77	30	0.584795315593118	0.91911800437518
HROV-vOTU25214	Age	Age	0.076844710225295	0.140167136233153	77	76	0.585249369101489	0.91913516014683
HROV-vOTU00253	Smoking_Status	Former_Smoker	0.697127332583875	1.2708254414965	77	67	0.5850265325469	0.91913516014683
HROV-vOTU53328	Smoking_Status	Never_Smoker	0.981712864589277	1.79092716005167	77	24	0.585302141025549	0.91913516014683
HROV-vOTU09249	Smoking_Status	Former_Smoker	0.769812301970676	1.40472162104848	77	21	0.585398658212088	0.91913516014683
HROV-vOTU60669	diagnosis	RA	-0.284260749930571	0.518771195657783	77	56	0.585444796534687	0.91913516014683
HROV-vOTU09858	diagnosis	RA	0.340234540783822	0.620019190901091	77	58	0.584899687938769	0.91913516014683
HROV-vOTU24417	Age	Age	-0.188374843522118	0.34371812131071	77	67	0.585376340213952	0.91913516014683
HROV-vOTU17856	Age	Age	0.161238742915459	0.293831297985305	77	26	0.584901343624551	0.91913516014683
HROV-vOTU34201	Sex	M	0.296619182247679	0.540876128866676	77	67	0.585134146696738	0.91913516014683
HROV-vOTU73786	Smoking_Status	Never_Smoker	0.289848726078146	0.528474515342492	77	17	0.585094542928065	0.91913516014683
HROV-vOTU71313	Smoking_Status	Former_Smoker	-0.706163360747411	1.28720772682604	77	19	0.585000372058813	0.91913516014683
HROV-vOTU64068	diagnosis	RA	0.278674673971172	0.508195091553779	77	31	0.585163793172171	0.91913516014683
HROV-vOTU30360	Sex	M	0.371181526257298	0.677347794792241	77	23	0.585415850029299	0.91913516014683
HROV-vOTU17675	Smoking_Status	Never_Smoker	0.729211619609291	1.33005783221401	77	22	0.585236197673571	0.91913516014683
HROV-vOTU26729	Age	Age	0.0881500452532015	0.16086867070984	77	9	0.585436158783184	0.91913516014683
HROV-vOTU26162	Age	Age	-0.223469216233207	0.407653993062651	77	29	0.585285378604784	0.91913516014683
HROV-vOTU53580	Smoking_Status	Former_Smoker	0.692154808906129	1.26343399623362	77	37	0.585522661320522	0.919194743709041
HROV-vOTU21834	Smoking_Status	Former_Smoker	1.27878311002519	2.33450741647081	77	61	0.585564921887978	0.919198428946911
HROV-vOTU42746	diagnosis	RA	0.382337620165287	0.698114583455884	77	37	0.585634973211007	0.919245735622239
HROV-vOTU13353	Sex	M	0.199681564199038	0.364684728302112	77	8	0.585721051537849	0.919318191025466
HROV-vOTU29117	Age	Age	-0.169310120754447	0.309305466605886	77	16	0.585828766016925	0.919424593251314
HROV-vOTU02021	Sex	M	-0.350707247295208	0.640952332965353	77	73	0.585980579197061	0.919488532704636
HROV-vOTU33222	diagnosis	RA	0.381779947003298	0.697757022114586	77	45	0.585989283304644	0.919488532704636
HROV-vOTU69966	Smoking_Status	Former_Smoker	0.985738488291099	1.80125845093866	77	43	0.585923175403965	0.919488532704636
HROV-vOTU08696	diagnosis	RA	-0.396378395153915	0.72458449607747	77	70	0.586065001944273	0.9195066532842
HROV-vOTU32755	Sex	M	-0.353995620173224	0.648138308243759	77	73	0.586659242073401	0.9195066532842
HROV-vOTU14834	Smoking_Status	Never_Smoker	-0.230392317984158	0.421903284373047	77	76	0.586723818611028	0.9195066532842
HROV-vOTU43692	Smoking_Status	Former_Smoker	-0.903290961780003	1.65312331310674	77	71	0.586493945366277	0.9195066532842
HROV-vOTU58420	Sex	M	-0.366183789429639	0.670215235996462	77	41	0.586526280060129	0.9195066532842
HROV-vOTU43771	Sex	M	0.416704400397827	0.762374286277054	77	71	0.586375728855162	0.9195066532842
HROV-vOTU23255	diagnosis	RA	-0.403385363096547	0.73857491665993	77	55	0.58666321092777	0.9195066532842
HROV-vOTU25462	diagnosis	RA	-0.279717274823465	0.512268600899168	77	59	0.586752649618947	0.9195066532842
HROV-vOTU34787	Sex	M	-0.383953679984826	0.702540964838829	77	68	0.586421033425883	0.9195066532842
HROV-vOTU35149	diagnosis	RA	0.259791877443632	0.475165678321622	77	14	0.586271919960032	0.9195066532842
HROV-vOTU73274	Smoking_Status	Former_Smoker	-0.563559668934511	1.03084468408122	77	21	0.586301032330475	0.9195066532842
HROV-vOTU63816	Sex	M	-0.699814882692558	1.28062453683926	77	31	0.586460451544055	0.9195066532842
HROV-vOTU61017	Sex	M	-0.275310051159918	0.503697129364677	77	14	0.586381970512501	0.9195066532842
HROV-vOTU70085	diagnosis	RA	-0.273591759504282	0.501059560897063	77	17	0.586759434505628	0.9195066532842
HROV-vOTU32710	Sex	M	0.257876133365056	0.471612564327043	77	10	0.586232959430379	0.9195066532842
HROV-vOTU56612	diagnosis	RA	-0.242045367122093	0.442828458049974	77	15	0.586374520291205	0.9195066532842
HROV-vOTU17055	Sex	M	0.305030512376517	0.558554422462076	77	14	0.586704301501673	0.9195066532842
HROV-vOTU49990	Age	Age	0.0816668042033458	0.149319773538015	77	8	0.586144789004895	0.9195066532842
HROV-vOTU72586	Sex	M	-0.346943367431146	0.634996262961443	77	11	0.586524042422347	0.9195066532842
HROV-vOTU67968	Sex	M	0.350799695012353	0.642668974457958	77	19	0.586881307930678	0.919587384513873
HROV-vOTU67522	Age	Age	0.188790756011252	0.34587558763337	77	30	0.586890811011068	0.919587384513873
HROV-vOTU68963	Smoking_Status	Former_Smoker	-0.974705989418626	1.78620765356768	77	57	0.586993183994241	0.919622654924312
HROV-vOTU11151	Sex	M	0.254577803340428	0.466491327207576	77	11	0.586962874628769	0.919622654924312
HROV-vOTU10686	diagnosis	RA	-0.320593894470765	0.587830957129132	77	70	0.587198422374295	0.919765419966731
HROV-vOTU02992	Sex	M	-0.452967168790329	0.830545302910546	77	67	0.587197902352287	0.919765419966731
HROV-vOTU41648	diagnosis	RA	-0.368428793994562	0.675549860516659	77	21	0.587204123741678	0.919765419966731
HROV-vOTU06071	Smoking_Status	Never_Smoker	-0.225505177932375	0.413531366014463	77	8	0.587245431535972	0.919767565851022
HROV-vOTU28118	diagnosis	RA	0.167909812948186	0.308056902657447	77	8	0.58741969334336	0.91997793523955
HROV-vOTU74217	Age	Age	0.0706077121905873	0.129563022364478	77	13	0.587483280213926	0.920014956026569
HROV-vOTU58162	Age	Age	-0.108602898876731	0.199455879490798	77	71	0.587806398790883	0.920133316669996
HROV-vOTU57885	Age	Age	0.273825122315149	0.502883166154788	77	56	0.587796431364127	0.920133316669996
HROV-vOTU37537	Smoking_Status	Former_Smoker	-0.706290045333319	1.29692621701976	77	68	0.587743556801718	0.920133316669996
HROV-vOTU05459	Smoking_Status	Never_Smoker	0.389792627956331	0.715485357488074	77	34	0.58760190905737	0.920133316669996
HROV-vOTU29781	Age	Age	0.0709714464825089	0.130318817191816	77	10	0.58773608168424	0.920133316669996
HROV-vOTU30169	Sex	M	-0.399282651810209	0.733375938767207	77	31	0.587841394969466	0.920133316669996
HROV-vOTU43627	diagnosis	RA	-0.107052102655232	0.19664579220577	77	9	0.587878489860283	0.920133316669996
HROV-vOTU74336	diagnosis	RA	-0.118277748533696	0.217230491719349	77	10	0.587816961379268	0.920133316669996
HROV-vOTU19538	Smoking_Status	Former_Smoker	-0.499549987110016	0.91781922669174	77	14	0.587954612848215	0.920189924151845
HROV-vOTU65229	diagnosis	RA	-0.327938560401653	0.603040601596115	77	45	0.588276908569691	0.920230679482546
HROV-vOTU18970	diagnosis	RA	-0.341977981714538	0.62862500514464	77	71	0.588139257037131	0.920230679482546
HROV-vOTU13101	Smoking_Status	Never_Smoker	0.405572727792201	0.745825077483609	77	60	0.588289055650205	0.920230679482546
HROV-vOTU00904	Smoking_Status	Former_Smoker	1.16354170456216	2.13817501779182	77	50	0.588025883438897	0.920230679482546
HROV-vOTU64997	Smoking_Status	Never_Smoker	-0.31116542820828	0.572154613545399	77	12	0.5882494751475	0.920230679482546
HROV-vOTU12014	Smoking_Status	Never_Smoker	-0.301139783865922	0.553850430503635	77	11	0.588337163321101	0.920230679482546
HROV-vOTU19720	Smoking_Status	Never_Smoker	0.59209604634534	1.08882551790579	77	17	0.588287248015674	0.920230679482546
HROV-vOTU61223	Sex	M	-0.390411711096941	0.718043623553444	77	53	0.588340274628789	0.920230679482546
HROV-vOTU07335	Age	Age	-0.0863065250842661	0.158690798400286	77	16	0.588237515308519	0.920230679482546
HROV-vOTU20073	diagnosis	RA	-0.256484606054999	0.471837505454088	77	35	0.588428687770377	0.920306463792991
HROV-vOTU04957	Sex	M	-0.618298990311747	1.13758153728376	77	56	0.588473970226538	0.920314785706721
HROV-vOTU63137	Smoking_Status	Never_Smoker	0.338420364384473	0.622733632485979	77	18	0.588526953664515	0.920335149242465
HROV-vOTU71115	Sex	M	0.536747165166694	0.988019035896023	77	39	0.588655218888279	0.920396374376204
HROV-vOTU01617	Sex	M	0.357604103134771	0.658315350255028	77	20	0.588686000632284	0.920396374376204
HROV-vOTU69490	Age	Age	0.102495531452452	0.188664180376089	77	25	0.588645769524056	0.920396374376204
HROV-vOTU24198	Sex	M	0.418069040204893	0.769752631780708	77	46	0.588747399953152	0.920407211207158
HROV-vOTU43440	Smoking_Status	Former_Smoker	0.49654192930921	0.914300240684512	77	21	0.588772863026654	0.920407211207158
HROV-vOTU26728	diagnosis	RA	0.113228503500309	0.208529946042078	77	11	0.588841162867746	0.920451502127482
HROV-vOTU60097	Smoking_Status	Never_Smoker	-0.318250644513893	0.5861989917476	77	26	0.588895202639481	0.920473497813714
HROV-vOTU35216	Smoking_Status	Former_Smoker	0.829049449052927	1.52766766122789	77	45	0.589043028048063	0.920642072341154
HROV-vOTU46349	Smoking_Status	Never_Smoker	0.757930043505295	1.39769364179697	77	45	0.589329201822105	0.920821634736447
HROV-vOTU53131	diagnosis	RA	-0.388458158555534	0.71640825615038	77	52	0.589357833087939	0.920821634736447
HROV-vOTU55149	diagnosis	RA	-0.262103933056726	0.483235125359851	77	25	0.589245432107429	0.920821634736447
HROV-vOTU51500	diagnosis	RA	0.201981806764915	0.372408005390585	77	16	0.589264083584342	0.920821634736447
HROV-vOTU73958	diagnosis	RA	0.224735391232089	0.414417107124886	77	18	0.589314946539661	0.920821634736447
HROV-vOTU05550	Smoking_Status	Former_Smoker	-0.692428820271647	1.27816678818747	77	62	0.589696536711259	0.920980204906777
HROV-vOTU20060	diagnosis	RA	0.31543877905477	0.582297261201741	77	29	0.589711302106576	0.920980204906777
HROV-vOTU04318	Smoking_Status	Former_Smoker	0.832372365249259	1.53630706714483	77	53	0.589652064185429	0.920980204906777
HROV-vOTU39537	Sex	M	-0.269962049883697	0.498385136883501	77	31	0.58973925669823	0.920980204906777
HROV-vOTU75635	Sex	M	0.508091998417088	0.937903493324268	77	55	0.589699447666127	0.920980204906777
HROV-vOTU29302	Smoking_Status	Former_Smoker	1.29125719918496	2.38365098432189	77	33	0.589711512258153	0.920980204906777
HROV-vOTU01659	Smoking_Status	Never_Smoker	-0.151250498113637	0.279221170130719	77	9	0.589729993761133	0.920980204906777
HROV-vOTU32103	Smoking_Status	Former_Smoker	0.792839945551887	1.46491253054317	77	59	0.590050162301547	0.921142297113995
HROV-vOTU09590	Age	Age	0.15111825385942	0.279242538122827	77	31	0.590083035576325	0.921142297113995
HROV-vOTU71479	Sex	M	-0.32725140085829	0.604492692906122	77	57	0.589950511506616	0.921142297113995
HROV-vOTU61220	Smoking_Status	Never_Smoker	0.255406235615536	0.471946479575053	77	13	0.590080135010558	0.921142297113995
HROV-vOTU74336	Smoking_Status	Never_Smoker	-0.200852563666158	0.371061440765821	77	10	0.590000844317483	0.921142297113995
HROV-vOTU04409	Sex	M	0.233110527467294	0.430652936704294	77	8	0.58999834846816	0.921142297113995
HROV-vOTU49510	Age	Age	0.188270038809948	0.347948131346688	77	29	0.59014167592325	0.921171397350714
HROV-vOTU07532	Smoking_Status	Former_Smoker	0.486748106053783	0.900400735456576	77	73	0.59048176863835	0.921255769893291
HROV-vOTU47756	Age	Age	0.193170280202554	0.357213329539465	77	13	0.59035863878663	0.921255769893291
HROV-vOTU47485	diagnosis	RA	-0.248510258963892	0.459634618332247	77	8	0.590427848622236	0.921255769893291
HROV-vOTU36129	Sex	M	0.420995416780811	0.778421434516898	77	29	0.590316006262974	0.921255769893291
HROV-vOTU69432	Smoking_Status	Former_Smoker	-0.465550492396442	0.861267714469556	77	14	0.590515747944627	0.921255769893291
HROV-vOTU13316	diagnosis	RA	0.156673500480746	0.289661077539325	77	11	0.590279437984553	0.921255769893291
HROV-vOTU04055	Age	Age	-0.0926688646451806	0.171431030579216	77	8	0.590502275272042	0.921255769893291
HROV-vOTU16271	Age	Age	0.160762788791006	0.297188606533048	77	24	0.590238470769292	0.921255769893291
HROV-vOTU64982	Sex	M	-0.49159215052492	0.909662228215824	77	39	0.590604380988915	0.921331632742309
HROV-vOTU66220	Smoking_Status	Former_Smoker	-0.85466412457413	1.58226633091725	77	55	0.590782626160171	0.921360051497849
HROV-vOTU04448	Age	Age	0.104711803557585	0.193830646818053	77	9	0.590733732021536	0.921360051497849
HROV-vOTU50165	Age	Age	0.151077568639611	0.279686006566808	77	27	0.590771226786622	0.921360051497849
HROV-vOTU20694	diagnosis	RA	-0.169431913712137	0.313645060704834	77	10	0.590747751613643	0.921360051497849
HROV-vOTU05701	Smoking_Status	Former_Smoker	-0.532874450977773	0.986789335610254	77	63	0.590881101901887	0.921451230823433
HROV-vOTU59590	diagnosis	RA	-0.464408667150558	0.860210296075326	77	57	0.590970463048073	0.921483419013961
HROV-vOTU20362	Sex	M	0.373940601364984	0.692660141145244	77	32	0.590981767209562	0.921483419013961
HROV-vOTU32660	diagnosis	RA	0.438253321735149	0.812056872847071	77	39	0.591104265819595	0.921509682106861
HROV-vOTU66093	diagnosis	RA	-0.399473547659705	0.740234995204649	77	42	0.591121622090646	0.921509682106861
HROV-vOTU40970	Age	Age	0.113203805426282	0.209738147219925	77	10	0.591066042070977	0.921509682106861
HROV-vOTU63708	Smoking_Status	Former_Smoker	0.698496764984896	1.29446237995625	77	34	0.591158664500511	0.921509682106861
HROV-vOTU49930	Smoking_Status	Former_Smoker	-0.598596279837816	1.10944884975402	77	29	0.591199786431633	0.921511409916786
HROV-vOTU75024	Smoking_Status	Former_Smoker	-0.865169206266937	1.60388400988698	77	36	0.591283862185216	0.921517719843374
HROV-vOTU04830	diagnosis	RA	0.355028835843491	0.658154873789005	77	32	0.591277528412121	0.921517719843374
HROV-vOTU03523	Sex	M	0.39524956574051	0.734022090394023	77	63	0.591936196060668	0.921542629788256
HROV-vOTU13869	diagnosis	RA	0.404401021143451	0.750414186133043	77	30	0.591639070407638	0.921542629788256
HROV-vOTU10034	Sex	M	0.408854369238468	0.758072067464383	77	31	0.591343477200535	0.921542629788256
HROV-vOTU21405	Age	Age	0.132056444718622	0.245296581785202	77	11	0.592016351751101	0.921542629788256
HROV-vOTU12748	Smoking_Status	Never_Smoker	0.344298277598444	0.639344851580842	77	26	0.591904351824935	0.921542629788256
HROV-vOTU64702	Smoking_Status	Never_Smoker	-0.542127551548318	1.00701929987398	77	26	0.592020113231318	0.921542629788256
HROV-vOTU07517	Smoking_Status	Never_Smoker	0.581064321341193	1.07843293028429	77	38	0.591707325182925	0.921542629788256
HROV-vOTU14287	Age	Age	0.167224309308119	0.310253219721289	77	45	0.591577820544284	0.921542629788256
HROV-vOTU59505	Age	Age	-0.125482088799081	0.232724266230281	77	23	0.59144409906107	0.921542629788256
HROV-vOTU73093	Sex	M	0.272639152696217	0.505879915340775	77	30	0.591613876331245	0.921542629788256
HROV-vOTU67959	Smoking_Status	Never_Smoker	0.239770068619408	0.445197415379337	77	14	0.591868036831411	0.921542629788256
HROV-vOTU44910	Sex	M	-0.273051302851187	0.506470363230495	77	21	0.591486576585126	0.921542629788256
HROV-vOTU67948	diagnosis	RA	0.245189019207658	0.454714892554958	77	19	0.591425550368559	0.921542629788256
HROV-vOTU74833	Sex	M	0.491108888911865	0.911719290507463	77	36	0.591804759926999	0.921542629788256
HROV-vOTU22913	Sex	M	-0.167940888299787	0.311932348463207	77	13	0.591992581649113	0.921542629788256
HROV-vOTU45043	Smoking_Status	Former_Smoker	0.708019935683311	1.31470385612009	77	12	0.591889136909357	0.921542629788256
HROV-vOTU67958	Age	Age	0.137869184208232	0.255895220013489	77	28	0.591729498768061	0.921542629788256
HROV-vOTU09462	Smoking_Status	Former_Smoker	-0.479486024715742	0.889892938361604	77	8	0.591701257839925	0.921542629788256
HROV-vOTU26082	Smoking_Status	Former_Smoker	0.80078771120296	1.48795315480872	77	34	0.59213546707218	0.921659895017052
HROV-vOTU24695	Smoking_Status	Former_Smoker	-0.472740235102073	0.878977086260983	77	72	0.59237633971977	0.921900474858525
HROV-vOTU75402	Age	Age	0.119862458368855	0.222838271067137	77	28	0.59233518174257	0.921900474858525
HROV-vOTU02863	Sex	M	-0.200954580748612	0.373719315017636	77	10	0.592455135357751	0.921900474858525
HROV-vOTU57910	Sex	M	-0.465798614023553	0.86633735240476	77	32	0.592490183603171	0.921900474858525
HROV-vOTU70764	diagnosis	RA	-0.348159469306046	0.647535997551883	77	56	0.592487511102699	0.921900474858525
HROV-vOTU50739	Sex	M	-0.323291386648398	0.601392583135191	77	11	0.592554030907686	0.921937530860966
HROV-vOTU67636	Smoking_Status	Former_Smoker	0.901265397571422	1.67704999133571	77	22	0.592664024970297	0.922046375401333
HROV-vOTU27588	Age	Age	0.0915661060055533	0.170487543531309	77	20	0.592888907066075	0.922207713341432
HROV-vOTU71552	Smoking_Status	Never_Smoker	-0.278136630670334	0.517897257020696	77	12	0.59291228558075	0.922207713341432
HROV-vOTU55676	Smoking_Status	Former_Smoker	-0.624754418588212	1.16325003776046	77	14	0.592893861920021	0.922207713341432
HROV-vOTU62209	Smoking_Status	Never_Smoker	0.634337851451385	1.18125490802265	77	34	0.592944213699987	0.922207713341432
HROV-vOTU37414	Age	Age	-0.173296873431324	0.322731726073233	77	47	0.592967946989141	0.922207713341432
HROV-vOTU01077	diagnosis	RA	0.247358936506512	0.460753590856253	77	8	0.593044566316658	0.922264593306276
HROV-vOTU30877	diagnosis	RA	-0.412677673919307	0.76905411317338	77	55	0.593218509879658	0.922472807733188
HROV-vOTU41002	diagnosis	RA	-0.268026594394756	0.499785081339975	77	66	0.593438805106532	0.922719999555879
HROV-vOTU06779	Smoking_Status	Never_Smoker	0.444883203228782	0.829789569431908	77	12	0.593537736579279	0.922719999555879
HROV-vOTU25602	diagnosis	RA	-0.184910525491235	0.344836255206201	77	12	0.593477753904016	0.922719999555879
HROV-vOTU50739	diagnosis	RA	-0.244320686125755	0.455658753890326	77	11	0.593501681140075	0.922719999555879
HROV-vOTU00314	Sex	M	-0.349545290039822	0.652542475490719	77	73	0.593862985922468	0.922789593535823
HROV-vOTU72961	Sex	M	-0.407590808434249	0.760844042839677	77	71	0.593834090413383	0.922789593535823
HROV-vOTU66091	Age	Age	-0.160497942699873	0.299428555459902	77	70	0.593624108791295	0.922789593535823
HROV-vOTU38705	diagnosis	RA	-0.266606371464937	0.497602827833425	77	68	0.593784090179497	0.922789593535823
HROV-vOTU10652	Sex	M	-0.22252028877293	0.415218009274501	77	21	0.593694380141763	0.922789593535823
HROV-vOTU03963	Age	Age	-0.0820890927349715	0.153202048603673	77	11	0.593755928274097	0.922789593535823
HROV-vOTU63450	diagnosis	RA	-0.16131802148806	0.301140412806823	77	24	0.593846721006482	0.922789593535823
HROV-vOTU61820	Smoking_Status	Former_Smoker	-0.885289565804149	1.6548278239776	77	42	0.594339532963537	0.922981954884312
HROV-vOTU57134	Sex	M	-0.237523438620483	0.443714501214268	77	20	0.594110427525305	0.922981954884312
HROV-vOTU02985	Sex	M	0.32220750560563	0.60229949168611	77	43	0.594347476810002	0.922981954884312
HROV-vOTU24427	Age	Age	0.156133548414924	0.291745271713767	77	59	0.594204046947705	0.922981954884312
HROV-vOTU31636	Sex	M	0.24326703140599	0.454607758008551	77	15	0.594243026291789	0.922981954884312
HROV-vOTU50222	Smoking_Status	Never_Smoker	0.700202076076575	1.30860133758152	77	49	0.594268771658445	0.922981954884312
HROV-vOTU67292	Smoking_Status	Former_Smoker	0.621667422760946	1.16141631701676	77	33	0.594138116259334	0.922981954884312
HROV-vOTU09745	diagnosis	RA	-0.363424141709723	0.678773052980142	77	42	0.594037237131857	0.922981954884312
HROV-vOTU15575	Age	Age	0.183849391343728	0.343521838733363	77	12	0.594190959416204	0.922981954884312
HROV-vOTU01773	Age	Age	0.134267651471072	0.251272393618434	77	72	0.594768043649317	0.923025840184725
HROV-vOTU29531	Sex	M	0.306226175288474	0.572560494463753	77	50	0.594434088983061	0.923025840184725
HROV-vOTU33468	Smoking_Status	Former_Smoker	0.481833032348709	0.902186295416561	77	69	0.594959580755042	0.923025840184725
HROV-vOTU39610	Smoking_Status	Former_Smoker	-0.423059934029242	0.791553931662134	77	18	0.594687799368985	0.923025840184725
HROV-vOTU17618	Smoking_Status	Never_Smoker	0.451440970157317	0.844343029752364	77	15	0.59455173667589	0.923025840184725
HROV-vOTU06214	Smoking_Status	Never_Smoker	0.349424392854596	0.653602783192255	77	10	0.594587920837521	0.923025840184725
HROV-vOTU37747	Sex	M	-0.387640897032323	0.725462992598683	77	52	0.594778447913058	0.923025840184725
HROV-vOTU12337	Age	Age	-0.128041070221887	0.239553510018437	77	18	0.594666316181356	0.923025840184725
HROV-vOTU19375	Age	Age	-0.115801199443057	0.216727813941466	77	19	0.594791925728988	0.923025840184725
HROV-vOTU35709	Age	Age	-0.131398871362223	0.245898573725881	77	35	0.594760415720457	0.923025840184725
HROV-vOTU07922	Age	Age	-0.0677406591958633	0.126822043200558	77	11	0.594913598554322	0.923025840184725
HROV-vOTU66937	Sex	M	0.230940406608939	0.43212052448022	77	19	0.594710116112942	0.923025840184725
HROV-vOTU72239	Age	Age	0.180432333084798	0.337819838873469	77	50	0.594935146404136	0.923025840184725
HROV-vOTU34373	Sex	M	0.165230495549695	0.309392908761876	77	8	0.594976925642303	0.923025840184725
HROV-vOTU05380	Age	Age	0.0985790953909003	0.184586685663317	77	13	0.594973026894692	0.923025840184725
HROV-vOTU69467	Age	Age	0.091774350918786	0.171887629422402	77	74	0.595064215150019	0.92306327504142
HROV-vOTU28419	Smoking_Status	Never_Smoker	0.483486235171767	0.905581431165224	77	69	0.595081217739469	0.92306327504142
HROV-vOTU66463	Sex	M	-0.204291344254927	0.382715842631852	77	12	0.595151509692053	0.923110133904094
HROV-vOTU37751	Sex	M	0.41410161638904	0.775966659255459	77	11	0.595244277317553	0.923191845014697
HROV-vOTU13703	Sex	M	-0.517579793399075	0.970677570793856	77	25	0.595550007162127	0.92329077851255
HROV-vOTU02038	diagnosis	RA	-0.401854297808756	0.753464263293999	77	64	0.595462385381295	0.92329077851255
HROV-vOTU26829	Smoking_Status	Former_Smoker	0.648968938745622	1.2172152002068	77	35	0.595588701935842	0.92329077851255
HROV-vOTU11617	Age	Age	-0.160661506274837	0.301284277781675	77	67	0.595522069530562	0.92329077851255
HROV-vOTU18920	Smoking_Status	Former_Smoker	-0.650816363442704	1.22034015553153	77	27	0.595486394833122	0.92329077851255
HROV-vOTU66687	Sex	M	-0.362027199368535	0.678855159932232	77	23	0.595497795527202	0.92329077851255
HROV-vOTU58024	Smoking_Status	Former_Smoker	0.627821159625138	1.17739442524284	77	22	0.595540154064982	0.92329077851255
HROV-vOTU74179	Smoking_Status	Never_Smoker	0.56412607038148	1.05906276719552	77	74	0.595928463923426	0.923386603671299
HROV-vOTU01753	Sex	M	-0.3599471127565	0.675830081719065	77	73	0.595973482535748	0.923386603671299
HROV-vOTU02040	Age	Age	-0.170647625315651	0.320467382141754	77	67	0.596045071268526	0.923386603671299
HROV-vOTU54265	Sex	M	0.362381927334463	0.68053170898802	77	55	0.596043594738173	0.923386603671299
HROV-vOTU09021	Sex	M	0.402260981524607	0.756056329119235	77	38	0.596351266779471	0.923386603671299
HROV-vOTU46243	Sex	M	-0.291232927011849	0.547041527735051	77	15	0.596126342809051	0.923386603671299
HROV-vOTU64314	Smoking_Status	Never_Smoker	0.303258442712948	0.569144595176757	77	14	0.595813722795809	0.923386603671299
HROV-vOTU25898	Smoking_Status	Former_Smoker	-0.872107563932455	1.63914313188646	77	20	0.596351756956707	0.923386603671299
HROV-vOTU30995	Sex	M	-0.237302156781025	0.445556252621099	77	12	0.595975199626726	0.923386603671299
HROV-vOTU35245	Smoking_Status	Never_Smoker	0.450312906471473	0.84636927860671	77	22	0.59635063554873	0.923386603671299
HROV-vOTU30449	Age	Age	0.0916983234499626	0.172259433137689	77	8	0.596161635927566	0.923386603671299
HROV-vOTU66985	Smoking_Status	Never_Smoker	0.444023292219782	0.833173407188542	77	16	0.595746065979822	0.923386603671299
HROV-vOTU12777	Smoking_Status	Never_Smoker	0.643573497405035	1.20947402783853	77	19	0.596310878219751	0.923386603671299
HROV-vOTU67101	Smoking_Status	Former_Smoker	0.30141758610954	0.565860332956118	77	12	0.595924353180546	0.923386603671299
HROV-vOTU42122	Smoking_Status	Former_Smoker	0.437794478120731	0.823052492491099	77	12	0.596444956798001	0.923386603671299
HROV-vOTU54743	Smoking_Status	Former_Smoker	0.242874838361443	0.456390366537418	77	11	0.596273354817499	0.923386603671299
HROV-vOTU06580	Sex	M	0.272611303366352	0.512415732407486	77	15	0.596378572494466	0.923386603671299
HROV-vOTU62481	Smoking_Status	Former_Smoker	-0.357780297414615	0.672639726580945	77	9	0.596452414946341	0.923386603671299
HROV-vOTU33743	Smoking_Status	Former_Smoker	-0.400945369836297	0.752472834858726	77	11	0.595810265267403	0.923386603671299
HROV-vOTU51304	Age	Age	-0.130569109676337	0.245211487812221	77	10	0.596059247850852	0.923386603671299
HROV-vOTU16799	diagnosis	RA	-0.378750733069546	0.712210744842154	77	43	0.596527470135406	0.923440723077125
HROV-vOTU16618	Sex	M	0.489550391367557	0.921373782715494	77	46	0.596850873794681	0.92351283709202
HROV-vOTU24052	diagnosis	RA	0.380661248540755	0.716336216231023	77	41	0.59680010259096	0.92351283709202
HROV-vOTU20183	Smoking_Status	Former_Smoker	-0.738467100563804	1.3895744129775	77	53	0.596776840037971	0.92351283709202
HROV-vOTU67503	Smoking_Status	Never_Smoker	0.44093490541571	0.829455251904914	77	27	0.596665357690155	0.92351283709202
HROV-vOTU51250	Sex	M	0.432164115382097	0.813376754883798	77	22	0.596854757589129	0.92351283709202
HROV-vOTU05286	Sex	M	0.267115129918202	0.5026447259649	77	19	0.596786947737246	0.92351283709202
HROV-vOTU08856	Smoking_Status	Former_Smoker	0.33328189699379	0.627005313758337	77	9	0.596699954471951	0.92351283709202
HROV-vOTU39924	diagnosis	RA	0.289289885959292	0.544625758229319	77	18	0.596957513432736	0.923591793102862
HROV-vOTU45907	Smoking_Status	Never_Smoker	-0.192273589894155	0.362008147751219	77	9	0.59698599357921	0.923591793102862
HROV-vOTU21852	diagnosis	RA	-0.28545383483009	0.537541163970459	77	41	0.597051014988999	0.92363034024294
HROV-vOTU18375	Sex	M	-0.158017713145507	0.297597609802179	77	8	0.597091321565691	0.923630651239781
HROV-vOTU41807	Sex	M	-0.420963682074077	0.793012923607012	77	35	0.597185684159518	0.92370767490646
HROV-vOTU24292	Smoking_Status	Never_Smoker	0.42329437961754	0.797481179150306	77	12	0.597221332147512	0.92370767490646
HROV-vOTU14934	Age	Age	-0.246403266898066	0.46428767847039	77	29	0.597274209194531	0.923727421781616
HROV-vOTU63649	diagnosis	RA	0.219399952992984	0.414673008533284	77	73	0.59839232219546	0.923740225990459
HROV-vOTU30941	diagnosis	RA	0.350875402538646	0.663826970724526	77	72	0.598755984755922	0.923740225990459
HROV-vOTU02128	Sex	M	0.328013452100463	0.620610551239837	77	64	0.59877743214666	0.923740225990459
HROV-vOTU47188	Sex	M	0.36451366513912	0.688377160152489	77	25	0.598092445358263	0.923740225990459
HROV-vOTU64884	diagnosis	RA	-0.163321465238785	0.308906367761091	77	73	0.598656528726861	0.923740225990459
HROV-vOTU67068	Sex	M	-0.358065953350519	0.67744215036103	77	20	0.598762047781842	0.923740225990459
HROV-vOTU30007	diagnosis	RA	0.194962639979114	0.367608782115143	77	76	0.597521672031273	0.923740225990459
HROV-vOTU50963	Smoking_Status	Former_Smoker	-0.592479208970659	1.11819151585391	77	28	0.597865645419098	0.923740225990459
HROV-vOTU52875	diagnosis	RA	0.347013883596223	0.656121454690135	77	32	0.598533664981593	0.923740225990459
HROV-vOTU16744	Smoking_Status	Former_Smoker	0.960099556331245	1.81650455539092	77	56	0.59877131841998	0.923740225990459
HROV-vOTU04024	Age	Age	-0.211506817844623	0.400151357444671	77	26	0.598754265665769	0.923740225990459
HROV-vOTU43798	diagnosis	RA	-0.447299552779343	0.844576859414719	77	56	0.598031940384129	0.923740225990459
HROV-vOTU21634	diagnosis	RA	0.304468332840177	0.576135475261172	77	45	0.598823623011536	0.923740225990459
HROV-vOTU18091	Smoking_Status	Never_Smoker	0.506161068819928	0.956690038865072	77	63	0.59840348313749	0.923740225990459
HROV-vOTU61540	Age	Age	-0.211630913184106	0.398857452224821	77	63	0.597356693300388	0.923740225990459
HROV-vOTU47801	Smoking_Status	Former_Smoker	-0.568415098930906	1.07549701193553	77	23	0.59879095879813	0.923740225990459
HROV-vOTU73089	Age	Age	-0.15970201924687	0.302140443900948	77	54	0.598753032722523	0.923740225990459
HROV-vOTU40810	Smoking_Status	Former_Smoker	0.746793762726711	1.41056004913026	77	54	0.598158271246913	0.923740225990459
HROV-vOTU25173	Smoking_Status	Former_Smoker	-0.357712594190333	0.674898017603335	77	21	0.597748524023457	0.923740225990459
HROV-vOTU16111	Age	Age	0.120438426385648	0.227190836234772	77	20	0.597682708355251	0.923740225990459
HROV-vOTU18241	Smoking_Status	Former_Smoker	0.408366498658482	0.769948818779137	77	23	0.597502529755444	0.923740225990459
HROV-vOTU06637	Smoking_Status	Former_Smoker	-0.722352872344892	1.36496018602224	77	30	0.598309375133872	0.923740225990459
HROV-vOTU46469	diagnosis	RA	-0.27006325454814	0.509548536178547	77	17	0.597762109374623	0.923740225990459
HROV-vOTU08096	Age	Age	0.138084327009546	0.260384691121994	77	31	0.597552474586813	0.923740225990459
HROV-vOTU13478	Age	Age	-0.179358531640988	0.339017415188671	77	58	0.598418156752273	0.923740225990459
HROV-vOTU71213	Smoking_Status	Former_Smoker	0.546535020060713	1.03182504002028	77	20	0.597987648033304	0.923740225990459
HROV-vOTU61603	diagnosis	RA	-0.456974257374993	0.86158955749702	77	50	0.597499953032631	0.923740225990459
HROV-vOTU15938	Age	Age	-0.13431659226074	0.253249300773357	77	17	0.597508289696226	0.923740225990459
HROV-vOTU02036	diagnosis	RA	0.263111168024012	0.497021832085743	77	13	0.598196358772854	0.923740225990459
HROV-vOTU50399	Smoking_Status	Former_Smoker	0.376773289540877	0.711846167842576	77	14	0.598255109386632	0.923740225990459
HROV-vOTU49981	Sex	M	-0.452893783726034	0.855641611791477	77	33	0.598246273762742	0.923740225990459
HROV-vOTU44352	Sex	M	-0.37574053528049	0.709661667566528	77	12	0.598135057427988	0.923740225990459
HROV-vOTU07170	Sex	M	0.251106717413879	0.475191211942024	77	28	0.598846790014657	0.923740225990459
HROV-vOTU10989	Smoking_Status	Never_Smoker	0.414354792347678	0.783165203787608	77	12	0.598402225229316	0.923740225990459
HROV-vOTU58551	Sex	M	-0.150475299392909	0.284465344437613	77	8	0.598472106969269	0.923740225990459
HROV-vOTU05881	diagnosis	RA	-0.138762985741554	0.262164651901358	77	8	0.598250445872802	0.923740225990459
HROV-vOTU47545	Smoking_Status	Former_Smoker	-0.259886175315028	0.491568454482294	77	8	0.598671009361039	0.923740225990459
HROV-vOTU43683	Sex	M	0.366087825019619	0.691939721077186	77	15	0.598403872212169	0.923740225990459
HROV-vOTU16938	Age	Age	-0.108984374972379	0.206071286100556	77	14	0.598546990484426	0.923740225990459
HROV-vOTU01013	Age	Age	-0.0693891223858407	0.131331756058653	77	9	0.59890414361706	0.92376682255045806
HROV-vOTU30358	Smoking_Status	Never_Smoker	-0.529839833560513	1.00305610938069	77	13	0.598990022961377	0.92383741151892
HROV-vOTU01204	Smoking_Status	Former_Smoker	1.08270096329469	2.05021547212659	77	67	0.59908268515208	0.923878463493489
HROV-vOTU09873	Smoking_Status	Never_Smoker	0.387231980335564	0.73337632562288	77	32	0.599136988809173	0.923878463493489
HROV-vOTU56294	Age	Age	0.136023527322935	0.257606391829994	77	33	0.599126019520365	0.923878463493489
HROV-vOTU72768	Smoking_Status	Never_Smoker	0.637709969621511	1.20803140390117	77	33	0.599220380919169	0.923883334844244
HROV-vOTU35803	Sex	M	-0.392936647483276	0.744294324752659	77	20	0.599192812159954	0.923883334844244
HROV-vOTU24280	Smoking_Status	Never_Smoker	0.357379905293153	0.677307829034697	77	12	0.599389012769759	0.924078486447585
HROV-vOTU73249	Smoking_Status	Former_Smoker	0.835347625553506	1.58349448912439	77	69	0.599467329028524	0.924078486447585
HROV-vOTU07395	Sex	M	-0.602445507501409	1.1419541821094	77	41	0.599451888980928	0.924078486447585
HROV-vOTU13745	Sex	M	0.57018269030017	1.08125390654703	77	61	0.599605182644415	0.924130243136449
HROV-vOTU03137	Age	Age	-0.214465400289903	0.406835027416914	77	36	0.599728822202922	0.924130243136449
HROV-vOTU37069	Smoking_Status	Former_Smoker	0.887944330441107	1.68390744639844	77	35	0.599620964766691	0.924130243136449
HROV-vOTU40120	Age	Age	0.202990728012289	0.385191333953694	77	18	0.599845530334289	0.924130243136449
HROV-vOTU18575	Age	Age	-0.120151560943926	0.228007656280407	77	26	0.599862049702422	0.924130243136449
HROV-vOTU37097	diagnosis	RA	-0.102414987672528	0.194300651427138	77	9	0.599770442131082	0.924130243136449
HROV-vOTU42879	Smoking_Status	Former_Smoker	-0.296844983614865	0.563238046188959	77	9	0.599813643076801	0.924130243136449
HROV-vOTU18375	Smoking_Status	Never_Smoker	-0.203091576435605	0.385155523530222	77	8	0.599630811287708	0.924130243136449
HROV-vOTU61670	Age	Age	-0.0795675656859357	0.150911207685459	77	12	0.599665364991817	0.924130243136449
HROV-vOTU65890	Smoking_Status	Former_Smoker	-0.288022329252608	0.546673567585649	77	9	0.599930701857638	0.924174184868321
HROV-vOTU73274	Smoking_Status	Never_Smoker	0.384663040539249	0.730235232274513	77	21	0.599998088516739	0.924216171395927
HROV-vOTU07285	Smoking_Status	Former_Smoker	0.889022268328586	1.6895363612674	77	56	0.600393970827871	0.92425337172159
HROV-vOTU54408	Smoking_Status	Former_Smoker	-0.697518471214713	1.32519660009318	77	16	0.600284846333066	0.92425337172159
HROV-vOTU04654	Age	Age	0.211037082472977	0.400875063827462	77	23	0.600222584993113	0.92425337172159
HROV-vOTU11072	Smoking_Status	Former_Smoker	0.8890261148381	1.68922480666171	77	41	0.600325325381905	0.92425337172159
HROV-vOTU67489	Smoking_Status	Never_Smoker	-0.306187788071631	0.581500030283547	77	13	0.600148537579809	0.92425337172159
HROV-vOTU06122	Age	Age	0.107411815544324	0.204137075913646	77	12	0.600406471608392	0.92425337172159
HROV-vOTU48740	diagnosis	RA	-0.122610939794138	0.232840520679398	77	8	0.600121278991658	0.92425337172159
HROV-vOTU70177	Smoking_Status	Former_Smoker	0.33655240196698	0.639650789405322	77	13	0.60042356466898394	0.92425337172159
HROV-vOTU03761	diagnosis	RA	0.24360763436709101	0.462768333731637	77	20	0.600241407814579	0.92425337172159
HROV-vOTU03088	Sex	M	0.296699115486291	0.563803823928741	77	15	0.600357846850945	0.92425337172159
HROV-vOTU56948	Age	Age	0.199903297689872	0.380357522190186	77	41	0.600826831489979	0.924254704214294
HROV-vOTU58198	diagnosis	RA	0.319551857871337	0.607754460152078	77	56	0.600671822673215	0.924254704214294
HROV-vOTU08541	Sex	M	-0.419197459580804	0.797038984193679	77	32	0.600566455853857	0.924254704214294
HROV-vOTU19575	Age	Age	-0.167919843481222	0.319536708222425	77	54	0.600865889339836	0.924254704214294
HROV-vOTU15902	Age	Age	0.190158191979278	0.361849382537174	77	22	0.60086092018614	0.924254704214294
HROV-vOTU74209	Smoking_Status	Never_Smoker	0.254271749092019	0.483604189219221	77	17	0.600676121013789	0.924254704214294
HROV-vOTU48190	Sex	M	0.27871082744901	0.529887189598396	77	15	0.600540219025991	0.924254704214294
HROV-vOTU51836	Sex	M	0.445502567697419	0.847375322820759	77	32	0.600704288082548	0.924254704214294
HROV-vOTU43917	Age	Age	-0.0844836830189434	0.160611226324216	77	10	0.600518017848685	0.924254704214294
HROV-vOTU65978	Smoking_Status	Never_Smoker	0.247443060656531	0.470657830500621	77	8	0.600707977642166	0.924254704214294
HROV-vOTU24679	Age	Age	0.066429375990794	0.126380609013315	77	9	0.60078350745695	0.924254704214294
HROV-vOTU35482	Sex	M	0.586089515353248	1.12043391065975	77	65	0.60253925990814206	0.924707923516283
HROV-vOTU52333	diagnosis	RA	-0.414227010762231	0.791009868568545	77	56	0.602139868665459	0.924707923516283
HROV-vOTU11474	Sex	M	0.285907814096099	0.5451955774969	77	17	0.601624577028445	0.924707923516283
HROV-vOTU67940	Smoking_Status	Never_Smoker	0.382610592393441	0.729594429578344	77	13	0.601623091211176	0.924707923516283
HROV-vOTU04129	Sex	M	-0.355827573173776	0.679839823722099	77	74	0.602326351818118	0.924707923516283
HROV-vOTU02748	diagnosis	RA	-0.43078092819082	0.822874828119663	77	55	0.602251527797139	0.924707923516283
HROV-vOTU06807	Sex	M	0.50981459112648	0.973269141675879	77	37	0.602037389772469	0.924707923516283
HROV-vOTU16928	Sex	M	0.195047613444589	0.372820490260952	77	10	0.602486593945219	0.924707923516283
HROV-vOTU09258	Smoking_Status	Never_Smoker	0.438620347932499	0.836062899447045	77	59	0.601477435054382	0.924707923516283
HROV-vOTU15472	Sex	M	0.461012834891302	0.880471362761825	77	52	0.602188876252107	0.924707923516283
HROV-vOTU10338	Smoking_Status	Never_Smoker	0.747251474239984	1.42607712891052	77	61	0.601916803720233	0.924707923516283
HROV-vOTU53337	Smoking_Status	Former_Smoker	-0.854908899537921	1.63158758942021	77	60	0.601928759262396	0.924707923516283
HROV-vOTU39607	Smoking_Status	Former_Smoker	-0.998162698851333	1.90811662737035	77	39	0.60252365694392	0.924707923516283
HROV-vOTU08047	Age	Age	-0.0982636345803861	0.187386717142232	77	68	0.601641015958279	0.924707923516283
HROV-vOTU14994	Age	Age	-0.161544650255247	0.308456295344928	77	68	0.60210446144887	0.924707923516283
HROV-vOTU01546	diagnosis	RA	-0.292180148364542	0.558018340317169	77	25	0.602185162562157	0.924707923516283
HROV-vOTU46509	Smoking_Status	Never_Smoker	-0.599327731542721	1.14345347648168	77	30	0.601814851680791	0.924707923516283
HROV-vOTU02961	Smoking_Status	Never_Smoker	0.498051431505923	0.950356944141903	77	45	0.6018636424874	0.924707923516283
HROV-vOTU29849	Age	Age	0.113755652192345	0.216868645108202	77	25	0.601538933555909	0.924707923516283
HROV-vOTU45720	Smoking_Status	Former_Smoker	-1.14829206766129	2.19145212745494	77	32	0.601919632854838	0.924707923516283
HROV-vOTU31814	Smoking_Status	Never_Smoker	0.301324618999308	0.575467278856665	77	11	0.602175358888612	0.924707923516283
HROV-vOTU54319	Smoking_Status	Former_Smoker	-0.346334459839265	0.660271887216139	77	8	0.601541706910416	0.924707923516283
HROV-vOTU28099	Smoking_Status	Former_Smoker	-0.457716221818906	0.874228541676032	77	10	0.602210952257631	0.924707923516283
HROV-vOTU37726	Age	Age	0.163371746770096	0.311223152516202	77	29	0.601264124271537	0.924707923516283
HROV-vOTU64574	Smoking_Status	Never_Smoker	0.662644632705232	1.26348028824491	77	50	0.601592404942772	0.924707923516283
HROV-vOTU01885	Smoking_Status	Never_Smoker	-0.285946224133167	0.546008121124621	77	13	0.602115876295445	0.924707923516283
HROV-vOTU67099	Smoking_Status	Former_Smoker	1.02876950449702	1.96401460655308	77	47	0.60204234614832	0.924707923516283
HROV-vOTU70611	Sex	M	0.354363587312592	0.677347647211769	77	37	0.602489433054585	0.924707923516283
HROV-vOTU74848	Sex	M	0.501734461400643	0.9586342622282	77	28	0.6023363725635	0.924707923516283
HROV-vOTU17874	Age	Age	-0.172857510257708	0.329706217407572	77	30	0.601718613467028	0.924707923516283
HROV-vOTU39594	Smoking_Status	Former_Smoker	0.510127242258628	0.973905274811912	77	13	0.602052002862668	0.924707923516283
HROV-vOTU38660	Sex	M	0.232104672510653	0.443430858363729	77	8	0.602305519455773	0.924707923516283
HROV-vOTU63385	diagnosis	RA	-0.188604147510138	0.36054135650012	77	8	0.602523881938989	0.924707923516283
HROV-vOTU15594	Sex	M	0.300484610275808	0.573224807245811	77	21	0.601771944469621	0.924707923516283
HROV-vOTU28139	Age	Age	0.0799530233086476	0.152858322196374	77	9	0.602565862275678	0.924707923516283
HROV-vOTU01835	Smoking_Status	Former_Smoker	-0.434429732333467	0.831002893908939	77	68	0.602756589315385	0.924762634055558
HROV-vOTU68778	Smoking_Status	Former_Smoker	1.05535184402288	2.01877035756162	77	52	0.602762131993399	0.924762634055558
HROV-vOTU38618	Smoking_Status	Former_Smoker	-0.624937282900595	1.19509834185985	77	40	0.602660078131164	0.924762634055558
HROV-vOTU08215	Smoking_Status	Former_Smoker	-0.334301657099706	0.639479774827508	77	11	0.602760996979062	0.924762634055558
HROV-vOTU03578	Smoking_Status	Former_Smoker	0.964432038376219	1.84635687769577	77	44	0.60305739278582	0.925092370336205
HROV-vOTU18806	Sex	M	0.263302689679649	0.504026461425893	77	25	0.603019094764416	0.925092370336205
HROV-vOTU06071	Sex	M	-0.166871908247405	0.319522734546679	77	8	0.603119453912238	0.925125950685949
HROV-vOTU69775	Smoking_Status	Former_Smoker	-0.697329574096712	1.33681391968994	77	16	0.603547636079058	0.925230633219817
HROV-vOTU65540	Sex	M	0.426979020355981	0.818120772401472	77	53	0.603362876731869	0.925230633219817
HROV-vOTU71569	Sex	M	-0.446616333181999	0.855810716398376	77	45	0.603389710019395	0.925230633219817
HROV-vOTU08047	diagnosis	RA	-0.191010787763747	0.366259845592709	77	68	0.603629625016403	0.925230633219817
HROV-vOTU03705	Sex	M	0.517334820781605	0.991570342880472	77	24	0.603480181965092	0.925230633219817
HROV-vOTU18958	Sex	M	-0.449685327617818	0.861679015616779	77	31	0.603384449578687	0.925230633219817
HROV-vOTU45433	Age	Age	0.113286152373692	0.217113498309784	77	19	0.603445376805883	0.925230633219817
HROV-vOTU47271	diagnosis	RA	-0.361486256296543	0.692460312484394	77	61	0.60327314386205	0.925230633219817
HROV-vOTU33026	diagnosis	RA	-0.248330069885373	0.475789581188035	77	19	0.60334184369053	0.925230633219817
HROV-vOTU73220	diagnosis	RA	-0.433007607906183	0.830257497350659	77	37	0.603617866209117	0.925230633219817
HROV-vOTU61670	diagnosis	RA	-0.153850620342267	0.294966027838205	77	12	0.603580814613181	0.925230633219817
HROV-vOTU67284	Age	Age	-0.0923102536431184	0.177032830101607	77	19	0.603689903700833	0.925261445642898
HROV-vOTU60901	Age	Age	-0.109471973038183	0.209971880895122	77	9	0.603735094164703	0.925269130139956
HROV-vOTU16955	Sex	M	0.267931332818551	0.51407223611725	77	20	0.603853573351952	0.925302913511092
HROV-vOTU18513	Sex	M	0.487052467796131	0.934562191127019	77	62	0.603880029838649	0.925302913511092
HROV-vOTU53602	Age	Age	-0.109852042255358	0.210787923520154	77	25	0.603884296929921	0.925302913511092
HROV-vOTU02759	diagnosis	RA	-0.451858866384562	0.867123087914269	77	54	0.60391785032502	0.925302913511092
HROV-vOTU46696	Age	Age	0.0895689764332079	0.171955592264677	77	77	0.604068124147313	0.925471587221435
HROV-vOTU55792	Smoking_Status	Former_Smoker	-0.705485389677514	1.35495099900507	77	71	0.604215128810731	0.92550515210084106
HROV-vOTU21695	diagnosis	RA	-0.217214716911843	0.417809634806852	77	76	0.604758013324765	0.92550515210084106
HROV-vOTU33511	Smoking_Status	Never_Smoker	0.432415905712328	0.83117259211171	77	72	0.604509210011736	0.92550515210084106
HROV-vOTU02440	Sex	M	-0.493224183550655	0.948961753323219	77	68	0.604853584206242	0.92550515210084106
HROV-vOTU63778	Age	Age	-0.213071177453921	0.409438090243002	77	66	0.604404539762073	0.92550515210084106
HROV-vOTU06011	Smoking_Status	Former_Smoker	-0.608725751216914	1.16945995875407	77	33	0.604321584000421	0.92550515210084106
HROV-vOTU07395	Smoking_Status	Former_Smoker	1.08488841047316	2.08634355127337	77	41	0.604684585169865	0.92550515210084106
HROV-vOTU75151	diagnosis	RA	-0.12399049721567	0.238272455869714	77	10	0.604422733740114	0.92550515210084106
HROV-vOTU73181	Age	Age	-0.141194300036698	0.27130822937505	77	44	0.604389807420767	0.92550515210084106
HROV-vOTU35221	Age	Age	0.164814717021973	0.316717508915569	77	39	0.604414962171092	0.92550515210084106
HROV-vOTU18749	Smoking_Status	Former_Smoker	0.400186002823199	0.769387502858542	77	11	0.604587006878047	0.92550515210084106
HROV-vOTU38723	Smoking_Status	Never_Smoker	0.320129402095161	0.615130427828205	77	10	0.604386355278812	0.92550515210084106
HROV-vOTU16149	diagnosis	RA	-0.359865216285927	0.691674608434481	77	49	0.60448629423027	0.92550515210084106
HROV-vOTU01921	Smoking_Status	Never_Smoker	0.382632234445467	0.736074365724297	77	53	0.604800293147598	0.92550515210084106
HROV-vOTU15774	Smoking_Status	Never_Smoker	0.425355827421784	0.818367380582839	77	20	0.604846593428805	0.92550515210084106
HROV-vOTU72964	Smoking_Status	Never_Smoker	0.200527659093442	0.385578710769254	77	8	0.604633115828063	0.92550515210084106
HROV-vOTU18413	diagnosis	RA	0.168248852989453	0.323129225476167	77	15	0.604205623679188	0.92550515210084106
HROV-vOTU46641	Smoking_Status	Never_Smoker	0.465419889951849	0.894959383079999	77	12	0.604649409347614	0.92550515210084106
HROV-vOTU47048	Sex	M	0.130388359043482	0.250762620180448	77	9	0.604703867085008	0.92550515210084106
HROV-vOTU67786	Smoking_Status	Former_Smoker	1.13635630505586	2.18720046726672	77	57	0.604994420117119	0.925538616520638
HROV-vOTU64708	Age	Age	-0.164339378998527	0.316348713300529	77	23	0.605036208064186	0.925538616520638
HROV-vOTU73601	diagnosis	RA	-0.268695874793563	0.51709905152517	77	30	0.604943538387649	0.925538616520638
HROV-vOTU71968	Sex	M	0.268445892974091	0.516731960790134	77	13	0.605023041098979	0.925538616520638
HROV-vOTU14113	Sex	M	0.419161984093559	0.807036147284148	77	54	0.605108106729203	0.925563334269592
HROV-vOTU52240	Sex	M	0.655619206599498	1.2623868757532	77	58	0.605132745292976	0.925563334269592
HROV-vOTU01415	Smoking_Status	Former_Smoker	-0.811816817435713	1.56542968944057	77	71	0.605658949898126	0.925697764599393
HROV-vOTU38298	diagnosis	RA	-0.342131262872293	0.659599024320471	77	48	0.6055857976165	0.925697764599393
HROV-vOTU45051	Smoking_Status	Never_Smoker	0.689660505259664	1.32894689277072	77	54	0.605407612966732	0.925697764599393
HROV-vOTU23194	Smoking_Status	Former_Smoker	-0.82804992903234	1.59662568767684	77	50	0.605634974394019	0.925697764599393
HROV-vOTU57796	diagnosis	RA	0.255077285333977	0.491578811177313	77	25	0.605448314725661	0.925697764599393
HROV-vOTU71826	Sex	M	-0.314022552692764	0.60551017236209	77	17	0.605646588330584	0.925697764599393
HROV-vOTU48425	Smoking_Status	Former_Smoker	-0.432096409632944	0.833101846768673	77	16	0.605610820396476	0.925697764599393
HROV-vOTU07463	Sex	M	-0.530561894052532	1.0228905745545	77	20	0.605590668603701	0.925697764599393
HROV-vOTU07540	Age	Age	-0.111248986985071	0.214429067692952	77	17	0.605503207599645	0.925697764599393
HROV-vOTU03135	Smoking_Status	Never_Smoker	-0.472099818311349	0.910166188669604	77	14	0.60558548325836	0.925697764599393
HROV-vOTU65044	Age	Age	-0.0649362330989433	0.125218138048555	77	11	0.605662784063554	0.925697764599393
HROV-vOTU63677	Age	Age	0.115138229384392	0.222086794163264	77	19	0.605764721959923	0.925770175087344
HROV-vOTU62594	Smoking_Status	Former_Smoker	-0.845362260196889	1.63071186666794	77	19	0.605790557471397	0.925770175087344
HROV-vOTU42173	Sex	M	0.394094840542972	0.760484334106441	77	58	0.605919060277686	0.925782256896113
HROV-vOTU09380	diagnosis	RA	-0.338122008156219	0.652338648333373	77	38	0.605844642108722	0.925782256896113
HROV-vOTU52532	Sex	M	-0.322044285995413	0.621399415990269	77	28	0.605890670169583	0.925782256896113
HROV-vOTU68967	Smoking_Status	Former_Smoker	0.636969756167264	1.22949485212897	77	18	0.606017087512544	0.925821737544181
HROV-vOTU41752	Age	Age	0.111637390514628	0.215490187684629	77	8	0.606025301497114	0.925821737544181
HROV-vOTU31555	diagnosis	RA	-0.271862454960613	0.5250467036432	77	58	0.606216427444377	0.925970150425235
HROV-vOTU60217	diagnosis	RA	-0.258797818533779	0.499819501689351	77	76	0.606219642096047	0.925970150425235
HROV-vOTU67091	Smoking_Status	Never_Smoker	-0.351756656805404	0.67995915853718	77	69	0.606540598116345	0.925970150425235
HROV-vOTU36685	Age	Age	-0.119689817246824	0.231420774407168	77	18	0.606627136312985	0.925970150425235
HROV-vOTU03930	Sex	M	-0.216876431245978	0.419064790125374	77	13	0.60639857198592	0.925970150425235
HROV-vOTU09573	Smoking_Status	Former_Smoker	0.441364553655295	0.853225723184812	77	14	0.606562090759379	0.925970150425235
HROV-vOTU25655	diagnosis	RA	-0.138897861576267	0.268402479108095	77	9	0.606416896403944	0.925970150425235
HROV-vOTU46391	Age	Age	-0.138755514029743	0.268297831995526	77	30	0.60664514240625	0.925970150425235
HROV-vOTU33631	diagnosis	RA	-0.25891446301378	0.500230765183827	77	32	0.606353291062935	0.925970150425235
HROV-vOTU23984	Smoking_Status	Never_Smoker	0.411583928959599	0.795519788363894	77	17	0.606500957645577	0.925970150425235
HROV-vOTU32998	Age	Age	-0.0734214697095124	0.141842777939848	77	9	0.606328523153357	0.925970150425235
HROV-vOTU34214	Smoking_Status	Former_Smoker	-0.546175758983107	1.05544931993747	77	13	0.60642847892844	0.925970150425235
HROV-vOTU20871	Sex	M	0.341465071134346	0.660165586310271	77	14	0.60659526128735	0.925970150425235
HROV-vOTU43100	Sex	M	-0.502501852611302	0.971792519099444	77	34	0.606702174356769	0.925995829772443
HROV-vOTU73429	Age	Age	-0.146776856870156	0.283973592541265	77	28	0.606854693326732	0.926100695727576
HROV-vOTU16888	Smoking_Status	Never_Smoker	0.297426771409285	0.575624153816962	77	11	0.606969228205637	0.926100695727576
HROV-vOTU12872	Sex	M	0.311846489840337	0.603535888841489	77	30	0.606971945345724	0.926100695727576
HROV-vOTU04346	Age	Age	-0.139606097146225	0.27014416614819	77	23	0.606913240909463	0.926100695727576
HROV-vOTU38448	Smoking_Status	Former_Smoker	-0.652571926647096	1.26276876195504	77	15	0.606916741891904	0.926100695727576
HROV-vOTU10130	diagnosis	RA	-0.269335580006559	0.522151008064109	77	72	0.607583218032798	0.926110403079636
HROV-vOTU44304	Sex	M	0.401500305329335	0.779011694738643	77	25	0.607876715438683	0.926110403079636
HROV-vOTU73219	Sex	M	0.586908270872822	1.14049528090816	77	59	0.608425080392517	0.926110403079636
HROV-vOTU58536	Sex	M	0.319895482105367	0.619757769785703	77	59	0.607345028447728	0.926110403079636
HROV-vOTU22815	Smoking_Status	Former_Smoker	0.712451151547565	1.38042548407518	77	52	0.60738136216054	0.926110403079636
HROV-vOTU25638	Sex	M	0.183684661003212	0.35575524929105	77	8	0.6072331682189	0.926110403079636
HROV-vOTU04498	Smoking_Status	Former_Smoker	1.1828986329014	2.29894529345618	77	52	0.608472738191254	0.926110403079636
HROV-vOTU47485	Age	Age	-0.121157154006577	0.235159336330799	77	8	0.608004606695883	0.926110403079636
HROV-vOTU47152	diagnosis	RA	0.195748718508335	0.379657913160989	77	18	0.607740949282208	0.926110403079636
HROV-vOTU49019	Sex	M	0.314320640141354	0.609462375271113	77	20	0.607642316556392	0.926110403079636
HROV-vOTU71516	diagnosis	RA	-0.267085977121745	0.519030881532588	77	18	0.608440610506365	0.926110403079636
HROV-vOTU28292	Smoking_Status	Former_Smoker	-0.71720755575392	1.39409452386359	77	36	0.608527322699014	0.926110403079636
HROV-vOTU46834	Smoking_Status	Former_Smoker	-0.808676579678904	1.56854789041779	77	25	0.60776519718718	0.926110403079636
HROV-vOTU16132	Smoking_Status	Former_Smoker	-0.755553027668495	1.46784302651435	77	46	0.608335592787903	0.926110403079636
HROV-vOTU67169	diagnosis	RA	-0.232363083919815	0.451503310282162	77	40	0.608400809858039	0.926110403079636
HROV-vOTU28099	diagnosis	RA	-0.187080777625207	0.362551317026369	77	10	0.607449432478156	0.926110403079636
HROV-vOTU06637	diagnosis	RA	0.291343774998806	0.566062636415625	77	30	0.60837191983719	0.926110403079636
HROV-vOTU08096	Sex	M	-0.346699276544601	0.671713848053578	77	31	0.607359473130746	0.926110403079636
HROV-vOTU67284	Smoking_Status	Former_Smoker	0.430552390293771	0.834372172689567	77	19	0.607444054671139	0.926110403079636
HROV-vOTU62036	Smoking_Status	Former_Smoker	0.595902674741281	1.15516106080826	77	13	0.607554176096435	0.926110403079636
HROV-vOTU74833	diagnosis	RA	0.356880206278896	0.69078483416716	77	36	0.607019950236063	0.926110403079636
HROV-vOTU48539	Age	Age	-0.082094414681423	0.159582184453884	77	15	0.608546623091799	0.926110403079636
HROV-vOTU19375	Sex	M	0.288277292384401	0.559092292467595	77	19	0.607724069359453	0.926110403079636
HROV-vOTU61630	Age	Age	-0.105991343529481	0.205739130632366	77	18	0.608032100134287	0.926110403079636
HROV-vOTU23838	Smoking_Status	Never_Smoker	0.316487806996312	0.61302697023429	77	16	0.607269651433234	0.926110403079636
HROV-vOTU40801	diagnosis	RA	0.202666285899149	0.392784181336442	77	10	0.607475982411882	0.926110403079636
HROV-vOTU58951	diagnosis	RA	0.125977333806806	0.244752456025548	77	11	0.608352059673274	0.926110403079636
HROV-vOTU74047	Smoking_Status	Former_Smoker	-0.577771687916817	1.12128921966395	77	14	0.607961910546428	0.926110403079636
HROV-vOTU45180	Age	Age	-0.0949180641765965	0.184385482286435	77	14	0.608305254991533	0.926110403079636
HROV-vOTU71692	Smoking_Status	Never_Smoker	0.431630119899537	0.836916907283932	77	20	0.607639509818239	0.926110403079636
HROV-vOTU48096	Smoking_Status	Former_Smoker	0.546344972485776	1.0598036626061	77	12	0.607794525032529	0.926110403079636
HROV-vOTU66829	Age	Age	-0.115878111488292	0.22485289353911	77	8	0.607908863041205	0.926110403079636
HROV-vOTU16007	Smoking_Status	Former_Smoker	-0.256515977033609	0.498302309968615	77	8	0.608305773337808	0.926110403079636
HROV-vOTU38231	Smoking_Status	Never_Smoker	0.175563969611606	0.340735173371319	77	10	0.607978557380528	0.926110403079636
HROV-vOTU38477	Age	Age	0.116983624592938	0.227245651502741	77	13	0.608299203170806	0.926110403079636
HROV-vOTU07652	diagnosis	RA	-0.184929257195601	0.358982515497882	77	9	0.608049555140201	0.926110403079636
HROV-vOTU22117	Sex	M	0.156057819351451	0.303128303438109	77	12	0.608274846015573	0.926110403079636
HROV-vOTU28815	Age	Age	-0.0926833763976131	0.179853734202207	77	10	0.607925805048121	0.926110403079636
HROV-vOTU32330	Smoking_Status	Former_Smoker	-0.345393422906123	0.669526115466034	77	9	0.607542828471299	0.926110403079636
HROV-vOTU34692	Sex	M	0.432017662739623	0.839923145994232	77	27	0.608602017497886	0.926133504888088
HROV-vOTU03830	Sex	M	0.350105026568373	0.680774761615547	77	21	0.608657243171444	0.926156346893845
HROV-vOTU17409	diagnosis	RA	-0.12777930966373	0.24876790352284	77	9	0.609092466604476	0.926434961085013
HROV-vOTU49194	Sex	M	0.23376498025506	0.455106179875719	77	16	0.609092032979314	0.926434961085013
HROV-vOTU44668	Smoking_Status	Never_Smoker	0.59706291110633	1.16235727470533	77	44	0.609080729172859	0.926434961085013
HROV-vOTU42860	Smoking_Status	Former_Smoker	-0.646768706141722	1.25935270069626	77	33	0.609145593511756	0.926434961085013
HROV-vOTU43506	diagnosis	RA	-0.212189865253477	0.413106862416751	77	15	0.60909572799878	0.926434961085013
HROV-vOTU02418	Smoking_Status	Never_Smoker	-0.357768056382393	0.696539641351463	77	8	0.609101079475291	0.926434961085013
HROV-vOTU05499	Age	Age	-0.0653658832672767	0.127282780413098	77	13	0.609162163079043	0.926434961085013
HROV-vOTU66731	Age	Age	-0.100230217917478	0.195058532696889	77	8	0.608954600552726	0.926434961085013
HROV-vOTU63750	Smoking_Status	Never_Smoker	-0.598812771149812	1.16646618593715	77	50	0.60929589894697	0.926515982353827
HROV-vOTU65125	Smoking_Status	Never_Smoker	0.235230990467673	0.458199506618195	77	8	0.609278610580727	0.926515982353827
HROV-vOTU00854	diagnosis	RA	0.173614263242126	0.338243197288673	77	73	0.609347357951374	0.926533055171011
HROV-vOTU50639	diagnosis	RA	-0.304630959342447	0.593592388765986	77	51	0.60940542826001	0.926560177779628
HROV-vOTU66180	Smoking_Status	Former_Smoker	-0.547648754660841	1.06726976212049	77	10	0.609452966666907	0.926571284812442
HROV-vOTU24412	Sex	M	0.25428148326763	0.495730523439353	77	10	0.609583534918741	0.92660324963762
HROV-vOTU73786	Age	Age	0.0811826162280733	0.15828818622699	77	17	0.609628360176915	0.92660324963762
HROV-vOTU15154	Age	Age	0.0865778220104185	0.168831250720503	77	11	0.609678265446493	0.92660324963762
HROV-vOTU73863	Sex	M	0.241786431821254	0.471464741065148	77	16	0.60965452357127	0.92660324963762
HROV-vOTU08866	Smoking_Status	Former_Smoker	0.829782149725953	1.61828666617314	77	17	0.609715399262201	0.92660324963762
HROV-vOTU40204	diagnosis	RA	0.316698127253178	0.617313851069958	77	13	0.609525665373	0.92660324963762
HROV-vOTU46029	Smoking_Status	Never_Smoker	0.327611913434869	0.639022186780109	77	11	0.609768714841666	0.926623127865626
HROV-vOTU15698	Smoking_Status	Never_Smoker	0.636580200285044	1.24242099529393	77	30	0.609981813664725	0.926641238040805
HROV-vOTU06476	Sex	M	0.437131013349546	0.853114669662337	77	33	0.609965497971472	0.926641238040805
HROV-vOTU19833	Smoking_Status	Former_Smoker	-0.715909835935126	1.39663169854516	77	35	0.609824022329031	0.926641238040805
HROV-vOTU53025	Smoking_Status	Never_Smoker	0.32826122094591	0.640571399965239	77	12	0.609926214826548	0.926641238040805
HROV-vOTU43519	Smoking_Status	Former_Smoker	-0.362571409591507	0.707450777790305	77	11	0.60988901138746	0.926641238040805
HROV-vOTU04675	Sex	M	0.552223747553823	1.07812638376968	77	51	0.610095913393636	0.926718511762854
HROV-vOTU13265	diagnosis	RA	-0.423710933367346	0.827266180098852	77	48	0.610113160023812	0.926718511762854
HROV-vOTU02759	Smoking_Status	Former_Smoker	1.07075462420994	2.09091435336249	77	54	0.610171195962317	0.926745541318484
HROV-vOTU18958	diagnosis	RA	-0.334279807838307	0.65287068301127	77	31	0.610229267852582	0.926757069990961
HROV-vOTU70862	Smoking_Status	Former_Smoker	-0.409631924677241	0.800105705793651	77	12	0.610259269058312	0.926757069990961
HROV-vOTU46443	Smoking_Status	Never_Smoker	0.419294335287309	0.819243945285741	77	18	0.610374726398902	0.92687128768078
HROV-vOTU09854	Smoking_Status	Never_Smoker	0.489129968734814	0.956456832869901	77	27	0.610659289384574	0.92704174835864706
HROV-vOTU41864	Smoking_Status	Former_Smoker	1.03528833043784	2.02505071517077	77	33	0.610768755876932	0.92704174835864706
HROV-vOTU33173	Age	Age	-0.114011443724763	0.222918518032272	77	18	0.610623693369175	0.92704174835864706
HROV-vOTU59579	Smoking_Status	Former_Smoker	0.542070616115145	1.06024719099986	77	31	0.610749632697249	0.92704174835864706
HROV-vOTU11971	Sex	M	0.264433359849976	0.517083245835015	77	10	0.610661849712467	0.92704174835864706
HROV-vOTU72882	Smoking_Status	Former_Smoker	-0.612197596287034	1.19746035822227	77	20	0.610764606464113	0.92704174835864706
HROV-vOTU60854	Sex	M	-0.222303699951874	0.434674635740589	77	12	0.610640020351755	0.92704174835864706
HROV-vOTU26731	Sex	M	0.396072084770934	0.775233264554895	77	64	0.611001229842789	0.927166908275946
HROV-vOTU29201	diagnosis	RA	-0.303529027263862	0.594017014224531	77	48	0.610952453105002	0.927166908275946
HROV-vOTU62337	Smoking_Status	Never_Smoker	0.594274797552609	1.1632121419583	77	22	0.611012252145203	0.927166908275946
HROV-vOTU49518	Age	Age	-0.0572191335467275	0.1119893720135	77	8	0.610982679728459	0.927166908275946
HROV-vOTU62233	Smoking_Status	Former_Smoker	-0.777400531177588	1.52220457634609	77	26	0.611140559790235	0.927178332804289
HROV-vOTU11730	Smoking_Status	Never_Smoker	0.455330806712698	0.891433041525799	77	9	0.61108607199773	0.927178332804289
HROV-vOTU29940	Smoking_Status	Former_Smoker	-0.608792727841406	1.19204051164473	77	8	0.611135126589726	0.927178332804289
HROV-vOTU18116	Sex	M	0.330229301770159	0.646929476551772	77	76	0.6113151670097	0.927198913081756
HROV-vOTU61207	Age	Age	0.133967711104289	0.262423626018474	77	15	0.611283600712174	0.927198913081756
HROV-vOTU47932	Smoking_Status	Former_Smoker	0.996858773242114	1.95270276326256	77	51	0.611283363771553	0.927198913081756
HROV-vOTU19997	Smoking_Status	Never_Smoker	-0.270386260982096	0.529609815794164	77	14	0.611257888921275	0.927198913081756
HROV-vOTU70220	Smoking_Status	Former_Smoker	0.544180229455779	1.06675823144856	77	18	0.611546011035472	0.927441188955338
HROV-vOTU60785	Smoking_Status	Former_Smoker	-0.217216025437358	0.425820562879746	77	9	0.611555444875196	0.927441188955338
HROV-vOTU01212	diagnosis	RA	-0.199169404768572	0.390700572388154	77	26	0.611790056816917	0.927536139420702
HROV-vOTU13279	Smoking_Status	Never_Smoker	-0.592612090449017	1.16256150879119	77	57	0.61180970261463	0.927536139420702
HROV-vOTU48475	Age	Age	0.179978752232266	0.353151138178745	77	49	0.611886560806758	0.927536139420702
HROV-vOTU34716	Age	Age	-0.10019855646142	0.196622791588767	77	43	0.611913572593017	0.927536139420702
HROV-vOTU20305	Age	Age	0.11638308322671	0.228346104119859	77	9	0.611857415139642	0.927536139420702
HROV-vOTU01432	diagnosis	RA	-0.368585382800587	0.723076160601989	77	50	0.611810114216257	0.927536139420702
HROV-vOTU37450	Sex	M	0.161355886325118	0.316586720394788	77	11	0.6118607961722	0.927536139420702
HROV-vOTU09705	diagnosis	RA	0.0981054290929965	0.192529842114348	77	8	0.611940256289976	0.927536139420702
HROV-vOTU26034	Sex	M	0.479028789577271	0.94030645562514	77	56	0.612024329932761	0.92760252177370806
HROV-vOTU65186	diagnosis	RA	0.420746013596467	0.825996073040423	77	44	0.612065359864784	0.927603661337587
HROV-vOTU30169	Age	Age	0.144785258174428	0.284287524882128	77	31	0.612127085858479	0.927636164198247
HROV-vOTU50896	diagnosis	RA	-0.356050173150403	0.699812478031715	77	59	0.612484296055209	0.927811177935373
HROV-vOTU70449	Smoking_Status	Never_Smoker	0.540794819335539	1.06288730118015	77	39	0.612471398643081	0.927811177935373
HROV-vOTU02568	diagnosis	RA	-0.254575020780824	0.500205560480037	77	54	0.612371729087439	0.927811177935373
HROV-vOTU02199	diagnosis	RA	0.187919973642186	0.369329334351319	77	15	0.612460093754986	0.927811177935373
HROV-vOTU72977	Age	Age	0.0666280700663266	0.130900687762187	77	10	0.612332472303129	0.927811177935373
HROV-vOTU61239	Sex	M	-0.201276218593224	0.39542148198335	77	10	0.612318659429475	0.927811177935373
HROV-vOTU15752	diagnosis	RA	-0.138480413798768	0.27222883710739	77	18	0.612545813039925	0.927843335589941
HROV-vOTU74677	Smoking_Status	Never_Smoker	0.446474420691823	0.877794671191367	77	29	0.612587135098907	0.927844901106731
HROV-vOTU71805	Age	Age	0.188585090135966	0.370904036789505	77	30	0.612716063333293	0.927918125768773
HROV-vOTU17948	Smoking_Status	Former_Smoker	0.683010562466749	1.34317678888433	77	37	0.612676495468891	0.927918125768773
HROV-vOTU36027	Age	Age	0.141765719036954	0.27889197561763	77	60	0.612806368665944	0.927932847023255
HROV-vOTU20490	Age	Age	-0.0931789817217834	0.183292364088282	77	22	0.612775028681121	0.927932847023255
HROV-vOTU73719	Sex	M	0.16994487936756	0.33437083328277	77	11	0.61285169185733	0.927940464396733
HROV-vOTU61921	diagnosis	RA	-0.478993415423259	0.948135818549394	77	42	0.614986578371202	0.927946620535359
HROV-vOTU54200	Age	Age	-0.122431604834206	0.242406900807688	77	73	0.615076324905872	0.927946620535359
HROV-vOTU58889	Smoking_Status	Former_Smoker	-0.532550962235675	1.05641450833582	77	74	0.615743647525302	0.927946620535359
HROV-vOTU39150	Smoking_Status	Former_Smoker	-0.540579878614554	1.07650734680417	77	75	0.617108208014286	0.927946620535359
HROV-vOTU52091	diagnosis	RA	-0.362303316541231	0.723040747931242	77	68	0.617862835255591	0.927946620535359
HROV-vOTU16615	Age	Age	0.10932834206996	0.216127714618914	77	58	0.614528497145157	0.927946620535359
HROV-vOTU10130	Sex	M	-0.347252240858481	0.689151126463161	77	72	0.615902863096832	0.927946620535359
HROV-vOTU04832	Smoking_Status	Former_Smoker	0.586246595842209	1.17013990549004	77	73	0.617916953935851	0.927946620535359
HROV-vOTU07385	Sex	M	-0.374697617677847	0.739392720409794	77	71	0.613890659317993	0.927946620535359
HROV-vOTU00906	Sex	M	-0.304529787471723	0.605912941082658	77	73	0.616803317314387	0.927946620535359
HROV-vOTU69864	Smoking_Status	Former_Smoker	0.781892569958703	1.54700420855272	77	43	0.614826753502281	0.927946620535359
HROV-vOTU66220	diagnosis	RA	0.332126799762345	0.656181667394143	77	55	0.614318930993205	0.927946620535359
HROV-vOTU66467	Age	Age	0.123086442563104	0.24588491771542	77	77	0.618211066979482	0.927946620535359
HROV-vOTU70050	Smoking_Status	Former_Smoker	0.283770691875716	0.567584037454067	77	76	0.618647570235602	0.927946620535359
HROV-vOTU59570	Smoking_Status	Former_Smoker	-0.62542136555227	1.24765518792269	77	73	0.617726607754321	0.927946620535359
HROV-vOTU17993	diagnosis	RA	0.352809343946155	0.703195273460043	77	67	0.617414575477129	0.927946620535359
HROV-vOTU28978	diagnosis	RA	0.208196155200647	0.416097929541527	77	75	0.618373445884416	0.927946620535359
HROV-vOTU29883	Age	Age	0.179389278467484	0.356583004939554	77	74	0.616466128893864	0.927946620535359
HROV-vOTU08373	Sex	M	0.221534270195051	0.437715738151517	77	30	0.614344220534342	0.927946620535359
HROV-vOTU52562	Smoking_Status	Never_Smoker	0.407826191105324	0.811090260054213	77	72	0.616652386014634	0.927946620535359
HROV-vOTU20527	Smoking_Status	Former_Smoker	0.786461131913883	1.5574493088169	77	53	0.615145573404018	0.927946620535359
HROV-vOTU45866	Age	Age	0.168874823396347	0.332822301390021	77	12	0.613445047759922	0.927946620535359
HROV-vOTU63038	Sex	M	0.319514941552678	0.636768465467772	77	72	0.617377790050121	0.927946620535359
HROV-vOTU03337	Sex	M	-0.381714020742382	0.752537979756558	77	75	0.613561476892226	0.927946620535359
HROV-vOTU69059	Sex	M	-0.31360501370802	0.619362856852992	77	33	0.614190300924958	0.927946620535359
HROV-vOTU07207	Sex	M	-0.553086778786411	1.09973747997994	77	21	0.616572741993414	0.927946620535359
HROV-vOTU27058	Smoking_Status	Never_Smoker	0.256573048017006	0.512511491122312	77	76	0.618187577250112	0.927946620535359
HROV-vOTU67940	Sex	M	0.286337334603138	0.563734764537168	77	13	0.613077414338103	0.927946620535359
HROV-vOTU11600	Smoking_Status	Former_Smoker	0.731360301378294	1.44436434059232	77	66	0.614176634952736	0.927946620535359
HROV-vOTU00162	Smoking_Status	Former_Smoker	0.718522666072029	1.43764578012222	77	69	0.61876755545559	0.927946620535359
HROV-vOTU20726	Smoking_Status	Never_Smoker	0.789954441923262	1.57528578820041	77	42	0.617593611676959	0.927946620535359
HROV-vOTU36489	diagnosis	RA	-0.326906183245726	0.648646313820732	77	37	0.615834232393935	0.927946620535359
HROV-vOTU41864	Smoking_Status	Never_Smoker	-0.724272683348677	1.43451618094962	77	33	0.615199757455346	0.927946620535359
HROV-vOTU53337	diagnosis	RA	-0.338528295248658	0.676635686423728	77	60	0.618403364466019	0.927946620535359
HROV-vOTU21435	diagnosis	RA	0.284059243890701	0.562466256288294	77	71	0.615105668466674	0.927946620535359
HROV-vOTU52804	Smoking_Status	Former_Smoker	-0.726310219111077	1.44277072948454	77	62	0.616231911447981	0.927946620535359
HROV-vOTU65815	Smoking_Status	Former_Smoker	-0.568020712401228	1.11774497923424	77	63	0.612899248440266	0.927946620535359
HROV-vOTU18912	Age	Age	0.0807719746328478	0.160328000660863	77	15	0.615967159853231	0.927946620535359
HROV-vOTU61421	Age	Age	-0.196425653847098	0.39000281390809	77	21	0.6160651794313	0.927946620535359
HROV-vOTU73429	diagnosis	RA	-0.279161201876964	0.555045340154103	77	28	0.61655463787719	0.927946620535359
HROV-vOTU56503	diagnosis	RA	-0.240646563694551	0.479277101151361	77	71	0.617148578658287	0.927946620535359
HROV-vOTU07569	Sex	M	-0.477304152606018	0.945649479004197	77	68	0.61530668597951	0.927946620535359
HROV-vOTU61540	Smoking_Status	Former_Smoker	0.950345365433472	1.87985222184632	77	63	0.61474368239734	0.927946620535359
HROV-vOTU09667	diagnosis	RA	-0.418198558479601	0.825812072227676	77	54	0.614138628121172	0.927946620535359
HROV-vOTU31882	Smoking_Status	Former_Smoker	0.738445626426931	1.46646243193033	77	56	0.61613239163078	0.927946620535359
HROV-vOTU48273	Smoking_Status	Former_Smoker	-0.507139279178761	1.00734569027265	77	28	0.616212548558282	0.927946620535359
HROV-vOTU34779	Smoking_Status	Never_Smoker	-0.314188410377065	0.6251209526805	77	32	0.616798010503487	0.927946620535359
HROV-vOTU18867	diagnosis	RA	-0.269497057528772	0.535107235401651	77	26	0.616079178362684	0.927946620535359
HROV-vOTU71081	Age	Age	-0.098396218921322	0.19478766590705	77	11	0.615020741858807	0.927946620535359
HROV-vOTU26023	Age	Age	0.110141701918408	0.218277434763624	77	72	0.615405838573363	0.927946620535359
HROV-vOTU00955	Smoking_Status	Never_Smoker	-0.532979159075372	1.06499371419289	77	47	0.618304012839607	0.927946620535359
HROV-vOTU48486	Sex	M	0.411165116824497	0.818222692249975	77	71	0.616863885676953	0.927946620535359
HROV-vOTU64693	Age	Age	0.0950328331601226	0.187176738804237	77	11	0.613225391551733	0.927946620535359
HROV-vOTU61467	Sex	M	0.303930821417811	0.602128980709326	77	17	0.615290287748745	0.927946620535359
HROV-vOTU13913	diagnosis	RA	-0.343576349061444	0.681307539543624	77	54	0.615619268677376	0.927946620535359
HROV-vOTU12841	diagnosis	RA	-0.36961132648519	0.739009296962094	77	46	0.618520119350923	0.927946620535359
HROV-vOTU49433	diagnosis	RA	0.20253216484831	0.403606724004613	77	21	0.61735677306503	0.927946620535359
HROV-vOTU13413	Smoking_Status	Former_Smoker	-0.378166915092512	0.745790413675263	77	19	0.613678004530587	0.927946620535359
HROV-vOTU34646	diagnosis	RA	0.30549925419913	0.605964291535462	77	40	0.615714184856496	0.927946620535359
HROV-vOTU14110	Sex	M	0.344701967761512	0.682445200586655	77	33	0.615054045115714	0.927946620535359
HROV-vOTU09968	Smoking_Status	Former_Smoker	-0.624741853718001	1.23175520999211	77	40	0.613588782514324	0.927946620535359
HROV-vOTU66693	Age	Age	0.0715269066870653	0.142728769282909	77	11	0.617823743665102	0.927946620535359
HROV-vOTU57502	Sex	M	0.358415566636842	0.709432867866905	77	26	0.614973111269603	0.927946620535359
HROV-vOTU41142	Smoking_Status	Former_Smoker	0.514504665549308	1.02457773154691	77	18	0.617106972883269	0.927946620535359
HROV-vOTU16189	Age	Age	0.1881477257903	0.374506017621334	77	62	0.616948536295206	0.927946620535359
HROV-vOTU50270	Smoking_Status	Former_Smoker	-0.70644922172927	1.3996671963081	77	43	0.615313881220256	0.927946620535359
HROV-vOTU34659	Smoking_Status	Never_Smoker	-0.590198192802354	1.16389222104926	77	34	0.613663027472729	0.927946620535359
HROV-vOTU60614	Sex	M	-0.315422104981241	0.625897514629061	77	18	0.615855555917984	0.927946620535359
HROV-vOTU37217	Sex	M	0.20816869440582	0.41066162816744	77	18	0.613788380551328	0.927946620535359
HROV-vOTU34386	Age	Age	0.127154955631193	0.253466478060784	77	23	0.617456117983454	0.927946620535359
HROV-vOTU07511	Sex	M	0.40222597046606	0.800057041007941	77	62	0.61669836510886	0.927946620535359
HROV-vOTU24776	diagnosis	RA	0.14601200509234	0.289751384248748	77	11	0.615876530574794	0.927946620535359
HROV-vOTU50051	diagnosis	RA	0.335606675806359	0.670109591631091	77	44	0.618044393675188	0.927946620535359
HROV-vOTU49221	Sex	M	-0.423784902349513	0.843094034938954	77	27	0.616762901522936	0.927946620535359
HROV-vOTU20117	Age	Age	0.200201630850474	0.399664678632268	77	27	0.617974061093792	0.927946620535359
HROV-vOTU34299	Smoking_Status	Never_Smoker	0.440766157272295	0.879812327083853	77	23	0.617936618779299	0.927946620535359
HROV-vOTU17545	Smoking_Status	Former_Smoker	0.456800243836639	0.904813078775635	77	10	0.615223477476575	0.927946620535359
HROV-vOTU27152	Sex	M	-0.286353246286838	0.5725715650174	77	27	0.618538702192907	0.927946620535359
HROV-vOTU21646	Age	Age	-0.122365111618354	0.241332890808133	77	19	0.61369890041245	0.927946620535359
HROV-vOTU30442	Sex	M	0.201388760124338	0.397267145882759	77	10	0.61377103689796	0.927946620535359
HROV-vOTU10940	Smoking_Status	Former_Smoker	0.846462735685988	1.67382503258123	77	52	0.614629790687301	0.927946620535359
HROV-vOTU51438	diagnosis	RA	-0.194400471717538	0.385002316230661	77	20	0.61516943809502	0.927946620535359
HROV-vOTU07919	diagnosis	RA	-0.261714559927392	0.516798935427612	77	50	0.61413458138599	0.927946620535359
HROV-vOTU65305	Age	Age	0.0823985538340704	0.163321630148299	77	9	0.615460292509565	0.927946620535359
HROV-vOTU73077	Smoking_Status	Former_Smoker	0.745638064694035	1.48380594463906	77	28	0.616858848650045	0.927946620535359
HROV-vOTU10505	diagnosis	RA	0.219079006630286	0.433590995460322	77	30	0.614936573082918	0.927946620535359
HROV-vOTU07693	Age	Age	-0.141742551098875	0.283144427576998	77	23	0.618199848461749	0.927946620535359
HROV-vOTU22906	Smoking_Status	Former_Smoker	-0.646559744963932	1.27604643130522	77	36	0.613942450891573	0.927946620535359
HROV-vOTU26082	Age	Age	0.157782148714805	0.315706307900095	77	34	0.618778821170712	0.927946620535359
HROV-vOTU72547	Smoking_Status	Never_Smoker	0.221580363877406	0.443097407614184	77	10	0.618571189371272	0.927946620535359
HROV-vOTU21643	Sex	M	-0.204958294240237	0.407389463268166	77	18	0.616450034042736	0.927946620535359
HROV-vOTU07540	Sex	M	-0.277968822883383	0.553162221534335	77	17	0.616864829939117	0.927946620535359
HROV-vOTU36564	diagnosis	RA	0.238256746223071	0.475489008606715	77	19	0.617866722823552	0.927946620535359
HROV-vOTU54452	diagnosis	RA	-0.283648105149365	0.560211241457601	77	48	0.614198257434235	0.927946620535359
HROV-vOTU19692	Age	Age	-0.0903919967903243	0.179820051097792	77	10	0.616744762930781	0.927946620535359
HROV-vOTU42099	Smoking_Status	Never_Smoker	-0.397118387000735	0.788333110181846	77	10	0.616000491867299	0.927946620535359
HROV-vOTU23789	diagnosis	RA	-0.272172741389899	0.537674021471483	77	27	0.614281694766639	0.927946620535359
HROV-vOTU70292	diagnosis	RA	-0.238569808158761	0.475724294089622	77	17	0.617579497561274	0.927946620535359
HROV-vOTU51865	Age	Age	0.21758427251009901	0.430119450744768	77	30	0.614515384607498	0.927946620535359
HROV-vOTU59663	Sex	M	0.361399104900122	0.717235767923128	77	21	0.615907287014292	0.927946620535359
HROV-vOTU16798	Smoking_Status	Never_Smoker	0.367819074940806	0.734503051069938	77	32	0.618080016459824	0.927946620535359
HROV-vOTU74797	Smoking_Status	Former_Smoker	-0.396007228837561	0.787832583101064	77	12	0.616763135225773	0.927946620535359
HROV-vOTU56260	Smoking_Status	Former_Smoker	0.934987447134902	1.86578076989746	77	41	0.617834048840436	0.927946620535359
HROV-vOTU60677	Smoking_Status	Never_Smoker	0.522503949884801	1.03258669385441	77	17	0.614413969291282	0.927946620535359
HROV-vOTU01921	Age	Age	0.111000068609683	0.220468296760104	77	53	0.616189536952126	0.927946620535359
HROV-vOTU17341	diagnosis	RA	-0.180774848587299	0.359856533054457	77	21	0.616974079942136	0.927946620535359
HROV-vOTU22789	Smoking_Status	Former_Smoker	0.88991017372401	1.76306472166531	77	37	0.61529621493693	0.927946620535359
HROV-vOTU01539	diagnosis	RA	0.171205324651879	0.341891315632508	77	20	0.618089258669585	0.927946620535359
HROV-vOTU01659	Smoking_Status	Former_Smoker	0.19884760517183	0.394165669075777	77	9	0.615488154479682	0.927946620535359
HROV-vOTU64692	Age	Age	0.102365734757298	0.202268425781708	77	28	0.614362323926865	0.927946620535359
HROV-vOTU55435	Smoking_Status	Never_Smoker	0.419532620083647	0.826167324003576	77	10	0.613163451738872	0.927946620535359
HROV-vOTU10652	Smoking_Status	Former_Smoker	0.379130159088332	0.758600852463477	77	21	0.618778498713286	0.927946620535359
HROV-vOTU46735	Sex	M	0.278312913100338	0.556728488119958	77	21	0.618685841429386	0.927946620535359
HROV-vOTU18134	Sex	M	-0.241726626879502	0.481685610563279	77	17	0.617336386602842	0.927946620535359
HROV-vOTU10455	Smoking_Status	Former_Smoker	-0.425614108232169	0.840060158748272	77	11	0.613972228804098	0.927946620535359
HROV-vOTU19458	diagnosis	RA	0.136232431370072	0.272177508869857	77	12	0.618251474741994	0.927946620535359
HROV-vOTU57499	Sex	M	0.208440925525694	0.413761203219806	77	9	0.615981838284109	0.927946620535359
HROV-vOTU41784	diagnosis	RA	-0.382258481985594	0.755609615321396	77	41	0.614498105549009	0.927946620535359
HROV-vOTU30602	Smoking_Status	Former_Smoker	-0.475270426017767	0.94294263307783	77	18	0.615801502628668	0.927946620535359
HROV-vOTU34373	Age	Age	0.05999457161755	0.119933774205695	77	8	0.618459539881547	0.927946620535359
HROV-vOTU49708	Sex	M	0.266168383653118	0.525252243869943	77	19	0.613904680032783	0.927946620535359
HROV-vOTU17808	Sex	M	-0.298769181299085	0.589300510578437	77	21	0.613733223659603	0.927946620535359
HROV-vOTU48283	Smoking_Status	Never_Smoker	-0.244516481334576	0.48771414136835	77	12	0.617674358547404	0.927946620535359
HROV-vOTU37106	diagnosis	RA	-0.423192888963023	0.845227591105048	77	37	0.618141340194528	0.927946620535359
HROV-vOTU50037	Smoking_Status	Never_Smoker	0.374394873177092	0.746825341654416	77	23	0.617700173685913	0.927946620535359
HROV-vOTU64126	diagnosis	RA	-0.142155071892145	0.280478248659315	77	10	0.613843885864585	0.927946620535359
HROV-vOTU24679	Smoking_Status	Former_Smoker	-0.301934637871989	0.595643549661092	77	9	0.613792290796224	0.927946620535359
HROV-vOTU24816	Smoking_Status	Former_Smoker	0.37099624530919	0.7386803710923	77	11	0.617051500178212	0.927946620535359
HROV-vOTU24645	Sex	M	-0.144623591180366	0.288365884990941	77	8	0.617551114870268	0.927946620535359
HROV-vOTU32309	Sex	M	-0.21067602640808	0.41618777065641	77	15	0.614281507906781	0.927946620535359
HROV-vOTU24094	Smoking_Status	Former_Smoker	-0.25379977960495	0.507394067534955	77	8	0.618479388263957	0.927946620535359
HROV-vOTU12076	Age	Age	-0.0871259449241659	0.174075957976858	77	8	0.618267267778835	0.927946620535359
HROV-vOTU46569	Sex	M	0.181321905435472	0.360861386448153	77	17	0.61689212438304	0.927946620535359
HROV-vOTU18413	Sex	M	-0.216461043591601	0.426475993134017	77	15	0.613336851950428	0.927946620535359
HROV-vOTU42454	Smoking_Status	Former_Smoker	-0.351671061929201	0.692895625160172	77	10	0.613350183120049	0.927946620535359
HROV-vOTU72028	diagnosis	RA	-0.0929778056430104	0.184267685130513	77	11	0.615416257125153	0.927946620535359
HROV-vOTU06659	diagnosis	RA	0.254246649339385	0.504785115453266	77	18	0.616050394812005	0.927946620535359
HROV-vOTU72113	diagnosis	RA	0.182772736160084	0.36445902371013	77	14	0.617577432239017	0.927946620535359
HROV-vOTU18880	diagnosis	RA	0.0939053254710243	0.184873849838383	77	14	0.613067966734282	0.927946620535359
HROV-vOTU37353	Smoking_Status	Former_Smoker	-0.226127921500289	0.45240943153891	77	8	0.618740170607103	0.927946620535359
HROV-vOTU71296	diagnosis	RA	-0.126173138717358	0.251016617960498	77	12	0.616766975454637	0.927946620535359
HROV-vOTU22923	Smoking_Status	Former_Smoker	0.467973260746622	0.935473927240558	77	9	0.618444294036268	0.927946620535359
HROV-vOTU17706	Age	Age	0.0998739572922778	0.197941337811618	77	14	0.615427914354733	0.927946620535359
HROV-vOTU05119	Smoking_Status	Former_Smoker	-0.432088656314738	0.863474915173912	77	11	0.618336331296276	0.927946620535359
HROV-vOTU50156	Age	Age	-0.146563539641276	0.290105167139431	77	12	0.614977238274655	0.927946620535359
HROV-vOTU12769	Smoking_Status	Never_Smoker	-0.21716840604723	0.432059716728365	77	9	0.616776340788494	0.927946620535359
HROV-vOTU22702	Age	Age	-0.0582794183788537	0.115508620302842	77	9	0.615440049898531	0.927946620535359
HROV-vOTU55741	Sex	M	-0.411404938877591	0.82348431646216	77	22	0.618908164243017	0.928080155131962
HROV-vOTU26654	Smoking_Status	Never_Smoker	0.381167473938842	0.763085325221304	77	20	0.618965743953496	0.928106067012762
HROV-vOTU44418	Age	Age	0.117146795292608	0.234663972988266	77	46	0.619174235147319	0.928297808439734
HROV-vOTU05518	Smoking_Status	Never_Smoker	-0.382344672180153	0.765854571777924	77	22	0.619154303365774	0.928297808439734
HROV-vOTU23522	diagnosis	RA	-0.197360350083042	0.395504635692089	77	18	0.619315732145264	0.928435145521947
HROV-vOTU67441	Sex	M	0.2639497057444	0.528994330282919	77	8	0.619346467245057	0.928435145521947
HROV-vOTU52407	Sex	M	-0.49297284340763	0.988209514859792	77	43	0.619423932838811	0.928490833980592
HROV-vOTU14994	Smoking_Status	Former_Smoker	-0.725088182608989	1.45378317218907	77	68	0.619490577504435	0.92853029612282
HROV-vOTU72250	Age	Age	-0.139867834537944	0.280513639718418	77	38	0.619593069505656	0.928567683912668
HROV-vOTU74911	Smoking_Status	Former_Smoker	-0.676037196306895	1.35584662875105	77	30	0.619596161471384	0.928567683912668
HROV-vOTU60823	diagnosis	RA	-0.263029028265028	0.527715664072539	77	67	0.619721974069547	0.928574955290935
HROV-vOTU52664	Smoking_Status	Former_Smoker	0.402024687378709	0.806479098160729	77	12	0.619676981207575	0.928574955290935
HROV-vOTU57313	Smoking_Status	Former_Smoker	0.441362382646169	0.885453265508212	77	14	0.619701071044923	0.928574955290935
HROV-vOTU15270	Sex	M	-0.241133639517545	0.483927596599461	77	16	0.619823579519865	0.928666777460314
HROV-vOTU41690	Age	Age	-0.110165242586013	0.221244855455249	77	75	0.620069689382432	0.928703352212149
HROV-vOTU46032	Sex	M	0.454458906323979	0.912366140399187	77	15	0.619945809074445	0.928703352212149
HROV-vOTU14934	Smoking_Status	Never_Smoker	0.771882807492425	1.55011066654887	77	29	0.62005581977804	0.928703352212149
HROV-vOTU40468	Sex	M	0.386071196311831	0.775660474299191	77	64	0.620210923014453	0.928703352212149
HROV-vOTU07603	Smoking_Status	Never_Smoker	0.667518859423782	1.34098500212015	77	45	0.620175649764979	0.928703352212149
HROV-vOTU04775	Sex	M	0.351973930159847	0.706997061832888	77	23	0.620132825423791	0.928703352212149
HROV-vOTU30475	Sex	M	0.549017934868424	1.1027982989715	77	35	0.620134790549328	0.928703352212149
HROV-vOTU46527	Smoking_Status	Former_Smoker	0.441347161552231	0.886488990919932	77	11	0.62012148724812	0.928703352212149
HROV-vOTU70612	Age	Age	-0.074571753887767	0.149733662459908	77	9	0.620002547660772	0.928703352212149
HROV-vOTU70215	Smoking_Status	Former_Smoker	0.856291218856426	1.72075661298511	77	30	0.620286233142672	0.928707964719399
HROV-vOTU31623	diagnosis	RA	-0.181002379122728	0.363741387922332	77	8	0.620294655376196	0.928707964719399
HROV-vOTU57416	Smoking_Status	Never_Smoker	0.565457489810863	1.1377786391633	77	37	0.620735973675379	0.928933147187787
HROV-vOTU45611	Smoking_Status	Former_Smoker	0.433281783015196	0.871653743300129	77	26	0.620668326209643	0.928933147187787
HROV-vOTU26417	Smoking_Status	Never_Smoker	-0.538306980795871	1.08315161857746	77	23	0.620737118761522	0.928933147187787
HROV-vOTU56568	diagnosis	RA	-0.280383999568733	0.563904018493295	77	32	0.620570660881543	0.928933147187787
HROV-vOTU45109	Smoking_Status	Never_Smoker	-0.361999195795612	0.727934900007388	77	16	0.620516821045526	0.928933147187787
HROV-vOTU35848	diagnosis	RA	0.223968308752305	0.45039972680994	77	22	0.62053819800156	0.928933147187787
HROV-vOTU75635	Age	Age	-0.180682708301768	0.363571053535879	77	55	0.620747930575334	0.928933147187787
HROV-vOTU75092	Age	Age	-0.105481934378163	0.212263572700216	77	24	0.620767743604865	0.928933147187787
HROV-vOTU32667	Smoking_Status	Never_Smoker	0.25987961776692	0.523054799019811	77	9	0.620830031969416	0.928965995468498
HROV-vOTU74379	Smoking_Status	Never_Smoker	-0.35927460547900397	0.723278642376339	77	13	0.620913630452429	0.929030724358071
HROV-vOTU28752	Age	Age	0.123015919998092	0.247754940058093	77	32	0.621059590493801	0.929137189447355
HROV-vOTU75446	diagnosis	RA	-0.135224753859832	0.272348217840481	77	8	0.621065475221563	0.929137189447355
HROV-vOTU72167	diagnosis	RA	-0.257610504855266	0.518991024062158	77	16	0.621168116930097	0.929230382130571
HROV-vOTU26100	diagnosis	RA	-0.265602347165538	0.535403252074975	77	55	0.621370877228129	0.929362376295352
HROV-vOTU31047	Sex	M	0.235567221437097	0.475001841946495	77	18	0.621476175558404	0.929362376295352
HROV-vOTU07517	Age	Age	0.160177637292176	0.323011209710896	77	38	0.621504453956909	0.929362376295352
HROV-vOTU01220	Age	Age	-0.131142769598492	0.26434690347693	77	54	0.621355465946925	0.929362376295352
HROV-vOTU45043	diagnosis	RA	0.270440129372398	0.545220833927677	77	12	0.621412739861777	0.929362376295352
HROV-vOTU65050	Sex	M	-0.148936489830457	0.30031042480116	77	11	0.621467245076549	0.929362376295352
HROV-vOTU14335	Age	Age	0.0770021741783327	0.15531401710056	77	8	0.621578157789296	0.929362376295352
HROV-vOTU61032	Sex	M	0.309463646785098	0.624192560725313	77	20	0.621579187237399	0.929362376295352
HROV-vOTU00473	Sex	M	0.412858929686363	0.833544115045189	77	45	0.621914044811257	0.929384461326419
HROV-vOTU49378	Age	Age	-0.173229537677841	0.350045167434804	77	50	0.622214465534193	0.929384461326419
HROV-vOTU73366	Sex	M	0.249344668172803	0.50388761734359	77	75	0.622239644341817	0.929384461326419
HROV-vOTU08970	Age	Age	0.159691731507244	0.322277300489281	77	38	0.621770167403402	0.929384461326419
HROV-vOTU33018	diagnosis	RA	-0.346113850287874	0.699280007866949	77	52	0.622158431363517	0.929384461326419
HROV-vOTU64636	Age	Age	-0.156494808443446	0.316233883969607	77	30	0.622219529569696	0.929384461326419
HROV-vOTU04934	Age	Age	-0.167272412477353	0.337925214707983	77	60	0.622129729401248	0.929384461326419
HROV-vOTU64314	diagnosis	RA	-0.16495253133666	0.333194308776707	77	14	0.622083547406069	0.929384461326419
HROV-vOTU44820	Smoking_Status	Former_Smoker	0.385000593167472	0.777686686739963	77	9	0.622087290582667	0.929384461326419
HROV-vOTU51500	Smoking_Status	Never_Smoker	0.315304599157329	0.636127322362672	77	16	0.621663168764525	0.929384461326419
HROV-vOTU06360	diagnosis	RA	0.223391888542042	0.451199340230691	77	29	0.622053497124774	0.929384461326419
HROV-vOTU64497	Age	Age	0.10453300321249	0.211164288497519	77	21	0.622106328084754	0.929384461326419
HROV-vOTU23237	Smoking_Status	Never_Smoker	0.215069253319183	0.434115525591285	77	10	0.621834016213808	0.929384461326419
HROV-vOTU57629	Sex	M	0.20114536672907	0.406402651444589	77	9	0.622169930585699	0.929384461326419
HROV-vOTU62744	diagnosis	RA	0.253262507201273	0.511420430638336	77	14	0.62197832288935	0.929384461326419
HROV-vOTU74773	Smoking_Status	Never_Smoker	0.28832461117551	0.582275726965292	77	10	0.622010192247122	0.929384461326419
HROV-vOTU29781	Smoking_Status	Never_Smoker	0.215276502527677	0.435093580873371	77	10	0.622281616778425	0.929386876420695
HROV-vOTU40298	Smoking_Status	Former_Smoker	0.822445585349623	1.66255244040905	77	56	0.622347338158314	0.929424758302702
HROV-vOTU69542	Sex	M	0.472405104328305	0.956984541246323	77	57	0.623084602258574	0.929621559342768
HROV-vOTU45294	Sex	M	-0.318295406389243	0.64385365265533	77	36	0.62257821037555106	0.929621559342768
HROV-vOTU55642	Smoking_Status	Never_Smoker	0.598599162547072	1.21245503119775	77	40	0.623036024609001	0.929621559342768
HROV-vOTU42209	Sex	M	0.566789031015765	1.1471945842955	77	50	0.622785181894719	0.929621559342768
HROV-vOTU22345	diagnosis	RA	-0.369014161947325	0.74749649081568	77	34	0.623065256379995	0.929621559342768
HROV-vOTU04018	Smoking_Status	Former_Smoker	-0.643239190630522	1.30285961257107	77	25	0.623032501010954	0.929621559342768
HROV-vOTU05302	Age	Age	-0.119096394174095	0.24123462748459	77	57	0.623045212278051	0.929621559342768
HROV-vOTU66207	Smoking_Status	Never_Smoker	0.582991929748349	1.17989476669651	77	31	0.62275726737195	0.929621559342768
HROV-vOTU67169	Sex	M	0.294229949055842	0.595908099529312	77	40	0.623006364349562	0.929621559342768
HROV-vOTU55368	Smoking_Status	Never_Smoker	-0.73261441349371	1.48276204742486	77	24	0.622769474964008	0.929621559342768
HROV-vOTU20887	diagnosis	RA	-0.209200401109154	0.423634550118757	77	36	0.62295558379918	0.929621559342768
HROV-vOTU31167	Smoking_Status	Former_Smoker	0.703160387508688	1.42380987782543	77	29	0.622930608097935	0.929621559342768
HROV-vOTU69621	Sex	M	-0.241621245596108	0.488745115038721	77	8	0.622570627204845	0.929621559342768
HROV-vOTU08866	Smoking_Status	Never_Smoker	0.566454094728024	1.14637050353804	77	17	0.62274091930369	0.929621559342768
HROV-vOTU09662	Smoking_Status	Never_Smoker	0.335890851188632	0.679982175817286	77	11	0.622852086849522	0.929621559342768
HROV-vOTU66180	diagnosis	RA	0.218449113113868	0.442607441227414	77	10	0.623146976198947	0.929654392813484
HROV-vOTU07116	Smoking_Status	Former_Smoker	0.588158646222232	1.19184425547075	77	27	0.6231921803507	0.929661608594158
HROV-vOTU67651	Sex	M	0.376334815448723	0.763338377157179	77	56	0.623525645874487	0.929916546341612
HROV-vOTU05596	Sex	M	0.417505216757935	0.846780598488721	77	59	0.623498743694344	0.929916546341612
HROV-vOTU16618	Smoking_Status	Never_Smoker	-0.587717811728471	1.19245649145065	77	46	0.62363017544729	0.929916546341612
HROV-vOTU70315	diagnosis	RA	-0.310570047572068	0.629959005621479	77	49	0.623533643098032	0.929916546341612
HROV-vOTU72658	diagnosis	RA	0.127968247007804	0.2596844879377	77	10	0.623686103985781	0.929916546341612
HROV-vOTU46573	Age	Age	-0.103569196207697	0.210169239822926	77	17	0.623681923646952	0.929916546341612
HROV-vOTU22859	Sex	M	-0.214239775869713	0.43452778429121097	77	11	0.62350549049443	0.929916546341612
HROV-vOTU72013	Sex	M	-0.267341071381053	0.542463269576743	77	12	0.623654881111129	0.929916546341612
HROV-vOTU56428	diagnosis	RA	-0.203336754098308	0.413183467250008	77	77	0.624151201130988	0.930199948750292
HROV-vOTU40817	Age	Age	0.119336027670682	0.24282967279324	77	76	0.624631643928978	0.930199948750292
HROV-vOTU43253	Sex	M	0.556110664050127	1.13081419405198	77	38	0.62439261247059	0.930199948750292
HROV-vOTU15473	Smoking_Status	Former_Smoker	0.782883715371141	1.59053194640376	77	56	0.624085912246807	0.930199948750292
HROV-vOTU63903	Sex	M	0.453623679447226	0.922891286480084	77	52	0.624571649942865	0.930199948750292
HROV-vOTU35300	Age	Age	0.134343535374942	0.273395781699593	77	68	0.624667357971948	0.930199948750292
HROV-vOTU29916	Smoking_Status	Former_Smoker	-0.792324581153751	1.61356626765005	77	53	0.624913001797129	0.930199948750292
HROV-vOTU00293	Sex	M	-0.531503474763896	1.08307972347993	77	28	0.625128293825804	0.930199948750292
HROV-vOTU28487	Smoking_Status	Former_Smoker	-0.740022459250354	1.50636960281312	77	48	0.624756199792671	0.930199948750292
HROV-vOTU01491	Age	Age	0.156150568750293	0.317814603695957	77	50	0.624711334649344	0.930199948750292
HROV-vOTU37302	Smoking_Status	Never_Smoker	0.473770165604222	0.96235836312306	77	41	0.624025310681641	0.930199948750292
HROV-vOTU43532	Sex	M	0.282003018107749	0.573608913803759	77	65	0.624497834860705	0.930199948750292
HROV-vOTU28920	Smoking_Status	Former_Smoker	0.522892731167374	1.06488865372578	77	68	0.624919302400356	0.930199948750292
HROV-vOTU14994	Sex	M	0.390567089761407	0.795724065841563	77	68	0.625058723501218	0.930199948750292
HROV-vOTU27047	Sex	M	0.467524609970637	0.951437961435822	77	48	0.624668124071591	0.930199948750292
HROV-vOTU51674	Sex	M	0.268051415580047	0.546198105689575	77	24	0.625110611709261	0.930199948750292
HROV-vOTU57111	Sex	M	0.295450201527111	0.601665094137568	77	15	0.624902538081091	0.930199948750292
HROV-vOTU33539	Smoking_Status	Never_Smoker	-0.38456003084108	0.782688265517574	77	17	0.624706876735252	0.930199948750292
HROV-vOTU38135	Age	Age	0.0943447582974891	0.192089004063775	77	11	0.624834264495356	0.930199948750292
HROV-vOTU48546	Smoking_Status	Former_Smoker	1.13231235255996	2.30098038835617	77	24	0.624166840313291	0.930199948750292
HROV-vOTU71313	Sex	M	-0.346603465427106	0.704549471727881	77	19	0.624271966116621	0.930199948750292
HROV-vOTU12337	Sex	M	0.303484861390118	0.617975693332278	77	18	0.624873761109543	0.930199948750292
HROV-vOTU71719	diagnosis	RA	0.240008865116032	0.488342998725546	77	24	0.62460577182207	0.930199948750292
HROV-vOTU44352	diagnosis	RA	0.264751163482761	0.537691285518238	77	12	0.623966315990422	0.930199948750292
HROV-vOTU07448	diagnosis	RA	-0.341800890134071	0.695151675603019	77	27	0.624453432832793	0.930199948750292
HROV-vOTU25255	Sex	M	-0.466392285962135	0.949451539801771	77	15	0.62478389928825	0.930199948750292
HROV-vOTU04724	Age	Age	0.0984198267023793	0.200498647793134	77	9	0.625028500084362	0.930199948750292
HROV-vOTU13956	diagnosis	RA	0.273781586826368	0.556292621481636	77	26	0.624128895759672	0.930199948750292
HROV-vOTU49708	diagnosis	RA	0.195454554167685	0.397969295983276	77	19	0.624849419765501	0.930199948750292
HROV-vOTU67070	diagnosis	RA	-0.189631925043592	0.386231361371153	77	19	0.624954697086231	0.930199948750292
HROV-vOTU15925	diagnosis	RA	-0.15707763075353	0.319951904539752	77	9	0.624981966838764	0.930199948750292
HROV-vOTU17583	Sex	M	0.286338176111005	0.583641211253614	77	48	0.625217659953627	0.93027282004988
HROV-vOTU02275	Age	Age	0.169440050205059	0.345410882028532	77	11	0.625259998337077	0.930275713011363
HROV-vOTU12852	Sex	M	0.35236829650236	0.71843155973786	77	72	0.62531456163229	0.930294872112352
HROV-vOTU04103	Smoking_Status	Former_Smoker	0.586406328275112	1.19573905477892	77	9	0.625353665443826	0.930294872112352
HROV-vOTU33744	Sex	M	-0.378821537784308	0.77259824676676	77	19	0.625418278846035	0.930330897934645
HROV-vOTU55256	Smoking_Status	Never_Smoker	-0.300260315426682	0.612919198419334	77	74	0.625725152225103	0.930361424178664
HROV-vOTU31854	Sex	M	-0.361929661710299	0.739059701479367	77	72	0.625844321126519	0.930361424178664
HROV-vOTU56571	diagnosis	RA	-0.304581618868978	0.622243874454372	77	62	0.62600436947775	0.930361424178664
HROV-vOTU71197	diagnosis	RA	-0.15096452274925	0.308071739370973	77	11	0.625623216191677	0.930361424178664
HROV-vOTU73571	Smoking_Status	Former_Smoker	0.957322251287274	1.95309159790846	77	63	0.625533829822199	0.930361424178664
HROV-vOTU16041	Age	Age	-0.127179665941151	0.259665422269435	77	60	0.625797546093309	0.930361424178664
HROV-vOTU31297	Age	Age	0.0999301509780308	0.203910325910891	77	21	0.625595976425117	0.930361424178664
HROV-vOTU56218	Age	Age	0.166424503698979	0.339788982237038	77	45	0.62579403627558	0.930361424178664
HROV-vOTU08968	Smoking_Status	Former_Smoker	-0.569613882282719	1.1633162229237901	77	24	0.625893449822211	0.930361424178664
HROV-vOTU14210	Sex	M	-0.34746978891027003	0.709232399016495	77	12	0.625698327522145	0.930361424178664
HROV-vOTU33092	diagnosis	RA	0.220294738882182	0.450050290043809	77	15	0.626004354564609	0.930361424178664
HROV-vOTU03500	Sex	M	-0.280105157693029	0.572002889605729	77	17	0.62586160864469	0.930361424178664
HROV-vOTU31955	Sex	M	-0.435253358690226	0.888766325378576	77	62	0.625836471614211	0.930361424178664
HROV-vOTU14822	diagnosis	RA	0.173230464752535	0.353853906054718	77	9	0.625958950673438	0.930361424178664
HROV-vOTU28648	Sex	M	-0.53115497846318	1.08541363357846	77	43	0.626097292404515	0.930439481452925
HROV-vOTU72898	Smoking_Status	Former_Smoker	-0.402901149982133	0.823524332528292	77	16	0.626179751468949	0.930441943114388
HROV-vOTU15351	Smoking_Status	Former_Smoker	-0.629817000539897	1.28730926145623	77	25	0.626172281479328	0.930441943114388
HROV-vOTU55031	Sex	M	0.233791008485121	0.478563334483226	77	74	0.626682285485962	0.930557036360122
HROV-vOTU28719	Sex	M	-0.47718588317259	0.976238222093956	77	27	0.626489329948839	0.930557036360122
HROV-vOTU04131	Sex	M	0.459417146874148	0.940829558810549	77	58	0.626834545016916	0.930557036360122
HROV-vOTU27225	Smoking_Status	Never_Smoker	-0.579575184664975	1.18736381830028	77	36	0.626969438423643	0.930557036360122
HROV-vOTU19767	Smoking_Status	Former_Smoker	-0.392149763546642	0.802913941092521	77	72	0.626765835770369	0.930557036360122
HROV-vOTU70617	diagnosis	RA	0.226838070013351	0.464488556405436	77	72	0.626799144175545	0.930557036360122
HROV-vOTU36921	Smoking_Status	Former_Smoker	0.547992308870411	1.12059490262571	77	30	0.62633544359126	0.930557036360122
HROV-vOTU19502	Smoking_Status	Former_Smoker	-0.665430838729525	1.36331431582225	77	24	0.626984521632653	0.930557036360122
HROV-vOTU08830	Smoking_Status	Former_Smoker	-0.390740079772161	0.79940072206609	77	10	0.626495955034568	0.930557036360122
HROV-vOTU50704	diagnosis	RA	-0.385885454671677	0.789527709635504	77	28	0.626521638928876	0.930557036360122
HROV-vOTU35590	Sex	M	0.308628951706251	0.632273186331213	77	25	0.626964743048585	0.930557036360122
HROV-vOTU32394	diagnosis	RA	-0.282612304170528	0.578720637033313	77	52	0.626814063267874	0.930557036360122
HROV-vOTU03839	Sex	M	0.487790018920605	0.999230207222403	77	40	0.626936657666474	0.930557036360122
HROV-vOTU20308	diagnosis	RA	0.285938687898083	0.585803329876005	77	33	0.626973309706044	0.930557036360122
HROV-vOTU31042	Age	Age	0.156686007792172	0.320677017724461	77	33	0.626623632613451	0.930557036360122
HROV-vOTU01979	Smoking_Status	Never_Smoker	0.621437574356443	1.27080509036449	77	40	0.626341200261003	0.930557036360122
HROV-vOTU64000	Smoking_Status	Former_Smoker	-0.55267923263918	1.1311711145911	77	19	0.626637536126905	0.930557036360122
HROV-vOTU51012	Age	Age	-0.1024349093916	0.209668191948827	77	8	0.626660841515981	0.930557036360122
HROV-vOTU28419	diagnosis	RA	-0.258665254236469	0.530154518825588	77	69	0.627120182639423	0.930593071816304
HROV-vOTU46313	Smoking_Status	Former_Smoker	0.742936288768246	1.52267665164743	77	68	0.627113645280855	0.930593071816304
HROV-vOTU73063	Sex	M	0.311602538631117	0.638671872026454	77	16	0.627130024949589	0.930593071816304
HROV-vOTU25853	Age	Age	-0.150271181076651	0.308150740754965	77	27	0.627296839178318	0.930720187803817
HROV-vOTU01454	Age	Age	-0.145192247914894	0.297734835895325	77	29	0.627295814944711	0.930720187803817
HROV-vOTU47446	Smoking_Status	Former_Smoker	0.471647961540202	0.967288734115448	77	14	0.627336929017744	0.930720187803817
HROV-vOTU63834	Age	Age	-0.0721789278390859	0.148062476126021	77	16	0.627413228718314	0.930773425494896
HROV-vOTU60167	Smoking_Status	Never_Smoker	-0.362485255833259	0.743809305816969	77	8	0.627521372394946	0.930873894122744
HROV-vOTU06552	Age	Age	0.102735288655988	0.210899564938135	77	20	0.627667530303112	0.930910820638889
HROV-vOTU05286	Age	Age	0.094919329704263	0.194846350263171	77	19	0.627652957742294	0.930910820638889
HROV-vOTU72882	Age	Age	0.123769221737687	0.254071028600141	77	20	0.627656811845588	0.930910820638889
HROV-vOTU37626	Age	Age	-0.0766865802195111	0.157459539942609	77	15	0.627741524751989	0.930960610151221
HROV-vOTU28892	Age	Age	0.250446860605957	0.514430111231722	77	32	0.627868959716738	0.930994334694265
HROV-vOTU26256	Smoking_Status	Former_Smoker	0.485939633537117	0.998051002264271	77	66	0.627837040801203	0.930994334694265
HROV-vOTU34340	Sex	M	-0.124458428485159	0.255686159341272	77	9	0.627925966166132	0.930994334694265
HROV-vOTU07437	Smoking_Status	Former_Smoker	0.410044925655773	0.842329266585949	77	14	0.627900310010226	0.930994334694265
HROV-vOTU37335	Sex	M	0.277219425748273	0.570108049117066	77	12	0.628281991961365	0.931224593753654
HROV-vOTU10690	Smoking_Status	Never_Smoker	0.398636603619109	0.819467621165482	77	54	0.628140684943081	0.931224593753654
HROV-vOTU64261	Age	Age	0.148689948301508	0.305785553153135	77	46	0.628283444973698	0.931224593753654
HROV-vOTU51416	Sex	M	-0.211044374885192	0.433900585074376	77	14	0.628189530645248	0.931224593753654
HROV-vOTU05761	Age	Age	-0.199150642176246	0.409468335510602	77	29	0.628207033529634	0.931224593753654
HROV-vOTU15737	Smoking_Status	Former_Smoker	0.541007088331126	1.11291809541802	77	64	0.628382075472098	0.931310843562804
HROV-vOTU04887	Age	Age	0.132507349890439	0.272759156209688	77	68	0.628602420479267	0.931500260349133
HROV-vOTU07120	Smoking_Status	Former_Smoker	0.228709110153658	0.470891877298825	77	8	0.628680046389424	0.931500260349133
HROV-vOTU09229	Sex	M	-0.421373480854921	0.867641735173158	77	65	0.628708057955495	0.931500260349133
HROV-vOTU03181	Age	Age	0.143993654098104	0.296497974669414	77	16	0.628712116668125	0.931500260349133
HROV-vOTU67015	Age	Age	0.0600684896626433	0.123684974461761	77	9	0.62870568841361	0.931500260349133
HROV-vOTU69424	diagnosis	RA	-0.29258237046024	0.602673043661345	77	39	0.62883458579584794	0.931621776190311
HROV-vOTU03179	diagnosis	RA	-0.131774814982009	0.271671497955369	77	77	0.629132701259543	0.931711564806218
HROV-vOTU04131	Smoking_Status	Former_Smoker	0.833667468447274	1.71889005147819	77	58	0.629167054875748	0.931711564806218
HROV-vOTU34240	Age	Age	-0.137267295032725	0.282898256600121	77	55	0.629015649583077	0.931711564806218
HROV-vOTU21405	Sex	M	-0.306751787886877	0.632791083666782	77	11	0.629338862333184	0.931711564806218
HROV-vOTU59373	Smoking_Status	Former_Smoker	-0.818454778536718	1.68951686443104	77	47	0.629570924235141	0.931711564806218
HROV-vOTU31171	diagnosis	RA	-0.285796303737032	0.589156190343058	77	62	0.6291028830418	0.931711564806218
HROV-vOTU12693	Sex	M	-0.485718619851688	1.0017551042078	77	53	0.629262869654278	0.931711564806218
HROV-vOTU08600	Smoking_Status	Former_Smoker	0.847846052814951	1.74901399813577	77	58	0.629341253143725	0.931711564806218
HROV-vOTU74803	Smoking_Status	Former_Smoker	0.424461494068898	0.876163957586589	77	34	0.629554577069266	0.931711564806218
HROV-vOTU23687	Age	Age	0.140382916301544	0.289814440366602	77	34	0.629600785040547	0.931711564806218
HROV-vOTU09248	Sex	M	0.283938060652687	0.5858987604581	77	28	0.629437910255717	0.931711564806218
HROV-vOTU48567	Smoking_Status	Former_Smoker	0.68900571301971	1.42194933671753	77	28	0.629487010913239	0.931711564806218
HROV-vOTU11158	Sex	M	0.220640934936764	0.454772875145193	77	15	0.629051342885529	0.931711564806218
HROV-vOTU64696	Sex	M	-0.268794055082186	0.554520635557858	77	12	0.62935840646927	0.931711564806218
HROV-vOTU15208	Sex	M	0.329271717910875	0.679892575690125	77	17	0.629663864291966	0.931711564806218
HROV-vOTU29143	Sex	M	0.40271841085222	0.83154119535387	77	11	0.629661042151592	0.931711564806218
HROV-vOTU15527	Age	Age	-0.0613541741552444	0.126676959666773	77	8	0.629638390220324	0.931711564806218
HROV-vOTU49046	Smoking_Status	Former_Smoker	0.411821766340624	0.849303762809302	77	13	0.629244696022747	0.931711564806218
HROV-vOTU47048	Smoking_Status	Former_Smoker	-0.222139427892086	0.45814182715062	77	9	0.629260885968713	0.931711564806218
HROV-vOTU31463	Smoking_Status	Never_Smoker	0.456156925588963	0.942128131173179	77	39	0.62975033211842	0.931779643346431
HROV-vOTU59262	diagnosis	RA	0.3436891696027	0.71006562418406	77	64	0.62985812240327	0.931789903101956
HROV-vOTU74408	diagnosis	RA	-0.335397710647472	0.692893358148577	77	69	0.629837394197775	0.931789903101956
HROV-vOTU21304	Age	Age	-0.16399838302084	0.338846831469359	77	50	0.629882693992131	0.931789903101956
HROV-vOTU63801	Smoking_Status	Former_Smoker	0.491693924393786	1.01602635657687	77	45	0.629919105575091	0.931789903101956
HROV-vOTU73219	Smoking_Status	Former_Smoker	-1.00804915288289	2.08367814738867	77	59	0.630028313455896	0.931808570024833
HROV-vOTU05840	Age	Age	0.247222599962544	0.511101991255914	77	43	0.630083754953395	0.931808570024833
HROV-vOTU34202	diagnosis	RA	0.12406717143806	0.256531203026162	77	11	0.630134028205243	0.931808570024833
HROV-vOTU23458	diagnosis	RA	-0.158488378465771	0.327695186922991	77	9	0.630125630857258	0.931808570024833
HROV-vOTU04926	Smoking_Status	Former_Smoker	0.226151339149256	0.467514274090873	77	11	0.630065117711411	0.931808570024833
HROV-vOTU58889	Smoking_Status	Never_Smoker	0.36160961422909	0.74834852018502	77	74	0.630433300331202	0.931862254650488
HROV-vOTU74655	diagnosis	RA	-0.267662601475533	0.554512057280157	77	13	0.630794221124321	0.931862254650488
HROV-vOTU01231	Sex	M	-0.491351071795915	1.01847713345831	77	57	0.630979591794169	0.931862254650488
HROV-vOTU01741	Age	Age	0.202144731061701	0.418350438108189	77	53	0.630444199669686	0.931862254650488
HROV-vOTU30335	diagnosis	RA	0.307505956751022	0.637391105049116	77	29	0.630974167384604	0.931862254650488
HROV-vOTU35604	Sex	M	-0.195046438274145	0.403914023076566	77	10	0.630658807354718	0.931862254650488
HROV-vOTU65619	Sex	M	-0.504274254210614	1.04372072952673	77	55	0.630475411347088	0.931862254650488
HROV-vOTU11502	Smoking_Status	Former_Smoker	-0.420444279156232	0.871381725218801	77	16	0.630932976784668	0.931862254650488
HROV-vOTU65654	Sex	M	0.206963473034563	0.428829973707867	77	12	0.630847726284098	0.931862254650488
HROV-vOTU10758	Smoking_Status	Never_Smoker	0.324675138266921	0.672309342091573	77	18	0.630634613388974	0.931862254650488
HROV-vOTU05395	diagnosis	RA	-0.253472663910194	0.524721251130046	77	20	0.630538290734421	0.931862254650488
HROV-vOTU72761	Age	Age	-0.146346500036748	0.302953648047542	77	38	0.63053540021208	0.931862254650488
HROV-vOTU55080	Smoking_Status	Former_Smoker	0.305697229369177	0.633605374910658	77	8	0.630954449811247	0.931862254650488
HROV-vOTU74280	Smoking_Status	Never_Smoker	-0.257600287817753	0.533945000708484	77	15	0.630972373639992	0.931862254650488
HROV-vOTU23984	Sex	M	0.296962564441779	0.614673224461374	77	17	0.630495120006252	0.931862254650488
HROV-vOTU53756	Sex	M	0.660606829409425	1.36772638733298	77	28	0.63058437128452	0.931862254650488
HROV-vOTU53512	diagnosis	RA	0.295084450858927	0.610544812718937	77	31	0.630360418859285	0.931862254650488
HROV-vOTU27284	Age	Age	-0.0997424047534653	0.206680914591516	77	13	0.630870585532459	0.931862254650488
HROV-vOTU22923	Smoking_Status	Never_Smoker	0.319877181169223	0.662675989015858	77	9	0.630790039315671	0.931862254650488
HROV-vOTU49568	Smoking_Status	Former_Smoker	-0.458120262249706	0.948912736162702	77	11	0.630734116556164	0.931862254650488
HROV-vOTU29517	Sex	M	0.319253284583046	0.661982499660038	77	19	0.631098715004123	0.931943913335143
HROV-vOTU32491	Sex	M	-0.469588703538753	0.973872563282686	77	54	0.631156283816249	0.931943913335143
HROV-vOTU60930	Age	Age	0.170617478485933	0.353839113738012	77	52	0.631154580513511	0.931943913335143
HROV-vOTU11195	Smoking_Status	Never_Smoker	0.803516219399364	1.66680100909127	77	55	0.63123837384941	0.932005369262207
HROV-vOTU21345	Smoking_Status	Never_Smoker	-0.768687767359986	1.59489998451279	77	37	0.631312415549512	0.932039745230348
HROV-vOTU60373	Smoking_Status	Former_Smoker	0.60205089469644	1.24926670681204	77	31	0.631342597724421	0.932039745230348
HROV-vOTU12643	diagnosis	RA	0.209712274668263	0.435231340105406	77	10	0.631400914756757	0.9320660897922
HROV-vOTU02539	Sex	M	-0.335146580458461	0.696328351030705	77	68	0.631779556791953	0.932109675092392
HROV-vOTU43747	Sex	M	0.366235011336266	0.760446882199162	77	60	0.631567717802692	0.932109675092392
HROV-vOTU03303	Smoking_Status	Never_Smoker	-0.280913052366471	0.583674249124887	77	76	0.631794703786028	0.932109675092392
HROV-vOTU08868	Smoking_Status	Never_Smoker	-0.536938218328858	1.11529576246461	77	29	0.631690564725666	0.932109675092392
HROV-vOTU63699	Smoking_Status	Former_Smoker	0.47114094442459	0.978553219756281	77	19	0.631665378426561	0.932109675092392
HROV-vOTU41035	Smoking_Status	Never_Smoker	0.182153150981258	0.3781905302606	77	10	0.631540227570068	0.932109675092392
HROV-vOTU39510	Age	Age	0.137276305467441	0.285186866418346	77	55	0.631744019928403	0.932109675092392
HROV-vOTU29100	diagnosis	RA	-0.179718536942994	0.373128612987053	77	20	0.631533733529918	0.932109675092392
HROV-vOTU29100	Age	Age	-0.0919214774688511	0.19090093194991	77	20	0.631632024772344	0.932109675092392
HROV-vOTU48027	Sex	M	0.37986505096998	0.790654669601687	77	56	0.632388982676763	0.93221009223874
HROV-vOTU60443	Smoking_Status	Never_Smoker	-0.532817293870063	1.10846642715815	77	62	0.632222052777046	0.93221009223874
HROV-vOTU15990	Age	Age	-0.185003523932171	0.384558222080261	77	44	0.631938463155961	0.93221009223874
HROV-vOTU21008	Sex	M	-0.287925889109941	0.599007494648778	77	25	0.632227774051729	0.93221009223874
HROV-vOTU62538	Sex	M	0.610317061475654	1.26886138061288	77	44	0.631998439708251	0.93221009223874
HROV-vOTU15151	Smoking_Status	Never_Smoker	0.404344820214305	0.841557908491017	77	29	0.632369120645825	0.93221009223874
HROV-vOTU04174	Smoking_Status	Former_Smoker	-0.449133233245599	0.934769190729344	77	9	0.632366832978681	0.93221009223874
HROV-vOTU56372	Smoking_Status	Former_Smoker	-0.431260098720864	0.896799096543758	77	25	0.632074578099801	0.93221009223874
HROV-vOTU08866	Age	Age	-0.165014562154112	0.34335980729659	77	17	0.632286989436007	0.93221009223874
HROV-vOTU25215	Age	Age	-0.110430551492301	0.229713536068732	77	26	0.632185346453489	0.93221009223874
HROV-vOTU02103	Smoking_Status	Former_Smoker	-0.835734343881035	1.73928985843599	77	33	0.632346889093352	0.93221009223874
HROV-vOTU65044	Smoking_Status	Never_Smoker	0.200979368838881	0.418064015986659	77	11	0.63218062070727	0.93221009223874
HROV-vOTU37353	diagnosis	RA	-0.0902542640644212	0.187618714581347	77	8	0.631959085894056	0.93221009223874
HROV-vOTU18264	Smoking_Status	Former_Smoker	-0.723548434458504	1.50640191156715	77	10	0.632479554437249	0.932283931047737
HROV-vOTU71677	diagnosis	RA	-0.357067000055146	0.743497543749493	77	53	0.632523815729814	0.932289502480487
HROV-vOTU28638	Sex	M	-0.306345502602732	0.638216864748417	77	32	0.632701325260125	0.932491457874099
HROV-vOTU36786	Smoking_Status	Former_Smoker	-0.607686796668273	1.26641230401555	77	15	0.632809663295906	0.932492622134404
HROV-vOTU09133	Smoking_Status	Never_Smoker	0.480616623166346	1.00264674108486	77	48	0.633164343126929	0.932492622134404
HROV-vOTU12762	Smoking_Status	Never_Smoker	0.680107335080501	1.41896102751004	77	33	0.633198597259587	0.932492622134404
HROV-vOTU32243	Smoking_Status	Former_Smoker	-0.764331493414995	1.59485514029305	77	33	0.633234902469246	0.932492622134404
HROV-vOTU10518	Smoking_Status	Former_Smoker	-0.490579962347038	1.02272153537762	77	19	0.632928699387419	0.932492622134404
HROV-vOTU35590	Smoking_Status	Former_Smoker	-0.553748896479155	1.15515937995735	77	25	0.633148622299898	0.932492622134404
HROV-vOTU55676	diagnosis	RA	0.231453254413325	0.482411421174252	77	14	0.632855764120007	0.932492622134404
HROV-vOTU52589	Smoking_Status	Never_Smoker	0.302740774642619	0.630983752733501	77	9	0.632850267857481	0.932492622134404
HROV-vOTU55586	Smoking_Status	Never_Smoker	-0.698066564094707	1.45673298940051	77	33	0.633268980033959	0.932492622134404
HROV-vOTU73220	Smoking_Status	Former_Smoker	0.959727109689592	2.00201948534548	77	37	0.633141983599704	0.932492622134404
HROV-vOTU37106	Smoking_Status	Former_Smoker	0.976813737803175	2.03811722549161	77	37	0.63321765035249	0.932492622134404
HROV-vOTU04632	Sex	M	0.236633795581877	0.493275753179604	77	16	0.632901657136493	0.932492622134404
HROV-vOTU65452	Smoking_Status	Former_Smoker	0.575140876472557	1.19906739056807	77	15	0.632945708486053	0.932492622134404
HROV-vOTU30746	diagnosis	RA	-0.182356919519383	0.380486767806232	77	11	0.633217580059004	0.932492622134404
HROV-vOTU74439	Sex	M	0.304587824690331	0.635860206814714	77	36	0.633398600682033	0.932623858685967
HROV-vOTU29883	Smoking_Status	Former_Smoker	-0.804323381914436	1.68060882495539	77	74	0.633700534526082	0.93277006583474
HROV-vOTU21612	Sex	M	-0.349354466910653	0.729686260499809	77	13	0.633570933456405	0.93277006583474
HROV-vOTU23520	Smoking_Status	Former_Smoker	0.669596784878641	1.39926844016903	77	39	0.63374089775004006	0.93277006583474
HROV-vOTU31990	Sex	M	0.448312078308503	0.936588550498734	77	66	0.633647832432611	0.93277006583474
HROV-vOTU62590	Age	Age	0.136566060022034	0.285415136316997	77	22	0.633777207249132	0.93277006583474
HROV-vOTU61390	Sex	M	-0.254965551197971	0.532689972726	77	9	0.633667036973302	0.93277006583474
HROV-vOTU32710	Smoking_Status	Never_Smoker	0.292046794186638	0.610368424119927	77	10	0.633781415118628	0.93277006583474
HROV-vOTU20305	diagnosis	RA	0.213464429403273	0.446317701233624	77	9	0.63392101634776	0.932915905584314
HROV-vOTU69542	Smoking_Status	Never_Smoker	-0.591173622181991	1.23854449717882	77	57	0.634605179337808	0.932958660843272
HROV-vOTU17342	Smoking_Status	Former_Smoker	0.667488212156031	1.3985670129106	77	60	0.634638748622262	0.932958660843272
HROV-vOTU70173	diagnosis	RA	0.235580395835725	0.493271091905216	77	64	0.634410435967937	0.932958660843272
HROV-vOTU15472	Smoking_Status	Never_Smoker	0.544408118045455	1.13951993399181	77	52	0.63429420798341	0.932958660843272
HROV-vOTU34791	Smoking_Status	Never_Smoker	-0.306708855337893	0.641743972072354	77	18	0.634168075445387	0.932958660843272
HROV-vOTU11143	Smoking_Status	Never_Smoker	-0.467388898227835	0.977929739276456	77	36	0.634163225913109	0.932958660843272
HROV-vOTU71923	Age	Age	-0.141233154381305	0.295843094326913	77	42	0.634549277423683	0.932958660843272
HROV-vOTU07154	Sex	M	-0.286537190601957	0.599765586717872	77	24	0.634296709657077	0.932958660843272
HROV-vOTU03705	diagnosis	RA	0.358735285248328	0.751285798165476	77	24	0.634476307385654	0.932958660843272
HROV-vOTU39610	Age	Age	-0.0801835513895005	0.167947874206416	77	18	0.634521589201657	0.932958660843272
HROV-vOTU52852	Age	Age	0.127889861367059	0.267703829140262	77	48	0.634310674059588	0.932958660843272
HROV-vOTU63227	diagnosis	RA	-0.196421665732887	0.410931942011933	77	16	0.634125226945636	0.932958660843272
HROV-vOTU32200	Smoking_Status	Former_Smoker	0.408802477386246	0.85499365872272	77	11	0.634022994606505	0.932958660843272
HROV-vOTU22982	diagnosis	RA	-0.235127784049619	0.492635104256528	77	17	0.634624519360815	0.932958660843272
HROV-vOTU11425	diagnosis	RA	-0.152845591807139	0.319953481657676	77	9	0.634322716712764	0.932958660843272
HROV-vOTU73439	Smoking_Status	Former_Smoker	0.78095941671742	1.63576984385826	77	29	0.634525099995486	0.932958660843272
HROV-vOTU02437	Smoking_Status	Never_Smoker	0.199943296511967	0.418538106549865	77	9	0.634318224516873	0.932958660843272
HROV-vOTU01633	Age	Age	-0.161378340112014	0.338187942941091	77	28	0.634695734372873	0.932979593553391
HROV-vOTU06436	Age	Age	-0.106756194450841	0.223745922716744	77	35	0.634734010933328	0.932979593553391
HROV-vOTU16955	Age	Age	0.0950125172630621	0.199276136413829	77	20	0.634977140737874	0.932991564250088
HROV-vOTU49589	Smoking_Status	Former_Smoker	-0.602763434754845	1.26371838727579	77	22	0.634844034338726	0.932991564250088
HROV-vOTU20363	Smoking_Status	Former_Smoker	-0.463878653571771	0.97306382634994	77	15	0.635025739019546	0.932991564250088
HROV-vOTU22540	Age	Age	-0.224256469039254	0.470131993035262	77	49	0.634821792898575	0.932991564250088
HROV-vOTU36670	Age	Age	0.186120851114934	0.390242859384842	77	28	0.634872461723491	0.932991564250088
HROV-vOTU42245	Sex	M	0.249300285504665	0.522794239404983	77	61	0.634925438479275	0.932991564250088
HROV-vOTU04672	diagnosis	RA	-0.0980596692515976	0.205686535945092	77	9	0.635009013798317	0.932991564250088
HROV-vOTU15021	Smoking_Status	Former_Smoker	0.724750093698479	1.52189125195756	77	53	0.635382185026277	0.933076626716708
HROV-vOTU31699	Smoking_Status	Never_Smoker	-0.405712216908032	0.852524827516443	77	52	0.635610339554134	0.933076626716708
HROV-vOTU01761	Sex	M	0.438215414784616	0.920008095436316	77	63	0.635311181858942	0.933076626716708
HROV-vOTU40909	diagnosis	RA	-0.141337187703249	0.296805329482229	77	14	0.635397659336955	0.933076626716708
HROV-vOTU07931	Smoking_Status	Former_Smoker	1.03052002402586	2.16489523873828	77	37	0.635526041771941	0.933076626716708
HROV-vOTU16351	Age	Age	-0.118385558754406	0.248749173782388	77	47	0.63559011620666	0.933076626716708
HROV-vOTU44564	Smoking_Status	Former_Smoker	0.56189055010026	1.17971014464595	77	25	0.635326408747809	0.933076626716708
HROV-vOTU41729	Smoking_Status	Never_Smoker	-0.608144945856731	1.2762450272168	77	56	0.63517353203999	0.933076626716708
HROV-vOTU65851	Smoking_Status	Former_Smoker	-0.628999316323129	1.32121293996476	77	20	0.635481123963792	0.933076626716708
HROV-vOTU66985	Smoking_Status	Former_Smoker	0.559819843569358	1.17615850312091	77	16	0.63555487880661	0.933076626716708
HROV-vOTU27295	Smoking_Status	Never_Smoker	0.273540147983837	0.574399039151625	77	17	0.63538007607711	0.933076626716708
HROV-vOTU55684	Smoking_Status	Never_Smoker	0.241360349365184	0.506998884692255	77	13	0.635495447946024	0.933076626716708
HROV-vOTU04672	Smoking_Status	Never_Smoker	0.167336669523268	0.351342676480801	77	9	0.635339000749588	0.933076626716708
HROV-vOTU35391	Age	Age	-0.158606439042344	0.333330666559695	77	24	0.635661225996039	0.933091850002472
HROV-vOTU30475	Smoking_Status	Former_Smoker	-0.958424365479775	2.01480598386566	77	35	0.635755151227307	0.933130764193518
HROV-vOTU47859	Smoking_Status	Former_Smoker	0.561909741067208	1.181298047424	77	16	0.63576877207817994	0.933130764193518
HROV-vOTU67194	Smoking_Status	Former_Smoker	-0.262749673577361	0.552519039375995	77	77	0.635855847765731	0.933199093426255
HROV-vOTU37143	Smoking_Status	Never_Smoker	-0.678923915150579	1.42797133347715	77	66	0.635928297495029	0.933245949870039
HROV-vOTU22120	Sex	M	-0.28408078614357	0.597929482308286	77	72	0.636168670802581	0.933441669705849
HROV-vOTU44417	Smoking_Status	Never_Smoker	0.352964923770643	0.74303744795965	77	77	0.636223790246318	0.933441669705849
HROV-vOTU61114	Smoking_Status	Former_Smoker	0.584753369975861	1.23096682327978	77	33	0.63621949377444	0.933441669705849
HROV-vOTU53381	Age	Age	0.0606882080204999	0.127736204143216	77	8	0.636169901061129	0.933441669705849
HROV-vOTU55105	Smoking_Status	Former_Smoker	-0.679182937644345	1.43024747841586	77	38	0.63633647314945	0.933493727675192
HROV-vOTU54096	Smoking_Status	Never_Smoker	0.411827190977408	0.868141040117599	77	60	0.636685998093523	0.933493727675192
HROV-vOTU57556	Smoking_Status	Never_Smoker	0.477284782261053	1.00547040982889	77	56	0.636466194385749	0.933493727675192
HROV-vOTU34282	Age	Age	-0.195700239618547	0.412382152721582	77	50	0.636556743184629	0.933493727675192
HROV-vOTU33866	Age	Age	0.116663433604423	0.245727659948692	77	70	0.636410043379602	0.933493727675192
HROV-vOTU27624	diagnosis	RA	-0.297624451014741	0.627434772874425	77	55	0.636705144347457	0.933493727675192
HROV-vOTU27530	Smoking_Status	Former_Smoker	-0.708431611846017	1.49337146964587	77	33	0.63668185061144	0.933493727675192
HROV-vOTU08702	diagnosis	RA	0.0896188717535808	0.188734878340818	77	8	0.636358397894067	0.933493727675192
HROV-vOTU02637	Sex	M	-0.282510683195199	0.595394184860756	77	20	0.636604189008313	0.933493727675192
HROV-vOTU09655	Smoking_Status	Former_Smoker	0.602460904840122	1.26965183561792	77	23	0.636593385481752	0.933493727675192
HROV-vOTU48415	Smoking_Status	Never_Smoker	0.236201560790528	0.49792083620957	77	9	0.636687755328354	0.933493727675192
HROV-vOTU61992	diagnosis	RA	-0.200659211618099	0.423137959807269	77	53	0.636800378967	0.933513486045673
HROV-vOTU73077	Age	Age	0.149266533927919	0.314826374008011	77	28	0.636866826530721	0.933513486045673
HROV-vOTU63838	Sex	M	0.15643967290643301	0.329969307477127	77	11	0.636880759563596	0.933513486045673
HROV-vOTU37946	Smoking_Status	Never_Smoker	0.278149341006026	0.586513466956593	77	9	0.636782611195768	0.933513486045673
HROV-vOTU53530	Sex	M	0.299991515926116	0.633214894838112	77	76	0.637125082168922	0.933543482359381
HROV-vOTU33936	Sex	M	0.290839236212465	0.613931829542644	77	12	0.637144440109629	0.933543482359381
HROV-vOTU47756	Smoking_Status	Never_Smoker	0.565309422730184	1.1926230611521	77	13	0.63695072599894	0.933543482359381
HROV-vOTU24034	Sex	M	0.423291623103469	0.893159097104834	77	64	0.637006619715438	0.933543482359381
HROV-vOTU66044	diagnosis	RA	0.119737393609993	0.252740866915227	77	12	0.637127808011509	0.933543482359381
HROV-vOTU24201	diagnosis	RA	0.269802391847116	0.569329187948909	77	31	0.637028690569598	0.933543482359381
HROV-vOTU43200	Sex	M	0.223415628515796	0.471687590509317	77	42	0.637201526009881	0.933567729754282
HROV-vOTU02986	Sex	M	0.428366804511856	0.904802650631414	77	57	0.637354104197584	0.933731871480303
HROV-vOTU40970	Smoking_Status	Never_Smoker	0.331457413675658	0.700249768115559	77	10	0.637421556401811	0.933771289608404
HROV-vOTU45038	diagnosis	RA	0.292175961732805	0.617393244349216	77	42	0.637492845283288	0.933816322788076
HROV-vOTU06760	Smoking_Status	Former_Smoker	-0.968406676884324	2.04782189784884	77	31	0.63773799410569	0.933997202178317
HROV-vOTU59028	diagnosis	RA	-0.315850066557273	0.667867987480886	77	24	0.637718857500499	0.933997202178317
HROV-vOTU09421	Sex	M	-0.122634486001587	0.259292006540872	77	9	0.637693234898137	0.933997202178317
HROV-vOTU74002	diagnosis	RA	-0.264710825518447	0.55994378372108	77	66	0.637844911631118	0.934038250490399
HROV-vOTU10940	diagnosis	RA	-0.328115300171776	0.694151976404943	77	52	0.637887694472992	0.934038250490399
HROV-vOTU22687	Smoking_Status	Former_Smoker	0.424367630912526	0.897715196882185	77	11	0.637863152776113	0.934038250490399
HROV-vOTU49471	Age	Age	0.108641079372008	0.229875001451866	77	71	0.637941471962678	0.934057606923548
HROV-vOTU17592	diagnosis	RA	0.178756682368063	0.378437310719156	77	13	0.638122241476228	0.93426288755229
HROV-vOTU52066	Sex	M	-0.285664576858741	0.604882420375941	77	12	0.638186276794271	0.934297244585345
HROV-vOTU09633	diagnosis	RA	-0.17852171972331	0.378122071661681	77	18	0.638283877621259	0.934380733639562
HROV-vOTU08062	Sex	M	0.416731059679033	0.883059252306847	77	69	0.638432874910744	0.934420661531264
HROV-vOTU30640	Smoking_Status	Former_Smoker	-0.716750377640178	1.51877571314429	77	16	0.638426498204801	0.934420661531264
HROV-vOTU09782	diagnosis	RA	0.298516580840302	0.632451080048426	77	28	0.638374600844402	0.934420661531264
HROV-vOTU08918	Smoking_Status	Never_Smoker	-0.385404009553393	0.81731027971253	77	15	0.638692720614805	0.934611124031568
HROV-vOTU43644	Sex	M	0.394596255736525	0.836885370211272	77	60	0.638725335698343	0.934611124031568
HROV-vOTU70085	Age	Age	-0.120909981015467	0.256353262141761	77	17	0.638620176108264	0.934611124031568
HROV-vOTU43698	diagnosis	RA	-0.206801732891252	0.438527692171884	77	15	0.638671211795083	0.934611124031568
HROV-vOTU19502	diagnosis	RA	0.266520819323092	0.565380077587797	77	24	0.638799642480337	0.934660468000138
HROV-vOTU66740	diagnosis	RA	0.273326397511721	0.579913952924996	77	34	0.638855641999772	0.934683021107601
HROV-vOTU74139	diagnosis	RA	-0.421326703169358	0.894239969683745	77	48	0.638973688302474	0.934736965102329
HROV-vOTU06386	Age	Age	0.0937148821240908	0.19889104334985	77	19	0.638951771922173	0.934736965102329
HROV-vOTU25786	diagnosis	RA	0.19686755993081	0.417994398260469	77	17	0.639097943893358	0.934831570697384
HROV-vOTU01868	Age	Age	0.120644804019922	0.256172763549405	77	11	0.639119543231885	0.934831570697384
HROV-vOTU47892	Sex	M	0.358921281100154	0.762591938854458	77	36	0.639326534767595	0.935011250347158
HROV-vOTU67626	Age	Age	0.130231543849331	0.276805587522309	77	32	0.639454116746515	0.935011250347158
HROV-vOTU03335	Sex	M	0.295745284337431	0.628489945552183	77	25	0.639393929766534	0.935011250347158
HROV-vOTU09844	Age	Age	-0.086016692795896	0.182750098636324	77	74	0.639312576510576	0.935011250347158
HROV-vOTU17468	Smoking_Status	Former_Smoker	0.710761311637549	1.51064799851807	77	60	0.639439359913998	0.935011250347158
HROV-vOTU12294	Smoking_Status	Former_Smoker	0.500191705199381	1.06325279998202	77	20	0.639485983682939	0.935011250347158
HROV-vOTU75192	diagnosis	RA	0.217737757833158	0.462936578610026	77	15	0.639553505173469	0.93505061097924
HROV-vOTU06228	Smoking_Status	Former_Smoker	0.591166167690032	1.25738046703794	77	76	0.639683886191345	0.935084440440635
HROV-vOTU67273	Age	Age	0.117404927465427	0.24973979871924	77	72	0.639717974486858	0.935084440440635
HROV-vOTU14922	Smoking_Status	Never_Smoker	0.373065625755637	0.793622665006036	77	16	0.639739055301026	0.935084440440635
HROV-vOTU65050	Age	Age	-0.0547420875225781	0.116413019367032	77	11	0.639624669246314	0.935084440440635
HROV-vOTU36207	Sex	M	-0.523866517563673	1.11501654221966	77	38	0.639917422319618	0.935120295459233
HROV-vOTU21230	diagnosis	RA	-0.126244513551872	0.268710314970677	77	67	0.639926003319041	0.935120295459233
HROV-vOTU22387	Sex	M	-0.312221106216488	0.664526476008587	77	26	0.639909239507607	0.935120295459233
HROV-vOTU14680	Smoking_Status	Former_Smoker	0.509772771721135	1.08495615784233	77	17	0.639898103961611	0.935120295459233
HROV-vOTU01795	Smoking_Status	Former_Smoker	0.543769505052918	1.15771822131941	77	74	0.640015368638786	0.935134780047853
HROV-vOTU01210	diagnosis	RA	-0.388664733014859	0.827495117661936	77	55	0.640017125623719	0.935134780047853
HROV-vOTU06438	Smoking_Status	Former_Smoker	0.702643827010609	1.49690369424749	77	66	0.640223417200962	0.935317514472098
HROV-vOTU03897	Smoking_Status	Never_Smoker	-0.331598556687818	0.706386738082506	77	13	0.64020134159535	0.935317514472098
HROV-vOTU04691	diagnosis	RA	-0.351622057427978	0.749197110692227	77	33	0.640270576987832	0.935327078213116
HROV-vOTU10215	Smoking_Status	Never_Smoker	-0.466983963801246	0.996030838274791	77	74	0.6406169296429	0.935358390266658
HROV-vOTU17408	Sex	M	-0.29034667274956	0.61913974270215	77	35	0.64054090558584	0.935358390266658
HROV-vOTU36207	diagnosis	RA	-0.396293956420175	0.844817615718249	77	38	0.640443873765422	0.935358390266658
HROV-vOTU03114	Smoking_Status	Never_Smoker	-0.382795088957195	0.816109419118616	77	23	0.640471930175968	0.935358390266658
HROV-vOTU55876	Sex	M	0.17666358470509	0.376633537521694	77	13	0.640464185104678	0.935358390266658
HROV-vOTU49221	Age	Age	-0.15326852264025	0.326818898420068	77	27	0.640527357922824	0.935358390266658
HROV-vOTU09590	Sex	M	0.337787732938143	0.720361396879713	77	31	0.640567579220112	0.935358390266658
HROV-vOTU51416	Smoking_Status	Never_Smoker	-0.263295031266645	0.561560985370412	77	14	0.640604217204004	0.935358390266658
HROV-vOTU75084	diagnosis	RA	0.337744870435143	0.72074922645430906	77	48	0.640789377902913	0.935420974232534
HROV-vOTU51674	diagnosis	RA	-0.193947547834938	0.413839404068309	77	24	0.640752625244148	0.935420974232534
HROV-vOTU58571	diagnosis	RA	-0.191938240900822	0.409637563651526	77	28	0.64082226272109	0.935420974232534
HROV-vOTU37929	Sex	M	-0.146813049065664	0.313303326770968	77	9	0.640793158400434	0.935420974232534
HROV-vOTU39739	Age	Age	-0.0845910279997378	0.180571028783302	77	20	0.640887889008094	0.935457477744734
HROV-vOTU41906	Sex	M	-0.389798174560918	0.832204018456808	77	53	0.640938720464279	0.935465982454281
HROV-vOTU39549	diagnosis	RA	-0.368404732601725	0.786615372199683	77	58	0.640974954543142	0.935465982454281
HROV-vOTU45542	Smoking_Status	Former_Smoker	-0.738506159181838	1.57748759221212	77	47	0.641108904758076	0.935483626470157
HROV-vOTU73089	diagnosis	RA	0.27649085732993	0.590553663664849	77	54	0.641083409129668	0.935483626470157
HROV-vOTU66410	Sex	M	0.472089864251363	1.00832584650676	77	52	0.64108159141479	0.935483626470157
HROV-vOTU12648	Smoking_Status	Former_Smoker	0.912523029374228	1.95005389323403	77	52	0.641255349216449	0.935638031706464
HROV-vOTU75483	diagnosis	RA	-0.351785855376077	0.752035807842668	77	60	0.641375999454664	0.935695506616046
HROV-vOTU74677	Sex	M	0.317290780218637	0.678244449538947	77	29	0.641351966012954	0.935695506616046
HROV-vOTU71472	Age	Age	0.159461879429612	0.340994099301085	77	49	0.641475519464699	0.935781415929057
HROV-vOTU04196	diagnosis	RA	-0.118095690243994	0.252611350379024	77	76	0.641574240273865	0.935866148562649
HROV-vOTU05007	Smoking_Status	Former_Smoker	0.93567308587182	2.00171159020412	77	68	0.641619103883198	0.935872313789984
HROV-vOTU07116	diagnosis	RA	-0.230947152450066	0.494269729152083	77	27	0.641752418703412	0.93594821117976
HROV-vOTU02275	Smoking_Status	Former_Smoker	0.760680582884837	1.62795357190728	77	11	0.641743444260586	0.93594821117976
HROV-vOTU32612	Sex	M	-0.181052340906517	0.387573726423991	77	15	0.641828069737693	0.935999268367469
HROV-vOTU07581	Smoking_Status	Never_Smoker	-0.401218729155575	0.85902276979011	77	32	0.641884191708875	0.936021841009016
HROV-vOTU43190	Age	Age	0.0863878913330212	0.185127776795896	77	26	0.642186702010192	0.936403681606605
HROV-vOTU74179	Sex	M	0.381468513685642	0.818304629929931	77	74	0.642521387168604	0.936493667529007
HROV-vOTU11599	Sex	M	0.33332136981571	0.715339443848382	77	71	0.642668687688732	0.936493667529007
HROV-vOTU00758	Sex	M	0.464085503395099	0.994862328348098	77	62	0.642298602623216	0.936493667529007
HROV-vOTU57134	Age	Age	0.080102365895999	0.172002503268045	77	20	0.642852382329341	0.936493667529007
HROV-vOTU56542	Smoking_Status	Former_Smoker	-0.674590472393057	1.44888483691672	77	39	0.642932006801458	0.936493667529007
HROV-vOTU16599	Sex	M	-0.164912542259826	0.354177143026067	77	8	0.64291152114667	0.936493667529007
HROV-vOTU34779	Sex	M	0.225144572190071	0.483011381090528	77	32	0.642551639322771	0.936493667529007
HROV-vOTU74870	Smoking_Status	Former_Smoker	-0.550843288234365	1.18312819442368	77	22	0.642939703747335	0.936493667529007
HROV-vOTU31912	Smoking_Status	Former_Smoker	-0.679383944295295	1.45918355633186	77	25	0.642932758011357	0.936493667529007
HROV-vOTU01872	Age	Age	0.140653302761965	0.301682152998933	77	19	0.64247809247944	0.936493667529007
HROV-vOTU49385	Age	Age	-0.170497151403639	0.365650736181272	77	38	0.642439585904438	0.936493667529007
HROV-vOTU38942	Sex	M	0.305753089399336	0.656601913945671	77	51	0.642884363987529	0.936493667529007
HROV-vOTU15369	diagnosis	RA	0.182163949530539	0.390740011387339	77	22	0.642497793313964	0.936493667529007
HROV-vOTU72891	Smoking_Status	Never_Smoker	-0.265248671186149	0.569624779062867	77	15	0.642887698916406	0.936493667529007
HROV-vOTU65351	Smoking_Status	Former_Smoker	-0.467342141256035	1.00297523053782	77	15	0.642673463475708	0.936493667529007
HROV-vOTU29218	Smoking_Status	Former_Smoker	0.246525370978061	0.529407713154527	77	10	0.642882342037699	0.936493667529007
HROV-vOTU59165	diagnosis	RA	-0.179622391679249	0.385793775976552	77	12	0.642932830047324	0.936493667529007
HROV-vOTU71167	Smoking_Status	Never_Smoker	0.511036659420086	1.09777404291922	77	53	0.642983358782806	0.93649802382798
HROV-vOTU03083	Smoking_Status	Never_Smoker	-0.620654456825639	1.33374030330251	77	52	0.643105909385791	0.93649883611475
HROV-vOTU17525	diagnosis	RA	-0.140306631850661	0.301496837595921	77	11	0.643093056383534	0.93649883611475
HROV-vOTU56079	diagnosis	RA	0.184394973521912	0.396238044273345	77	36	0.64309498890521	0.93649883611475
HROV-vOTU59262	Smoking_Status	Never_Smoker	-0.56329114721356	1.21289590362121	77	64	0.64376900464517	0.936504154043603
HROV-vOTU03337	Age	Age	0.135482398672006	0.291715542242106	77	75	0.643758399612405	0.936504154043603
HROV-vOTU75427	Age	Age	-0.175526062472391	0.377528699086066	77	56	0.643401242520067	0.936504154043603
HROV-vOTU00489	Sex	M	-0.128914480418405	0.277510931350152	77	74	0.643683460056196	0.936504154043603
HROV-vOTU64652	diagnosis	RA	-0.224302361552731	0.482746432958375	77	11	0.643612422163027	0.936504154043603
HROV-vOTU26649	Smoking_Status	Former_Smoker	0.937661343203858	2.01742218264617	77	61	0.643509885668697	0.936504154043603
HROV-vOTU19804	Smoking_Status	Former_Smoker	-0.499581819756575	1.07538509120167	77	35	0.643667443543163	0.936504154043603
HROV-vOTU19804	Smoking_Status	Never_Smoker	-0.353767856784503	0.761787002431037	77	35	0.643787744436143	0.936504154043603
HROV-vOTU11329	Sex	M	-0.238763548733477	0.514162522635703	77	10	0.643800858307353	0.936504154043603
HROV-vOTU49589	diagnosis	RA	0.24364511102995	0.52407665023028	77	22	0.643423175118316	0.936504154043603
HROV-vOTU64966	diagnosis	RA	-0.282234707240866	0.607659550920115	77	37	0.643737983163501	0.936504154043603
HROV-vOTU49194	Smoking_Status	Never_Smoker	-0.273951665526967	0.58900560084602	77	16	0.643276955495933	0.936504154043603
HROV-vOTU73104	Age	Age	-0.148042273614607	0.318567189797969	77	26	0.6435590936133	0.936504154043603
HROV-vOTU08702	Sex	M	-0.115789364482417	0.249098157434741	77	8	0.643472558993037	0.936504154043603
HROV-vOTU14912	Smoking_Status	Former_Smoker	0.335998452354212	0.722860019935748	77	9	0.64348406475756	0.936504154043603
HROV-vOTU21507	Sex	M	0.22766620938106	0.489839425950118	77	19	0.643513227083542	0.936504154043603
HROV-vOTU13792	Sex	M	-0.25962796331174	0.558878787702218	77	9	0.64367413340773	0.936504154043603
HROV-vOTU71614	diagnosis	RA	-0.238966895494437	0.514677072793286	77	13	0.643850162086658	0.936516720321842
HROV-vOTU74488	Sex	M	0.505699760828752	1.08985311468373	77	56	0.644062088766129	0.936706656411996
HROV-vOTU65027	Age	Age	-0.174247775566936	0.375508105184131	77	14	0.644044454960886	0.936706656411996
HROV-vOTU08878	Smoking_Status	Former_Smoker	-0.735302255099094	1.58496271618782	77	41	0.644121448646604	0.936732861636248
HROV-vOTU65540	diagnosis	RA	-0.287501408144199	0.619867790422093	77	53	0.644202130377547	0.936732861636248
HROV-vOTU64565	Smoking_Status	Former_Smoker	0.271523855966292	0.585397837185926	77	9	0.644189966849365	0.936732861636248
HROV-vOTU71398	Sex	M	0.37009609849056	0.79819381983351	77	28	0.644304737327291	0.936734743192024
HROV-vOTU43115	Smoking_Status	Never_Smoker	0.360542200431246	0.777637442910351	77	19	0.644325447976763	0.936734743192024
HROV-vOTU09275	Smoking_Status	Former_Smoker	-0.517763598393133	1.11664406254435	77	8	0.644296662091294	0.936734743192024
HROV-vOTU52191	Sex	M	0.540970256902401	1.16747120933874	77	60	0.644517042565416	0.936899390466029
HROV-vOTU17386	Age	Age	-0.0598323512009479	0.129125741944342	77	13	0.64452006266406	0.936899390466029
HROV-vOTU26953	Age	Age	0.107105312979214	0.231477882159554	77	76	0.644992883311815	0.93697736745389
HROV-vOTU22887	Smoking_Status	Never_Smoker	0.20480755765663	0.442497741200581	77	75	0.64489147290116	0.93697736745389
HROV-vOTU16763	Age	Age	-0.0699738365473043	0.151273994046114	77	75	0.64509175837148	0.93697736745389
HROV-vOTU41804	Smoking_Status	Never_Smoker	-0.253898377187876	0.548583378332596	77	8	0.644904883663058	0.93697736745389
HROV-vOTU12141	Age	Age	0.179447772072446	0.387692471022186	77	56	0.644879473529848	0.93697736745389
HROV-vOTU42154	diagnosis	RA	0.100371554115644	0.216996894421214	77	8	0.645102611304771	0.93697736745389
HROV-vOTU51492	Sex	M	0.437291692805582	0.944273253432471	77	59	0.644710023279225	0.93697736745389
HROV-vOTU35858	Age	Age	-0.0834197336533616	0.180225886943066	77	12	0.644878771221227	0.93697736745389
HROV-vOTU01013	Sex	M	0.156782435596196	0.338796258926223	77	9	0.644949339288461	0.93697736745389
HROV-vOTU62711	Smoking_Status	Former_Smoker	0.445027879980279	0.961343670343525	77	23	0.644835493379561	0.93697736745389
HROV-vOTU66895	Smoking_Status	Former_Smoker	-0.42521794702328	0.918905110471298	77	15	0.644962931527402	0.93697736745389
HROV-vOTU35198	diagnosis	RA	0.163291767411497	0.352906459031922	77	12	0.644990475184563	0.93697736745389
HROV-vOTU30746	Smoking_Status	Former_Smoker	0.424391530228903	0.917476717156914	77	11	0.645091573442848	0.93697736745389
HROV-vOTU33154	Smoking_Status	Former_Smoker	-0.56556700646532	1.22401797276547	77	61	0.645452660254718	0.937249354707829
HROV-vOTU18438	diagnosis	RA	0.143982244537268	0.311539789412903	77	9	0.645377377566575	0.937249354707829
HROV-vOTU26281	Smoking_Status	Former_Smoker	0.564905912698929	1.22258356399608	77	42	0.645451676171596	0.937249354707829
HROV-vOTU64100	Sex	M	-0.189951965921637	0.41096930918985	77	9	0.645347772328398	0.937249354707829
HROV-vOTU18560	diagnosis	RA	-0.192600396611699	0.416939003982856	77	17	0.645537397326859	0.937262548798834
HROV-vOTU10057	Age	Age	0.186886565614801	0.404576821295689	77	56	0.645543141513118	0.937262548798834
HROV-vOTU34657	Smoking_Status	Former_Smoker	-0.80092449137386	1.73439190584438	77	33	0.645643896500663	0.937349740680216
HROV-vOTU71791	Sex	M	0.152728608786155	0.330868726552793	77	17	0.645780217862376	0.937488553792897
HROV-vOTU17684	Sex	M	-0.279535207370323	0.605658162133816	77	24	0.645822499299687	0.937490838882559
HROV-vOTU59708	Smoking_Status	Former_Smoker	0.567169794444461	1.22904144856551	77	27	0.645869813620997	0.937493553897165
HROV-vOTU27937	Smoking_Status	Former_Smoker	0.8120931081168	1.76019330010057	77	62	0.645946492107695	0.937493553897165
HROV-vOTU35480	diagnosis	RA	-0.188008037990893	0.407462767213027	77	21	0.645913862312747	0.937493553897165
HROV-vOTU19710	Age	Age	0.143574841096749	0.311264164863687	77	26	0.64601947023616	0.937540386888825
HROV-vOTU01261	Age	Age	-0.132349278109927	0.286982326899263	77	20	0.646082242835172	0.937572404063895
HROV-vOTU30486	diagnosis	RA	-0.374292084728048	0.811801808183091	77	50	0.646162439187116	0.937606832637509
HROV-vOTU09275	diagnosis	RA	-0.213494638538415	0.463083457271926	77	8	0.646187392428248	0.937606832637509
HROV-vOTU32445	Age	Age	0.10089697848789	0.218964121143936	77	29	0.646355997253824	0.937739295822347
HROV-vOTU66731	diagnosis	RA	0.175677125913981	0.38125492114191	77	8	0.646360120793918	0.937739295822347
HROV-vOTU37432	diagnosis	RA	0.182843834629937	0.396934437466258	77	18	0.646464822024235	0.93777082803753
HROV-vOTU71923	diagnosis	RA	0.266331010162144	0.578245073612127	77	42	0.64650401375388	0.93777082803753
HROV-vOTU28350	diagnosis	RA	0.132321730645714	0.287286023815005	77	11	0.646498803920555	0.93777082803753
HROV-vOTU55642	Smoking_Status	Former_Smoker	-0.787904614769451	1.7115756243433	77	40	0.646679864511826	0.93782672897485
HROV-vOTU53921	Sex	M	0.261756765907098	0.56847920636199	77	74	0.646599778154234	0.93782672897485
HROV-vOTU67116	Smoking_Status	Never_Smoker	-0.347152007245985	0.754181568795238	77	12	0.646705439984785	0.93782672897485
HROV-vOTU22382	diagnosis	RA	-0.249236851884841	0.541341230277711	77	21	0.646631714988652	0.93782672897485
HROV-vOTU65362	Sex	M	0.409663015533921	0.890162708953551	77	28	0.646770841705307	0.937862516337566
HROV-vOTU29841	Sex	M	-0.387799474683042	0.84313665605639	77	69	0.646958587951685	0.937934474340993
HROV-vOTU50970	Age	Age	0.141546036992729	0.30776641860352	77	70	0.64698337209644	0.937934474340993
HROV-vOTU17618	Age	Age	0.116333396767939	0.252896824450064	77	15	0.646919407828849	0.937934474340993
HROV-vOTU02433	Smoking_Status	Former_Smoker	0.272178656807381	0.591617727752207	77	10	0.646880173428628	0.937934474340993
HROV-vOTU47224	Smoking_Status	Former_Smoker	0.60885644273639	1.32433276084189	77	61	0.647103407589082	0.938027543675966
HROV-vOTU74379	Age	Age	-0.0995896012132086	0.216635733823937	77	13	0.647129032302377	0.938027543675966
HROV-vOTU21077	Smoking_Status	Former_Smoker	0.730459677802006	1.58924456705501	77	44	0.647188305028031	0.938054419082105
HROV-vOTU66788	Sex	M	0.354525965839893	0.771595579487478	77	64	0.647299584068425	0.93811206367937
HROV-vOTU30612	Age	Age	0.131311527522356	0.285862665570266	77	34	0.647384919372909	0.93811206367937
HROV-vOTU06722	Sex	M	-0.209503911983217	0.456624867012052	77	22	0.647772314075526	0.93811206367937
HROV-vOTU02493	Smoking_Status	Former_Smoker	0.58138221248439	1.26598526434163	77	23	0.647469799868196	0.93811206367937
HROV-vOTU21204	Smoking_Status	Never_Smoker	0.373417700112402	0.813256979677078	77	33	0.647519657825776	0.93811206367937
HROV-vOTU62131	Smoking_Status	Former_Smoker	-0.282575315969081	0.615828992244614	77	12	0.647740968770206	0.93811206367937
HROV-vOTU65890	Smoking_Status	Never_Smoker	-0.177873342579147	0.387255525268626	77	9	0.647409231745284	0.93811206367937
HROV-vOTU37931	Sex	M	-0.262218031694328	0.571220000131396	77	26	0.647601208272844	0.93811206367937
HROV-vOTU05584	diagnosis	RA	-0.277048428773993	0.603223959824446	77	36	0.647436538345913	0.93811206367937
HROV-vOTU32710	Smoking_Status	Former_Smoker	-0.395359491672527	0.861633371722232	77	10	0.647744315714321	0.93811206367937
HROV-vOTU38231	Smoking_Status	Former_Smoker	0.220817180083997	0.481002595636571	77	10	0.64758134843458	0.93811206367937
HROV-vOTU48671	Age	Age	0.0481058957196783	0.104857673973008	77	8	0.647798356434782	0.93811206367937
HROV-vOTU74625	diagnosis	RA	0.215995957056014	0.470801776883985	77	15	0.647791226842211	0.93811206367937
HROV-vOTU55568	Smoking_Status	Former_Smoker	-0.231946393847768	0.505122066322015	77	10	0.647501387015936	0.93811206367937
HROV-vOTU24371	Smoking_Status	Former_Smoker	-0.490781457613572	1.06991627907346	77	71	0.647843453964908	0.938118376958626
HROV-vOTU69341	Smoking_Status	Former_Smoker	0.459095212776357	1.00096379854524	77	25	0.647884185216107	0.938118376958626
HROV-vOTU47642	Smoking_Status	Never_Smoker	0.238846921307672	0.520862154559986	77	11	0.647950265511419	0.938155074483087
HROV-vOTU53343	Smoking_Status	Former_Smoker	-0.571816852416633	1.24721454987324	77	32	0.648011440837939	0.938184666027393
HROV-vOTU33454	Sex	M	-0.320389481735146	0.699040779334232	77	63	0.648117105978076	0.9382196838692
HROV-vOTU58106	Smoking_Status	Never_Smoker	0.609693033273042	1.33023112030782	77	35	0.648110776067564	0.9382196838692
HROV-vOTU36611	diagnosis	RA	-0.241720131457208	0.527633153238581	77	34	0.648264186460985	0.938373614971496
HROV-vOTU29003	Sex	M	0.234245042729315	0.511425262596083	77	26	0.648333950113229	0.938415616309953
HROV-vOTU16955	diagnosis	RA	0.178369127226523	0.389498509106393	77	20	0.648390003960077	0.938437769683294
HROV-vOTU30486	Age	Age	-0.190154689239154	0.415335936046672	77	50	0.648470181549346	0.938494833223242
HROV-vOTU71847	Age	Age	-0.150189868110657	0.328104077579844	77	66	0.648529365851148	0.938521509083319
HROV-vOTU06005	diagnosis	RA	0.360090653780385	0.786822881004321	77	26	0.648600310293848	0.938535267311899
HROV-vOTU35173	Sex	M	0.42963979359103	0.938850113369506	77	42	0.648620378399313	0.938535267311899
HROV-vOTU70525	Sex	M	-0.37898773318343	0.828393353855049	77	69	0.648710555043901	0.938606777826289
HROV-vOTU04021	diagnosis	RA	-0.19808592762678	0.433145632095166	77	72	0.648837747401013	0.938731833311052
HROV-vOTU44212	Sex	M	0.345427215122727	0.755663270169964	77	26	0.648981903062658	0.938881413878573
HROV-vOTU67284	diagnosis	RA	0.15800194346278	0.346022482312018	77	19	0.649335687002713	0.938921383290795
HROV-vOTU73950	Age	Age	-0.117016669898628	0.256207101840231	77	45	0.649261618524076	0.938921383290795
HROV-vOTU16021	diagnosis	RA	0.233299743730942	0.510809815444813	77	30	0.649262779311486	0.938921383290795
HROV-vOTU59862	Smoking_Status	Never_Smoker	0.140109459315431	0.306834133353916	77	11	0.649331418122353	0.938921383290795
HROV-vOTU37106	Sex	M	0.509400837065676	1.11555764047528	77	37	0.649328520139657	0.938921383290795
HROV-vOTU61032	Smoking_Status	Former_Smoker	0.520815452820282	1.14039612466458	77	20	0.64928301621584406	0.938921383290795
HROV-vOTU05887	Smoking_Status	Former_Smoker	0.572623972882942	1.25303144165415	77	14	0.649072747718481	0.938921383290795
HROV-vOTU65332	Sex	M	0.268983217767737	0.588869208125732	77	9	0.649224174169131	0.938921383290795
HROV-vOTU03137	Smoking_Status	Former_Smoker	-0.875093552803754	1.91745127475646	77	36	0.649507127894826	0.938992414024975
HROV-vOTU30174	Age	Age	0.0957856142628528	0.209840620894047	77	32	0.649446536727082	0.938992414024975
HROV-vOTU48623	Sex	M	-0.26679105356152	0.584553732374084	77	8	0.649494588525652	0.938992414024975
HROV-vOTU61158	diagnosis	RA	0.241472689820344	0.529338956033788	77	35	0.649654461491725	0.939146459616749
HROV-vOTU41126	Smoking_Status	Former_Smoker	-0.287798239495219	0.631162619757967	77	13	0.649795217948226	0.939232025942863
HROV-vOTU74149	Sex	M	0.359904856245519	0.789296157521806	77	32	0.649794575311934	0.939232025942863
HROV-vOTU37726	Smoking_Status	Former_Smoker	0.668300667149407	1.46682362704816	77	29	0.650060266031509	0.93955616459807
HROV-vOTU71296	Smoking_Status	Former_Smoker	0.275727914912923	0.605282291224156	77	12	0.650113747868796	0.939574497233659
HROV-vOTU36939	diagnosis	RA	-0.21403641775904	0.470159600530258	77	52	0.65032421940771	0.93976073118903
HROV-vOTU27032	Smoking_Status	Former_Smoker	-0.8594130090683	1.88770145980791	77	56	0.650304523166595	0.93976073118903
HROV-vOTU32378	Sex	M	0.386145093580222	0.848423336309297	77	27	0.650402591980941	0.939764783920108
HROV-vOTU57710	Smoking_Status	Former_Smoker	0.804206499284731	1.76717261125318	77	55	0.65043958517344	0.939764783920108
HROV-vOTU59392	Smoking_Status	Former_Smoker	-0.459641447346346	1.01005196141424	77	12	0.65044944227905	0.939764783920108
HROV-vOTU49565	Age	Age	-0.214831050896771	0.472278034204118	77	56	0.650581574095806	0.939769947985186
HROV-vOTU72034	Smoking_Status	Former_Smoker	0.852689209099101	1.87519962890511	77	29	0.650698583999147	0.939769947985186
HROV-vOTU35391	Smoking_Status	Never_Smoker	-0.506140456136853	1.11288635404736	77	24	0.650640868571729	0.939769947985186
HROV-vOTU71472	Smoking_Status	Never_Smoker	0.517841886432682	1.13847214791108	77	49	0.650599977441103	0.939769947985186
HROV-vOTU12887	diagnosis	RA	-0.200635228409532	0.441178871273717	77	28	0.650661675526726	0.939769947985186
HROV-vOTU14828	Age	Age	-0.080131350263066	0.176265410317061	77	26	0.650779467236984	0.939769947985186
HROV-vOTU43438	Smoking_Status	Former_Smoker	0.494003885379839	1.086574925376	77	27	0.650752990155696	0.939769947985186
HROV-vOTU13053	diagnosis	RA	0.277704853775418	0.610577544263098	77	29	0.650624066137475	0.939769947985186
HROV-vOTU41963	Sex	M	0.317742886822167	0.699170001032386	77	49	0.650886129077533	0.93978436845786
HROV-vOTU49449	diagnosis	RA	0.159422357562525	0.350824998581549	77	15	0.650911874132493	0.93978436845786
HROV-vOTU17545	Age	Age	0.0872561718599811	0.191978622120462	77	10	0.650848482491593	0.93978436845786
HROV-vOTU52385	Sex	M	0.27054795987107	0.595738235215279	77	57	0.651114076078679	0.939886984935949
HROV-vOTU44189	Age	Age	-0.138282710150822	0.30447130631337	77	55	0.651089566627592	0.939886984935949
HROV-vOTU59294	Sex	M	-0.145078688858886	0.319490329579489	77	11	0.651146193862486	0.939886984935949
HROV-vOTU32179	Age	Age	-0.0761250587596243	0.167631686816237	77	10	0.651127005489792	0.939886984935949
HROV-vOTU61652	Age	Age	0.0674314565476024	0.148532123009276	77	14	0.65122388816792	0.939940219635698
HROV-vOTU20963	Sex	M	-0.446441522206154	0.983585691970722	77	21	0.651291103201813	0.939978323415288
HROV-vOTU04583	Sex	M	-0.215019086150398	0.473975787752301	77	9	0.651464396174966	0.940037967085398
HROV-vOTU23300	Sex	M	-0.403856858240891	0.890124379846331	77	66	0.651422553596903	0.940037967085398
HROV-vOTU01552	diagnosis	RA	0.154163375686921	0.339808398742375	77	10	0.651444753462319	0.940037967085398
HROV-vOTU39302	Sex	M	0.321975690071088	0.709813184969985	77	21	0.65149570094008	0.940037967085398
HROV-vOTU08392	Smoking_Status	Never_Smoker	0.248784000117075	0.548916126097541	77	76	0.651766909073	0.94010080347601
HROV-vOTU50677	Age	Age	-0.0618437454792823	0.137182086430289	77	76	0.653496660357165	0.94010080347601
HROV-vOTU30941	Smoking_Status	Former_Smoker	-0.719688344361949	1.6007016311556	77	72	0.654362699113434	0.94010080347601
HROV-vOTU40255	Smoking_Status	Never_Smoker	-0.132932630760977	0.295307472369851	77	77	0.653973844375275	0.94010080347601
HROV-vOTU61871	Smoking_Status	Never_Smoker	-0.395548973794951	0.875157013855405	77	76	0.652664885815851	0.94010080347601
HROV-vOTU70013	Age	Age	0.101671532607495	0.22488948194992	77	22	0.652578367580418	0.94010080347601
HROV-vOTU29992	Smoking_Status	Never_Smoker	-0.525572282190533	1.16634534507538	77	70	0.653640412094073	0.94010080347601
HROV-vOTU35164	diagnosis	RA	0.37042948690839	0.824502561585405	77	58	0.654600802628801	0.94010080347601
HROV-vOTU10686	Sex	M	-0.348609437351901	0.775837564265932	77	70	0.654560109249325	0.94010080347601
HROV-vOTU32660	Smoking_Status	Former_Smoker	-0.885690183868196	1.95813189021034	77	39	0.652421864726943	0.94010080347601
HROV-vOTU29841	Smoking_Status	Never_Smoker	0.490402849642514	1.09120076732734	77	69	0.654500701466998	0.94010080347601
HROV-vOTU37291	Smoking_Status	Former_Smoker	-0.624653134073042	1.3888859529621	77	44	0.654259956827164	0.94010080347601
HROV-vOTU08280	diagnosis	RA	-0.241023846189302	0.536427081707207	77	36	0.65457423416089	0.94010080347601
HROV-vOTU20811	diagnosis	RA	-0.292069902955295	0.645713698207794	77	65	0.652416701518908	0.94010080347601
HROV-vOTU20811	Sex	M	0.383384982891727	0.852233004667414	77	65	0.654182348879031	0.94010080347601
HROV-vOTU64354	Sex	M	-0.275387849660144	0.61257874665928	77	14	0.654400764333956	0.94010080347601
HROV-vOTU02836	Sex	M	-0.391430344768724	0.863606696407018	77	71	0.651750433296065	0.94010080347601
HROV-vOTU57091	Sex	M	-0.32846745819445	0.728457514341537	77	63	0.653429831133179	0.94010080347601
HROV-vOTU12762	Sex	M	-0.496164438402832	1.09638674351323	77	33	0.652256113633132	0.94010080347601
HROV-vOTU57404	Age	Age	-0.116497326036197	0.258013759542377	77	28	0.652993946757326	0.94010080347601
HROV-vOTU60459	diagnosis	RA	-0.283709415247578	0.630186953887269	77	70	0.653938754892273	0.94010080347601
HROV-vOTU04146	Smoking_Status	Former_Smoker	-0.637693794828917	1.41429350858354	77	34	0.653441358978254	0.94010080347601
HROV-vOTU11756	Smoking_Status	Never_Smoker	0.27438773362187	0.609311414018276	77	15	0.653848715052529	0.94010080347601
HROV-vOTU65815	Age	Age	0.10660870752041	0.237157426245232	77	63	0.654420749863642	0.94010080347601
HROV-vOTU41996	diagnosis	RA	0.134971961279678	0.298530406516027	77	17	0.6525598886705	0.94010080347601
HROV-vOTU68750	Smoking_Status	Never_Smoker	0.301051631334899	0.664179107275247	77	72	0.651737506688897	0.94010080347601
HROV-vOTU64807	Smoking_Status	Former_Smoker	0.593112280379494	1.31411698538654	77	43	0.653120820084875	0.94010080347601
HROV-vOTU23555	Age	Age	-0.22695782837783	0.503916966743957	77	42	0.653803473294445	0.94010080347601
HROV-vOTU12907	Age	Age	-0.136574388593933	0.303914549415363	77	48	0.654523392240953	0.94010080347601
HROV-vOTU42535	Sex	M	-0.473026534684253	1.0505021614074599	77	22	0.653876111642967	0.94010080347601
HROV-vOTU01491	Sex	M	0.369619401625317	0.819865674500101	77	50	0.653486477353865	0.94010080347601
HROV-vOTU18920	Smoking_Status	Never_Smoker	0.390420193839634	0.864471040778313	77	27	0.652912873582978	0.94010080347601
HROV-vOTU08533	Smoking_Status	Former_Smoker	0.174965566321696	0.389294474001312	77	8	0.654481369772549	0.94010080347601
HROV-vOTU03969	Smoking_Status	Former_Smoker	0.695048350023079	1.5451296450161	77	73	0.654202164122184	0.94010080347601
HROV-vOTU63664	Smoking_Status	Former_Smoker	0.666872759267621	1.4728195554005	77	34	0.652083114385247	0.94010080347601
HROV-vOTU46509	Smoking_Status	Former_Smoker	-0.726736281772973	1.61416881249879	77	30	0.653921237656464	0.94010080347601
HROV-vOTU10529	Sex	M	0.307161236568733	0.681421937108471	77	34	0.653532462977988	0.94010080347601
HROV-vOTU72250	Smoking_Status	Never_Smoker	0.422395527852299	0.936546897976096	77	38	0.653354113805497	0.94010080347601
HROV-vOTU10994	Sex	M	0.425725205218181	0.938975557521285	77	35	0.65164827917988	0.94010080347601
HROV-vOTU35076	Age	Age	-0.144339264170563	0.32112622110139	77	41	0.654455837961067	0.94010080347601
HROV-vOTU27032	Sex	M	0.466228682847283	1.03322800086591	77	56	0.653195393661927	0.94010080347601
HROV-vOTU22570	Sex	M	-0.284223066679795	0.630460843547666	77	11	0.653494559016598	0.94010080347601
HROV-vOTU43341	Smoking_Status	Former_Smoker	0.62178044807452	1.37321296110295	77	39	0.65207883138065	0.94010080347601
HROV-vOTU53898	diagnosis	RA	0.233848982470388	0.519570675922298	77	38	0.654023159797634	0.94010080347601
HROV-vOTU65868	Sex	M	0.196431098982424	0.435556805557884	77	14	0.653372243263038	0.94010080347601
HROV-vOTU68953	Smoking_Status	Never_Smoker	0.275276896494626	0.610956829827231	77	20	0.653674690980597	0.94010080347601
HROV-vOTU42023	Sex	M	0.255219452842308	0.567641137917955	77	11	0.654358367485278	0.94010080347601
HROV-vOTU20022	diagnosis	RA	0.156777125648207	0.348870887916543	77	24	0.654523248144492	0.94010080347601
HROV-vOTU36599	Smoking_Status	Former_Smoker	0.628551701670917	1.39499200069174	77	59	0.653667210738169	0.94010080347601
HROV-vOTU65612	Smoking_Status	Never_Smoker	0.465932978201363	1.02745638847375	77	20	0.651584711364237	0.94010080347601
HROV-vOTU55559	Sex	M	0.163632715319686	0.362890416719627	77	15	0.653424978705203	0.94010080347601
HROV-vOTU31814	Sex	M	0.201044847846705	0.444645542500365	77	11	0.652541962303866	0.94010080347601
HROV-vOTU75708	Smoking_Status	Never_Smoker	-0.38653134010014	0.853463302420234	77	18	0.652003585466356	0.94010080347601
HROV-vOTU36687	Smoking_Status	Former_Smoker	0.415908168467387	0.924583699753811	77	24	0.6542013273454	0.94010080347601
HROV-vOTU30551	Age	Age	-0.130558447124654	0.288564760118953	77	25	0.652330926794165	0.94010080347601
HROV-vOTU14922	Age	Age	0.107615643307981	0.237705108847156	77	16	0.652125363112783	0.94010080347601
HROV-vOTU60406	diagnosis	RA	-0.250580003480607	0.557423711115599	77	33	0.654417018165049	0.94010080347601
HROV-vOTU29721	Smoking_Status	Former_Smoker	0.538854299266155	1.18979208031604	77	11	0.65200327314981	0.94010080347601
HROV-vOTU18938	Sex	M	0.212851949852534	0.471460769784409	77	26	0.653024526352369	0.94010080347601
HROV-vOTU26157	diagnosis	RA	-0.165964989629344	0.366799923319603	77	10	0.652311836040534	0.94010080347601
HROV-vOTU06874	Age	Age	0.0702068003340785	0.155699469085779	77	9	0.653426906731468	0.94010080347601
HROV-vOTU26844	diagnosis	RA	-0.306956962624099	0.679245234102004	77	29	0.652712185096522	0.94010080347601
HROV-vOTU73220	Sex	M	0.493702683298489	1.09579964553749	77	37	0.653693228900652	0.94010080347601
HROV-vOTU30978	Smoking_Status	Never_Smoker	0.490601341603169	1.08321299478003	77	20	0.65199236793532	0.94010080347601
HROV-vOTU17850	Smoking_Status	Former_Smoker	0.835220577870868	1.85758247698441	77	15	0.654348582297313	0.94010080347601
HROV-vOTU30930	Smoking_Status	Former_Smoker	-0.304010004701169	0.671750936381712	77	10	0.652242865434973	0.94010080347601
HROV-vOTU09421	diagnosis	RA	0.0890335780814888	0.196458479714201	77	9	0.651791890583069	0.94010080347601
HROV-vOTU07520	Smoking_Status	Former_Smoker	-0.482120124314529	1.06784706823987	77	16	0.653013993810591	0.94010080347601
HROV-vOTU19674	Sex	M	0.21708184216339	0.481180879126987	77	10	0.653260728092892	0.94010080347601
HROV-vOTU04210	Sex	M	0.178266972344694	0.393762001224024	77	8	0.652125217678997	0.94010080347601
HROV-vOTU56590	Smoking_Status	Former_Smoker	0.324658379208141	0.717701761240075	77	19	0.65238997439941	0.94010080347601
HROV-vOTU69180	Smoking_Status	Former_Smoker	0.621296536026477	1.37216834911113	77	15	0.652084534739408	0.94010080347601
HROV-vOTU42090	diagnosis	RA	-0.14527604642658	0.322733702935825	77	8	0.65397940150499	0.94010080347601
HROV-vOTU55294	Sex	M	-0.124053002973691	0.275940386313193	77	9	0.654393955847735	0.94010080347601
HROV-vOTU42166	Smoking_Status	Former_Smoker	0.416227774636653	0.922146496036143	77	8	0.65309976513395	0.94010080347601
HROV-vOTU13279	Sex	M	0.403160668891657	0.898274865937698	77	57	0.654930851678079	0.94045750805251
HROV-vOTU23521	Smoking_Status	Former_Smoker	-0.535686661046001	1.19350992328645	77	23	0.65491906187888	0.94045750805251
HROV-vOTU50652	Smoking_Status	Former_Smoker	0.493670977915403	1.10334293195848	77	73	0.655925257953436	0.940513448071094
HROV-vOTU33936	Smoking_Status	Never_Smoker	-0.355627179225618	0.794560263358784	77	12	0.655820862734585	0.940513448071094
HROV-vOTU30486	Sex	M	-0.48046934799931	1.07144125345731	77	50	0.655206472796649	0.940513448071094
HROV-vOTU66575	Smoking_Status	Never_Smoker	0.467707188277787	1.04577431232494	77	52	0.656066608966436	0.940513448071094
HROV-vOTU56542	Age	Age	0.137467758064409	0.307416991561277	77	39	0.656113289479383	0.940513448071094
HROV-vOTU72148	Sex	M	-0.456014618884383	1.01847272788789	77	62	0.655701455742745	0.940513448071094
HROV-vOTU08047	Smoking_Status	Former_Smoker	0.395164727996582	0.883171004075304	77	68	0.655920601033976	0.940513448071094
HROV-vOTU31655	Age	Age	-0.114381623746508	0.255659451000326	77	49	0.655949441413223	0.940513448071094
HROV-vOTU03164	Sex	M	-0.180770947818033	0.404062655537641	77	10	0.655960161302624	0.940513448071094
HROV-vOTU09691	Age	Age	-0.16469925414855	0.367405685799689	77	61	0.655318839732512	0.940513448071094
HROV-vOTU58654	Smoking_Status	Former_Smoker	-0.565816317620398	1.26263300981647	77	41	0.655428112860741	0.940513448071094
HROV-vOTU07603	Smoking_Status	Former_Smoker	-0.849134206134558	1.89301638673679	77	45	0.655114043009264	0.940513448071094
HROV-vOTU05939	Smoking_Status	Never_Smoker	0.420538288574349	0.939358679551428	77	30	0.655742386222471	0.940513448071094
HROV-vOTU26281	Age	Age	0.116173214469761	0.259401542206588	77	42	0.655624360359455	0.940513448071094
HROV-vOTU37583	Smoking_Status	Former_Smoker	0.897925942437873	2.00388737576516	77	56	0.655451173877347	0.940513448071094
HROV-vOTU52612	Sex	M	0.433577110975454	0.968619358363018	77	44	0.655787471308266	0.940513448071094
HROV-vOTU40683	Smoking_Status	Former_Smoker	0.68607814403113	1.53425384500126	77	25	0.656110787077016	0.940513448071094
HROV-vOTU74035	diagnosis	RA	-0.256687182754532	0.573453645110487	77	40	0.655792903784032	0.940513448071094
HROV-vOTU29302	Sex	M	-0.584017900603129	1.30468455618166	77	33	0.655781966701332	0.940513448071094
HROV-vOTU07555	Sex	M	0.565090029269341	1.25976465423989	77	66	0.655109398180968	0.940513448071094
HROV-vOTU30867	Sex	M	-0.279927110337714	0.625620476287023	77	22	0.655920130645371	0.940513448071094
HROV-vOTU48844	Smoking_Status	Never_Smoker	0.244300331383967	0.546161310331055	77	12	0.656016995287453	0.940513448071094
HROV-vOTU10232	Smoking_Status	Former_Smoker	-0.25613943115901	0.571878439201534	77	11	0.655595274883088	0.940513448071094
HROV-vOTU58551	Smoking_Status	Never_Smoker	0.164695428596339	0.368159538431452	77	8	0.655985644920298	0.940513448071094
HROV-vOTU33140	Age	Age	0.1353583038249	0.302047320920624	77	20	0.655419525991537	0.940513448071094
HROV-vOTU41394	diagnosis	RA	0.163527584409341	0.36496876215449	77	10	0.655474799751473	0.940513448071094
HROV-vOTU29846	diagnosis	RA	-0.0982110006361192	0.219076326013745	77	11	0.65530480892193	0.940513448071094
HROV-vOTU72113	Sex	M	-0.215509161857218	0.481024345180737	77	14	0.655501953488392	0.940513448071094
HROV-vOTU02038	Smoking_Status	Never_Smoker	-0.575348830909697	1.28702712446388	77	64	0.656209045934272	0.940592165797366
HROV-vOTU62915	Sex	M	0.415789299203214	0.930494155322987	77	56	0.656345027033849	0.940611448200967
HROV-vOTU42122	Age	Age	0.0780480714615081	0.174631078117334	77	12	0.656285144175362	0.940611448200967
HROV-vOTU74065	Sex	M	-0.260892106525947	0.583802711082906	77	16	0.656319018993009	0.940611448200967
HROV-vOTU17661	Age	Age	0.102295626006481	0.229660607350289	77	76	0.65737081795619	0.940671143128876
HROV-vOTU22053	Age	Age	0.0544597425693112	0.122511582815609	77	76	0.658013502718548	0.940671143128876
HROV-vOTU63277	Smoking_Status	Former_Smoker	-0.457631757662798	1.02586608218292	77	72	0.656887508911255	0.940671143128876
HROV-vOTU73280	Sex	M	-0.324931302018161	0.729201207072694	77	70	0.657242753149777	0.940671143128876
HROV-vOTU72961	Smoking_Status	Former_Smoker	0.615587372487964	1.39005757601512	77	71	0.659220373975658	0.940671143128876
HROV-vOTU32240	Smoking_Status	Former_Smoker	-0.645094391625718	1.44442914789465	77	28	0.656517001108013	0.940671143128876
HROV-vOTU50049	Sex	M	-0.436591491623999	0.982357744817955	77	56	0.658081856784104	0.940671143128876
HROV-vOTU67068	Smoking_Status	Never_Smoker	0.389176999762499	0.876756322932777	77	20	0.658477248795918	0.940671143128876
HROV-vOTU04874	Smoking_Status	Never_Smoker	-0.182769549362733	0.409512077676399	77	77	0.656731201447627	0.940671143128876
HROV-vOTU59262	Age	Age	0.160923592704528	0.363285432111943	77	64	0.659136072752417	0.940671143128876
HROV-vOTU12852	Smoking_Status	Former_Smoker	-0.584505283837035	1.31257021969272	77	72	0.657447998890918	0.940671143128876
HROV-vOTU35164	Sex	M	0.48550135346693	1.08820410247792	77	58	0.656847188479595	0.940671143128876
HROV-vOTU57540	Sex	M	0.405964704286679	0.91292767660443	77	45	0.657900482561024	0.940671143128876
HROV-vOTU67787	Sex	M	-0.306380385091225	0.691919371236533	77	24	0.65925813833158	0.940671143128876
HROV-vOTU60083	Age	Age	0.107188129699564	0.240374088615674	77	68	0.657010390685202	0.940671143128876
HROV-vOTU03303	Age	Age	0.0776306625190223	0.174821558200405	77	76	0.658352164294517	0.940671143128876
HROV-vOTU49348	Smoking_Status	Former_Smoker	0.574073274229341	1.29513941458198	77	66	0.658931109229477	0.940671143128876
HROV-vOTU02203	diagnosis	RA	0.21928019659591	0.495944401369616	77	73	0.659726944535747	0.940671143128876
HROV-vOTU14455	Smoking_Status	Former_Smoker	0.516978286061067	1.17019114396821	77	70	0.659984147735119	0.940671143128876
HROV-vOTU02985	Smoking_Status	Former_Smoker	-0.487643617420572	1.1003976167357	77	43	0.659003027686147	0.940671143128876
HROV-vOTU09133	Smoking_Status	Former_Smoker	0.62695814894479	1.4153974190472	77	48	0.659144578929343	0.940671143128876
HROV-vOTU51606	Smoking_Status	Never_Smoker	-0.226714874815978	0.513159181244045	77	22	0.659975050279452	0.940671143128876
HROV-vOTU33368	Smoking_Status	Never_Smoker	0.362049450682666	0.816030012336889	77	72	0.658629093792776	0.940671143128876
HROV-vOTU10338	diagnosis	RA	-0.370071521877989	0.834868304568617	77	61	0.658918705451975	0.940671143128876
HROV-vOTU12851	Sex	M	0.369168153376729	0.827675063126509	77	54	0.656932641394488	0.940671143128876
HROV-vOTU56010	Smoking_Status	Former_Smoker	0.400241221583375	0.899535714922375	77	53	0.657715199600114	0.940671143128876
HROV-vOTU07151	Smoking_Status	Former_Smoker	-0.591099076748125	1.33157330292213	77	22	0.658457432700387	0.940671143128876
HROV-vOTU26706	Age	Age	0.102296549291458	0.229921551005311	77	57	0.657731484695776	0.940671143128876
HROV-vOTU15658	Smoking_Status	Former_Smoker	0.726954655317727	1.63557776135523	77	44	0.658059379326676	0.940671143128876
HROV-vOTU18912	Sex	M	0.183916012358022	0.413597811033324	77	15	0.657908284244583	0.940671143128876
HROV-vOTU23684	Smoking_Status	Former_Smoker	0.619622211167205	1.39010256813125	77	36	0.657142436639161	0.940671143128876
HROV-vOTU18061	Age	Age	-0.109649959809	0.247384819908674	77	53	0.658942406745239	0.940671143128876
HROV-vOTU62321	Sex	M	-0.369849156400611	0.836498042674811	77	67	0.659731868896861	0.940671143128876
HROV-vOTU01832	Age	Age	-0.0812861305586701	0.183193856281698	77	9	0.658596902368556	0.940671143128876
HROV-vOTU59175	diagnosis	RA	0.270450644588002	0.608651023645391	77	60	0.658145113914935	0.940671143128876
HROV-vOTU49421	Age	Age	-0.21129505465895	0.4784152895877	77	52	0.660080275261491	0.940671143128876
HROV-vOTU25148	diagnosis	RA	0.247245737452439	0.557946829246061	77	44	0.659015443548691	0.940671143128876
HROV-vOTU75024	diagnosis	RA	0.295839476713255	0.665146735002783	77	36	0.657836576179552	0.940671143128876
HROV-vOTU71347	Age	Age	-0.205087483120826	0.464338436383025	77	51	0.660065449652109	0.940671143128876
HROV-vOTU39924	Smoking_Status	Former_Smoker	0.58078297328974	1.31326893605352	77	18	0.659658179047811	0.940671143128876
HROV-vOTU71281	Sex	M	-0.232379922061034	0.524307072005676	77	22	0.658958967544391	0.940671143128876
HROV-vOTU05179	Smoking_Status	Former_Smoker	-0.669543651939036	1.50058867834048	77	49	0.656819756709721	0.940671143128876
HROV-vOTU31606	Smoking_Status	Never_Smoker	0.233800682103912	0.527148564317372	77	14	0.658738633949842	0.940671143128876
HROV-vOTU02249	Sex	M	0.372558391325851	0.840054576557316	77	20	0.658757668531603	0.940671143128876
HROV-vOTU00724	diagnosis	RA	0.251167977205498	0.563381744339424	77	46	0.657082389278334	0.940671143128876
HROV-vOTU34588	Smoking_Status	Former_Smoker	0.668231182607236	1.51246940237014	77	56	0.659966090131211	0.940671143128876
HROV-vOTU72962	Smoking_Status	Never_Smoker	-0.358655588252613	0.802947051669933	77	11	0.656469939654725	0.940671143128876
HROV-vOTU15370	Age	Age	0.0957328032329964	0.214985583213991	77	23	0.65745865840038	0.940671143128876
HROV-vOTU34659	Age	Age	0.155268595391945	0.348607895527743	77	34	0.657388628653418	0.940671143128876
HROV-vOTU31355	Age	Age	0.179484102880188	0.404899992129247	77	27	0.658910971052366	0.940671143128876
HROV-vOTU69341	diagnosis	RA	0.184946199333743	0.415109695186293	77	25	0.657288223689986	0.940671143128876
HROV-vOTU05286	diagnosis	RA	0.1682068991708	0.380840196413304	77	19	0.660068010893873	0.940671143128876
HROV-vOTU11401	diagnosis	RA	-0.0895114505003032	0.201532815959853	77	8	0.658282622490419	0.940671143128876
HROV-vOTU21304	Sex	M	-0.390284905455695	0.874122468898941	77	50	0.656603871845885	0.940671143128876
HROV-vOTU08997	diagnosis	RA	-0.2539825439922	0.574641374684879	77	26	0.659843826052531	0.940671143128876
HROV-vOTU52664	Age	Age	-0.0756560089622888	0.171114619876357	77	12	0.659734356295541	0.940671143128876
HROV-vOTU50244	Age	Age	0.100366519441804	0.227114856007404	77	23	0.659890480093117	0.940671143128876
HROV-vOTU24790	Age	Age	-0.124012233712786	0.280606937639607	77	42	0.659873766497435	0.940671143128876
HROV-vOTU65171	diagnosis	RA	0.307798760476866	0.695697538356836	77	54	0.659521619171357	0.940671143128876
HROV-vOTU49736	Age	Age	-0.15622612702559	0.350119284567769	77	53	0.65680468849703	0.940671143128876
HROV-vOTU18479	Sex	M	-0.320037597452525	0.719186839815286	77	26	0.65767403145363	0.940671143128876
HROV-vOTU36175	Smoking_Status	Former_Smoker	0.357081924743355	0.807547606184483	77	14	0.659702519765311	0.940671143128876
HROV-vOTU19927	Smoking_Status	Never_Smoker	0.445773709445654	1.0076540672154	77	23	0.659553461707929	0.940671143128876
HROV-vOTU13689	Sex	M	0.250315794052609	0.564406631276272	77	42	0.658750835037997	0.940671143128876
HROV-vOTU60965	Sex	M	-0.279056749505462	0.628131465555855	77	29	0.658202290752241	0.940671143128876
HROV-vOTU42350	Smoking_Status	Former_Smoker	-0.643369182464649	1.44306294440906	77	40	0.657072439181799	0.940671143128876
HROV-vOTU33152	Smoking_Status	Never_Smoker	-0.180139143321024	0.406657665974753	77	8	0.659130644812967	0.940671143128876
HROV-vOTU31916	Smoking_Status	Never_Smoker	0.310172067387425	0.698853936171599	77	13	0.658515484227478	0.940671143128876
HROV-vOTU64100	Smoking_Status	Former_Smoker	0.332960830975057	0.750838502483259	77	9	0.65878723888244	0.940671143128876
HROV-vOTU31384	Sex	M	-0.15341864370636	0.347220073114784	77	10	0.659941781555274	0.940671143128876
HROV-vOTU41466	Smoking_Status	Former_Smoker	0.362175475507818	0.813757862675896	77	13	0.657626442413647	0.940671143128876
HROV-vOTU08022	Smoking_Status	Former_Smoker	0.309326779002174	0.698738930107993	77	9	0.659333655492578	0.940671143128876
HROV-vOTU66557	Age	Age	-0.111757891952953	0.251721627177043	77	20	0.658411483385533	0.940671143128876
HROV-vOTU62711	diagnosis	RA	-0.176197301468312	0.398678831887381	77	23	0.659866474330256	0.940671143128876
HROV-vOTU01809	Smoking_Status	Former_Smoker	-0.526138703404335	1.18275457611946	77	10	0.657787253244259	0.940671143128876
HROV-vOTU40261	Smoking_Status	Former_Smoker	0.38634650560298	0.874831828844171	77	13	0.66010361893642	0.940671143128876
HROV-vOTU07267	Sex	M	-0.468741847982986	1.0497508861331	77	33	0.6565757868285	0.940671143128876
HROV-vOTU16683	diagnosis	RA	-0.0817264572725581	0.184946136973027	77	8	0.659909469512538	0.940671143128876
HROV-vOTU12146	diagnosis	RA	0.18216493145641	0.408043070629686	77	19	0.65664133617794	0.940671143128876
HROV-vOTU27244	Smoking_Status	Former_Smoker	-0.541136612159982	1.22215504499909	77	9	0.65927638212056	0.940671143128876
HROV-vOTU25644	Sex	M	0.185336522052797	0.419067169862368	77	18	0.659645591297561	0.940671143128876
HROV-vOTU06225	Sex	M	0.423515894294285	0.951833042597025	77	38	0.657711122878364	0.940671143128876
HROV-vOTU07332	Smoking_Status	Former_Smoker	0.399050183928842	0.901168490223712	77	10	0.65924635761189	0.940671143128876
HROV-vOTU60167	diagnosis	RA	-0.192978563757543	0.435448266773751	77	8	0.65898863082929	0.940671143128876
HROV-vOTU61239	Age	Age	0.0679155439801506	0.153282086929706	77	10	0.659058202945926	0.940671143128876
HROV-vOTU69471	Smoking_Status	Never_Smoker	0.405381704058541	0.911862061389922	77	19	0.657986578882614	0.940671143128876
HROV-vOTU51823	Smoking_Status	Former_Smoker	-0.241714996054802	0.544784330663057	77	9	0.658616429052055	0.940671143128876
HROV-vOTU11859	diagnosis	RA	0.183416090093267	0.410842800826689	77	13	0.656639132615083	0.940671143128876
HROV-vOTU11788	Age	Age	-0.0832188269884393	0.187981412736587	77	9	0.65933064504052	0.940671143128876
HROV-vOTU05119	Age	Age	0.0810434049191961	0.183207701501158	77	11	0.659574758955021	0.940671143128876
HROV-vOTU40521	Age	Age	-0.0553244946385085	0.124911311156202	77	10	0.659177224737353	0.940671143128876
HROV-vOTU36848	Sex	M	0.241333886167245	0.546710514424038	77	72	0.660243886656829	0.94081281460876
HROV-vOTU24693	diagnosis	RA	-0.159607798803954	0.361660073306983	77	12	0.660322472906827	0.940866581144851
HROV-vOTU28343	diagnosis	RA	-0.312528465242914	0.708801074323402	77	52	0.660606654513888	0.941163187829632
HROV-vOTU07922	Smoking_Status	Former_Smoker	-0.263547038934586	0.597724069989994	77	11	0.660612372178289	0.941163187829632
HROV-vOTU20840	diagnosis	RA	0.164977424475588	0.374482301357324	77	9	0.660878686844308	0.941281258150644
HROV-vOTU43272	Age	Age	0.144724216997915	0.328573488770394	77	51	0.660940478747462	0.941281258150644
HROV-vOTU07654	Sex	M	-0.303962055864374	0.689719983151557	77	36	0.660766572101514	0.941281258150644
HROV-vOTU41896	Age	Age	-0.0670368286598263	0.152164762461375	77	9	0.660874193827154	0.941281258150644
HROV-vOTU43933	Smoking_Status	Never_Smoker	-0.321905859679165	0.730761373172118	77	13	0.660907871206794	0.941281258150644
HROV-vOTU25356	Smoking_Status	Former_Smoker	0.646266828647432	1.46698777295457	77	26	0.66088442636531	0.941281258150644
HROV-vOTU34622	Sex	M	0.309174669483882	0.702258629465245	77	72	0.661088001957545	0.941411102567044
HROV-vOTU10034	diagnosis	RA	-0.252847518621477	0.574370524856031	77	31	0.661117423910531	0.941411102567044
HROV-vOTU30008	Smoking_Status	Never_Smoker	0.18599928243928	0.422566605724011	77	8	0.661154284538401	0.941411102567044
HROV-vOTU07899	diagnosis	RA	0.310329448009559	0.705660900181668	77	49	0.661438475321892	0.94141802840708
HROV-vOTU37579	Smoking_Status	Never_Smoker	-0.274140799024261	0.623282411696276	77	36	0.661393309047348	0.94141802840708
HROV-vOTU21746	Age	Age	-0.124442847200739	0.283013061150461	77	61	0.661484808993596	0.94141802840708
HROV-vOTU01674	Smoking_Status	Never_Smoker	0.438243929503009	0.995911311829778	77	63	0.66124256044365	0.94141802840708
HROV-vOTU41251	Smoking_Status	Never_Smoker	-0.341801978774295	0.777343514365897	77	12	0.661486171762196	0.94141802840708
HROV-vOTU49719	Smoking_Status	Former_Smoker	-0.377533865072029	0.858005299277161	77	12	0.661263959333312	0.94141802840708
HROV-vOTU28132	diagnosis	RA	0.20118363872771	0.457432079280132	77	18	0.661409926670889	0.94141802840708
HROV-vOTU46144	Age	Age	-0.0882356525079227	0.200564626829952	77	12	0.661319593184492	0.94141802840708
HROV-vOTU55005	Sex	M	0.133442445900573	0.303597138391324	77	77	0.661606788451072	0.941422433761661
HROV-vOTU43151	Sex	M	0.462083172016333	1.05119237104568	77	37	0.661576408448335	0.941422433761661
HROV-vOTU04131	Age	Age	0.159970619407539	0.364705320247896	77	58	0.662261645161022	0.941422433761661
HROV-vOTU04146	diagnosis	RA	0.256946951861838	0.58652165853082	77	34	0.662653887650684	0.941422433761661
HROV-vOTU56503	Smoking_Status	Former_Smoker	-0.507096177475665	1.15569217796496	77	71	0.662152332812288	0.941422433761661
HROV-vOTU16799	Smoking_Status	Former_Smoker	-0.753320869323402	1.71737056683777	77	43	0.662248637426329	0.941422433761661
HROV-vOTU59373	diagnosis	RA	0.30779460828371	0.700659535964599	77	47	0.66178358849422	0.941422433761661
HROV-vOTU62395	Smoking_Status	Never_Smoker	-0.242678361667963	0.553855101928823	77	72	0.662598955084944	0.941422433761661
HROV-vOTU03133	Age	Age	-0.125761621148843	0.286758329937097	77	26	0.662309752953778	0.941422433761661
HROV-vOTU59733	diagnosis	RA	-0.234596826534373	0.534073719942327	77	38	0.661807690312369	0.941422433761661
HROV-vOTU42430	diagnosis	RA	-0.242305527469704	0.551329063681259	77	23	0.661638810159886	0.941422433761661
HROV-vOTU57910	Smoking_Status	Former_Smoker	0.693870700107478	1.58279323000348	77	32	0.662439180265219	0.941422433761661
HROV-vOTU21438	diagnosis	RA	-0.161317353677997	0.367389999605356	77	12	0.661929588756351	0.941422433761661
HROV-vOTU20868	diagnosis	RA	-0.211285546195285	0.481979360803746	77	46	0.662448659123916	0.941422433761661
HROV-vOTU60746	diagnosis	RA	-0.190578511215598	0.43486295436862	77	39	0.662535900549435	0.941422433761661
HROV-vOTU27399	diagnosis	RA	-0.333486229298886	0.760825186328887	77	38	0.662483842856139	0.941422433761661
HROV-vOTU07116	Age	Age	-0.111123494027223	0.252879432575267	77	27	0.661682625068189	0.941422433761661
HROV-vOTU72658	Smoking_Status	Never_Smoker	0.194404571831151	0.443579073434996	77	10	0.662525776771976	0.941422433761661
HROV-vOTU08794	Age	Age	-0.10094258061168	0.230241896254522	77	27	0.662413195565593	0.941422433761661
HROV-vOTU62662	Age	Age	-0.107007218703659	0.244208941992622	77	35	0.662586857753663	0.941422433761661
HROV-vOTU29269	Sex	M	-0.265863984177806	0.606227258012149	77	16	0.662315606049973	0.941422433761661
HROV-vOTU29348	Smoking_Status	Former_Smoker	0.267690625444214	0.611016582779425	77	10	0.662638787071207	0.941422433761661
HROV-vOTU19458	Age	Age	-0.0611654765051014	0.139252092416894	77	12	0.661819571414295	0.941422433761661
HROV-vOTU23466	Age	Age	0.0578927623868879	0.132017439610949	77	8	0.662338244685811	0.941422433761661
HROV-vOTU24834	Sex	M	-0.129335480097842	0.294712372414458	77	9	0.66210048528385	0.941422433761661
HROV-vOTU28569	Sex	M	0.161037611451045	0.36702166524454	77	11	0.66216147321441	0.941422433761661
HROV-vOTU23225	diagnosis	RA	-0.282560593457385	0.645031346815232	77	29	0.662674731815471	0.941422433761661
HROV-vOTU37315	Age	Age	-0.0913289300015617	0.207987179015135	77	18	0.661916430919578	0.941422433761661
HROV-vOTU03509	diagnosis	RA	-0.115201570162104	0.262507535205974	77	8	0.662102443382966	0.941422433761661
HROV-vOTU22487	Smoking_Status	Never_Smoker	-0.190355948570451	0.434619218015927	77	8	0.662728030352228	0.941440077659254
HROV-vOTU35661	diagnosis	RA	0.312931191678658	0.714640844120756	77	55	0.662798243511616	0.941481746010764
HROV-vOTU47892	Age	Age	0.128924522162604	0.295612881923051	77	36	0.664068430271948	0.941570320433554
HROV-vOTU03800	diagnosis	RA	-0.336501027268172	0.771482156764369	77	63	0.664033381154078	0.941570320433554
HROV-vOTU11598	Smoking_Status	Never_Smoker	-0.489157165308124	1.12131415437834	77	67	0.663989427457443	0.941570320433554
HROV-vOTU55832	Sex	M	0.283732323434786	0.649638766529759	77	61	0.663615179619791	0.941570320433554
HROV-vOTU71614	Smoking_Status	Never_Smoker	-0.38326414194334	0.87914369041039	77	13	0.664194472037427	0.941570320433554
HROV-vOTU02808	Smoking_Status	Former_Smoker	-0.642690667720013	1.47109276476735	77	75	0.663524385277071	0.941570320433554
HROV-vOTU06769	Age	Age	0.108996042630882	0.249781853121065	77	49	0.663896051470513	0.941570320433554
HROV-vOTU62981	Sex	M	0.223813032309574	0.51189649295385	77	60	0.66327649025645	0.941570320433554
HROV-vOTU70250	Sex	M	0.299433498597735	0.684390103032507	77	53	0.663063215747251	0.941570320433554
HROV-vOTU16928	diagnosis	RA	-0.123287929527986	0.28247591470362	77	10	0.663831272349138	0.941570320433554
HROV-vOTU20596	Sex	M	0.281728683272485	0.644783096994414	77	27	0.663484092040571	0.941570320433554
HROV-vOTU43272	Sex	M	-0.369781787135085	0.847620348029391	77	51	0.663972725708938	0.941570320433554
HROV-vOTU01273	diagnosis	RA	0.291408640823606	0.667888119496455	77	37	0.66393314859037	0.941570320433554
HROV-vOTU62491	Smoking_Status	Former_Smoker	-0.646440744187251	1.4774829077958	77	69	0.663056242398947	0.941570320433554
HROV-vOTU59249	Age	Age	0.0801212382626288	0.183245563870725	77	15	0.663268522518038	0.941570320433554
HROV-vOTU59666	Smoking_Status	Former_Smoker	-0.526908424184932	1.20449569568959	77	25	0.663111756926251	0.941570320433554
HROV-vOTU04018	Sex	M	0.310989856005922	0.713116486673014	77	25	0.664087593937467	0.941570320433554
HROV-vOTU34201	diagnosis	RA	-0.178840204679649	0.409807087416326	77	67	0.663870046153025	0.941570320433554
HROV-vOTU04541	Smoking_Status	Never_Smoker	0.270963874518933	0.620944492367814	77	12	0.663889691099146	0.941570320433554
HROV-vOTU58173	Smoking_Status	Never_Smoker	0.184123634146893	0.422136228237642	77	10	0.664035988668634	0.941570320433554
HROV-vOTU47236	diagnosis	RA	0.160044522506502	0.366671546296196	77	14	0.663813517809969	0.941570320433554
HROV-vOTU10296	Sex	M	0.449442783644868	1.03057994516052	77	27	0.664082533837101	0.941570320433554
HROV-vOTU65507	diagnosis	RA	-0.21596680816505	0.493488164681617	77	40	0.662980618044824	0.941570320433554
HROV-vOTU71761	Smoking_Status	Never_Smoker	0.140131267544718	0.320525699271626	77	8	0.663299030712814	0.941570320433554
HROV-vOTU69936	diagnosis	RA	0.174483969386192	0.399608813735854	77	25	0.663699677833471	0.941570320433554
HROV-vOTU73961	Smoking_Status	Former_Smoker	-0.613980975449548	1.40843795152376	77	18	0.664209788352736	0.941570320433554
HROV-vOTU56248	Age	Age	0.0928672859285177	0.212262949304183	77	8	0.663069107940417	0.941570320433554
HROV-vOTU24645	Age	Age	-0.0487363682038337	0.111782810658233	77	8	0.664165611580227	0.941570320433554
HROV-vOTU25356	diagnosis	RA	-0.266020883422126	0.608374496818194	77	26	0.663246325171474	0.941570320433554
HROV-vOTU07520	Age	Age	0.0989231301496424	0.226570342101454	77	16	0.663718319433929	0.941570320433554
HROV-vOTU21294	Smoking_Status	Never_Smoker	-0.343508795523837	0.786603623336674	77	10	0.663655078193007	0.941570320433554
HROV-vOTU69097	Smoking_Status	Former_Smoker	0.217579914727715	0.497919244668691	77	9	0.66345324992835	0.941570320433554
HROV-vOTU05652	Smoking_Status	Never_Smoker	0.187434338133084	0.428536772727664	77	9	0.663161784282514	0.941570320433554
HROV-vOTU08375	Age	Age	0.0997484959390984	0.228867136225929	77	12	0.664278118349584	0.941609224200832
HROV-vOTU48561	Sex	M	0.368392910982749	0.845397104041661	77	58	0.664330593901847	0.941625651006865
HROV-vOTU51823	Age	Age	-0.0503562710455794	0.115589559442527	77	9	0.664414319603698	0.941686367190176
HROV-vOTU52792	Sex	M	-0.24696946137825	0.567331826818813	77	76	0.664652489096941	0.941748174299864
HROV-vOTU39116	Age	Age	-0.0947116784957453	0.217608054459137	77	70	0.664708626361278	0.941748174299864
HROV-vOTU35881	Smoking_Status	Former_Smoker	-0.815640851753488	1.87385743453554	77	63	0.664684116101184	0.941748174299864
HROV-vOTU15473	diagnosis	RA	0.286981148192629	0.659609500778446	77	56	0.664825958218289	0.941748174299864
HROV-vOTU20596	diagnosis	RA	-0.212685714100113	0.488534562522156	77	27	0.664625757838389	0.941748174299864
HROV-vOTU15979	Age	Age	0.15564316162424	0.357703300099764	77	52	0.664796552080001	0.941748174299864
HROV-vOTU42860	Smoking_Status	Never_Smoker	0.388281649604881	0.892106954723369	77	33	0.664707631837063	0.941748174299864
HROV-vOTU52059	diagnosis	RA	0.118976251944772	0.273424455373788	77	8	0.664785094403287	0.941748174299864
HROV-vOTU21114	diagnosis	RA	0.152392073375453	0.350176988803387	77	15	0.664747566871209	0.941748174299864
HROV-vOTU29735	diagnosis	RA	-0.299558372465514	0.688612118645239	77	65	0.664869136401293	0.941751412222263
HROV-vOTU16409	Sex	M	-0.390777699999268	0.898570659108686	77	21	0.664962663122975	0.941825961360523
HROV-vOTU27780	Smoking_Status	Never_Smoker	0.530174965347376	1.22082664891818	77	61	0.665405399750022	0.941930417683392
HROV-vOTU32153	Age	Age	0.1736101261801	0.399983263826878	77	25	0.665573001897123	0.941930417683392
HROV-vOTU07138	Smoking_Status	Never_Smoker	-0.314927853638336	0.725045502569683	77	8	0.665347155288528	0.941930417683392
HROV-vOTU49630	Smoking_Status	Never_Smoker	0.357533743666087	0.824023553168665	77	36	0.665685538753889	0.941930417683392
HROV-vOTU42657	diagnosis	RA	-0.374274082441574	0.86142452739553	77	50	0.665255565513561	0.941930417683392
HROV-vOTU58235	Smoking_Status	Never_Smoker	-0.25325883461255	0.582993236994023	77	17	0.665307202284882	0.941930417683392
HROV-vOTU71476	diagnosis	RA	-0.296782815943997	0.683993408517807	77	61	0.665678733759111	0.941930417683392
HROV-vOTU08851	diagnosis	RA	-0.405457866644605	0.932837565306685	77	49	0.665134688131477	0.941930417683392
HROV-vOTU22902	Smoking_Status	Former_Smoker	-0.888231805943179	2.04696765542269	77	39	0.665658148812169	0.941930417683392
HROV-vOTU12978	diagnosis	RA	-0.328013985977293	0.755676357171111	77	44	0.665556175681597	0.941930417683392
HROV-vOTU03709	Smoking_Status	Former_Smoker	0.459420417461898	1.0570466758433	77	21	0.665151737057222	0.941930417683392
HROV-vOTU15709	Age	Age	-0.149699654464045	0.345025103021809	77	65	0.665690815380586	0.941930417683392
HROV-vOTU16406	Smoking_Status	Former_Smoker	0.45090223447139	1.03832542975942	77	19	0.665417192159223	0.941930417683392
HROV-vOTU30867	Smoking_Status	Never_Smoker	-0.35157007020578	0.80968789445496	77	22	0.665456678988693	0.941930417683392
HROV-vOTU56492	Age	Age	0.134628146042954	0.309817402849908	77	21	0.665213970482695	0.941930417683392
HROV-vOTU37315	Smoking_Status	Former_Smoker	-0.425697797001071	0.980262894440712	77	18	0.665410007925059	0.941930417683392
HROV-vOTU63482	diagnosis	RA	0.17591283036789	0.40556417503452	77	47	0.665786245453737	0.942007570977427
HROV-vOTU09408	Sex	M	0.251255269905971	0.579410259834845	77	73	0.665864878382082	0.942060950309581
HROV-vOTU55676	Smoking_Status	Never_Smoker	-0.357280231696413	0.82402923993778	77	14	0.66591008310453	0.942067031998116
HROV-vOTU03613	Smoking_Status	Former_Smoker	-0.418796512435149	0.966105506163459	77	15	0.665973489853211	0.942098861874659
HROV-vOTU09462	Smoking_Status	Never_Smoker	0.273204834527554	0.630387086026567	77	8	0.666043783873301	0.942140430108846
HROV-vOTU68950	Smoking_Status	Former_Smoker	-0.595766572410033	1.37702848008235	77	52	0.666582947366407	0.94235169464214
HROV-vOTU30124	diagnosis	RA	0.243909240811391	0.564156385653733	77	56	0.666802231247961	0.94235169464214
HROV-vOTU43358	Smoking_Status	Never_Smoker	0.444539151727873	1.02651367468075	77	65	0.666285964736133	0.94235169464214
HROV-vOTU00515	diagnosis	RA	-0.276820308734779	0.639954855607168	77	70	0.666643890920453	0.94235169464214
HROV-vOTU31714	Age	Age	-0.0882641410600055	0.203982541208422	77	58	0.666541093580075	0.94235169464214
HROV-vOTU12828	Sex	M	0.505795434575759	1.16991721128999	77	52	0.66680869079618	0.94235169464214
HROV-vOTU74263	Age	Age	0.082464811952722	0.190415632152484	77	15	0.666270970123911	0.94235169464214
HROV-vOTU13262	diagnosis	RA	0.22177034483458	0.51259786095719	77	32	0.66658764975411	0.94235169464214
HROV-vOTU18057	Sex	M	0.265924400988375	0.614860298121369	77	14	0.666692057112512	0.94235169464214
HROV-vOTU74870	Age	Age	-0.108538485374711	0.25103010321721	77	22	0.666781201581177	0.94235169464214
HROV-vOTU17856	Smoking_Status	Former_Smoker	-0.599140467100706	1.38485420113028	77	26	0.666589149231238	0.94235169464214
HROV-vOTU47918	Smoking_Status	Former_Smoker	0.298349175877391	0.689190577456646	77	18	0.666401137190999	0.94235169464214
HROV-vOTU72241	Age	Age	-0.108507495001749	0.251011909178768	77	9	0.666847831853363	0.94235169464214
HROV-vOTU65644	Sex	M	0.302745605892662	0.699388244650574	77	22	0.66641987063324	0.94235169464214
HROV-vOTU17126	Smoking_Status	Former_Smoker	-0.366274167493691	0.846894824290737	77	12	0.666695605782825	0.94235169464214
HROV-vOTU65659	Sex	M	0.462620240062385	1.0698118784193	77	36	0.666738526839444	0.94235169464214
HROV-vOTU60831	diagnosis	RA	-0.18448147681014	0.426902872979911	77	57	0.666949849527573	0.942361142072797
HROV-vOTU71058	Sex	M	-0.244783468491037	0.566495545273793	77	23	0.666977273807494	0.942361142072797
HROV-vOTU48539	Smoking_Status	Former_Smoker	0.324997305226163	0.752125658777036	77	15	0.66697456063433	0.942361142072797
HROV-vOTU11248	diagnosis	RA	0.209366266351449	0.484667311709291	77	15	0.66706550370055	0.942427982959552
HROV-vOTU34920	Sex	M	-0.274016380902359	0.634884560210939	77	73	0.667339705645868	0.942468474950901
HROV-vOTU05602	Age	Age	0.140067357814192	0.32442483223817	77	47	0.667238247460922	0.942468474950901
HROV-vOTU25911	Sex	M	-0.308421896647354	0.714182724513227	77	23	0.667156957010766	0.942468474950901
HROV-vOTU41142	diagnosis	RA	-0.183425952265755	0.42490262930111	77	18	0.667275273377618	0.942468474950901
HROV-vOTU27793	Age	Age	0.0872742474007322	0.20220018029807	77	9	0.667323301922866	0.942468474950901
HROV-vOTU64574	Age	Age	0.163382278562008	0.378436419077331	77	50	0.667246031727872	0.942468474950901
HROV-vOTU60404	Smoking_Status	Former_Smoker	0.285680539993929	0.663925297068703	77	76	0.668287873778968	0.942473352177011
HROV-vOTU02539	diagnosis	RA	0.225133946116611	0.527588995319936	77	68	0.670872813091798	0.942473352177011
HROV-vOTU17965	Sex	M	0.430774393043137	1.01406218027952	77	60	0.672266526320089	0.942473352177011
HROV-vOTU23301	Smoking_Status	Former_Smoker	0.538390452164625	1.24938996956282	77	73	0.667830072380524	0.942473352177011
HROV-vOTU12284	Smoking_Status	Never_Smoker	0.387714364765485	0.90730369344507	77	35	0.670435175771256	0.942473352177011
HROV-vOTU02138	Sex	M	0.406544442460135	0.947669582499589	77	41	0.669226572420379	0.942473352177011
HROV-vOTU74699	Smoking_Status	Never_Smoker	-0.418919204061196	0.98495603984168	77	18	0.671891483738073	0.942473352177011
HROV-vOTU45083	Age	Age	0.048095581931912	0.112638754285535	77	77	0.670678926170109	0.942473352177011
HROV-vOTU51929	Age	Age	-0.150866815573791	0.350050276880006	77	54	0.667784137043765	0.942473352177011
HROV-vOTU65832	Sex	M	-0.223073992417857	0.524151716089417	77	20	0.671693556834819	0.942473352177011
HROV-vOTU50804	Smoking_Status	Never_Smoker	0.355320781539663	0.82708385256499	77	74	0.66878272482768	0.942473352177011
HROV-vOTU70497	diagnosis	RA	-0.21654890660568	0.504422010060253	77	73	0.669004076019794	0.942473352177011
HROV-vOTU05936	Sex	M	-0.152361089360161	0.35697080725179	77	77	0.670804336194055	0.942473352177011
HROV-vOTU58042	Sex	M	-0.277607429311847	0.653275359716988	77	73	0.672160389442472	0.942473352177011
HROV-vOTU38220	Sex	M	-0.312774960032527	0.734700420077605	77	65	0.671601303607111	0.942473352177011
HROV-vOTU33206	Age	Age	0.116399570472153	0.272284118179247	77	23	0.670314012304987	0.942473352177011
HROV-vOTU74408	Sex	M	0.392677540022383	0.914502185981238	77	69	0.668940106494877	0.942473352177011
HROV-vOTU50707	Age	Age	0.114805397117352	0.269688275579937	77	52	0.671616555183157	0.942473352177011
HROV-vOTU32491	diagnosis	RA	0.317447286711588	0.7378766733703	77	54	0.668340662003669	0.942473352177011
HROV-vOTU35718	Age	Age	0.125545283977659	0.295255630229224	77	29	0.671970486377836	0.942473352177011
HROV-vOTU36535	Sex	M	0.298507553309564	0.697137119958641	77	65	0.669808517168804	0.942473352177011
HROV-vOTU38801	Smoking_Status	Former_Smoker	-0.682005875193344	1.59552238410668	77	69	0.670345297822909	0.942473352177011
HROV-vOTU13191	Smoking_Status	Never_Smoker	0.458495655330756	1.06699556950112	77	56	0.668709981104565	0.942473352177011
HROV-vOTU04691	Age	Age	-0.164542653997018	0.383305974581715	77	33	0.669024877940079	0.942473352177011
HROV-vOTU08970	diagnosis	RA	-0.26959278732892	0.629912493881013	77	38	0.669957847807494	0.942473352177011
HROV-vOTU69434	diagnosis	RA	-0.111847993547232	0.260625634326408	77	20	0.66911209023953	0.942473352177011
HROV-vOTU27248	Age	Age	-0.120688592879272	0.282010360430946	77	63	0.669977047406969	0.942473352177011
HROV-vOTU67265	Sex	M	0.27934122625745	0.653927404868515	77	60	0.670544793950418	0.942473352177011
HROV-vOTU05407	diagnosis	RA	0.160386404433689	0.375706284075524	77	33	0.670748951025897	0.942473352177011
HROV-vOTU36525	Smoking_Status	Former_Smoker	-0.28175295538654	0.654394479404661	77	75	0.668096024888087	0.942473352177011
HROV-vOTU32187	Age	Age	-0.11324210898152	0.265713780049065	77	54	0.671265417266798	0.942473352177011
HROV-vOTU67116	Smoking_Status	Former_Smoker	-0.459198509159386	1.06464879625576	77	12	0.667546482932554	0.942473352177011
HROV-vOTU73429	Smoking_Status	Former_Smoker	-0.572509897542586	1.33839391969911	77	28	0.670121347914329	0.942473352177011
HROV-vOTU15791	diagnosis	RA	0.254188409029101	0.597740544550012	77	21	0.671941494530226	0.942473352177011
HROV-vOTU72545	diagnosis	RA	0.151889002358857	0.357201660926361	77	8	0.67196292509821	0.942473352177011
HROV-vOTU11934	Sex	M	-0.429157539734035	0.998390579197735	77	67	0.668607037903617	0.942473352177011
HROV-vOTU41168	Age	Age	-0.151720641403465	0.355446643278366	77	64	0.670783754176322	0.942473352177011
HROV-vOTU33018	Sex	M	-0.394506448861248	0.922931484746856	77	52	0.6703457039827	0.942473352177011
HROV-vOTU41963	Smoking_Status	Never_Smoker	0.386384733006721	0.904876850198017	77	49	0.670669563594129	0.942473352177011
HROV-vOTU24337	Smoking_Status	Never_Smoker	0.297296428674855	0.690985600060168	77	72	0.668317097857836	0.942473352177011
HROV-vOTU14671	Sex	M	0.241318251080971	0.562256157242985	77	66	0.669079967451518	0.942473352177011
HROV-vOTU17583	Smoking_Status	Never_Smoker	0.323023973275821	0.755357667098282	77	48	0.670204805831765	0.942473352177011
HROV-vOTU17332	Sex	M	0.438046534567768	1.02904991947991	77	64	0.671628238860744	0.942473352177011
HROV-vOTU47619	Sex	M	0.435786985687834	1.02016440603123	77	34	0.670545797491656	0.942473352177011
HROV-vOTU74136	Smoking_Status	Never_Smoker	-0.443281805814747	1.03745212318276	77	35	0.670468960084676	0.942473352177011
HROV-vOTU22862	diagnosis	RA	0.307406169808521	0.719218662727845	77	39	0.67036925490824	0.942473352177011
HROV-vOTU28517	Age	Age	-0.131891693108351	0.309423531387533	77	31	0.671215430997702	0.942473352177011
HROV-vOTU64693	Sex	M	-0.206576946929319	0.482859445179161	77	11	0.67007703226584	0.942473352177011
HROV-vOTU40810	diagnosis	RA	-0.25168502880922	0.584973355567321	77	54	0.668316665908534	0.942473352177011
HROV-vOTU37732	Smoking_Status	Never_Smoker	0.205214249066332	0.48191830815678	77	10	0.671521376341114	0.942473352177011
HROV-vOTU31297	Smoking_Status	Former_Smoker	-0.408239271569148	0.961048307065184	77	21	0.672277691672275	0.942473352177011
HROV-vOTU18898	Smoking_Status	Former_Smoker	0.318127883071742	0.747109308235751	77	9	0.671533109976899	0.942473352177011
HROV-vOTU42326	diagnosis	RA	-0.205568925875119	0.482062659726746	77	44	0.671080265943852	0.942473352177011
HROV-vOTU19646	diagnosis	RA	0.133281790918284	0.309563824833489	77	12	0.668101936147577	0.942473352177011
HROV-vOTU06552	Sex	M	0.232462127155616	0.544057170592446	77	20	0.670471936540077	0.942473352177011
HROV-vOTU21557	diagnosis	RA	-0.218859098159858	0.510432899948162	77	39	0.669387624933211	0.942473352177011
HROV-vOTU35661	Smoking_Status	Former_Smoker	-0.733215011811584	1.72323032254321	77	55	0.671767413596093	0.942473352177011
HROV-vOTU30687	Smoking_Status	Never_Smoker	-0.394084147208517	0.920347191070685	77	22	0.669808405134723	0.942473352177011
HROV-vOTU31729	diagnosis	RA	-0.192438035631653	0.450601538112261	77	64	0.670621258826959	0.942473352177011
HROV-vOTU61537	Smoking_Status	Former_Smoker	-0.426460880544712	0.994037048081507	77	61	0.669208297633592	0.942473352177011
HROV-vOTU72289	diagnosis	RA	0.357499392728165	0.828873063560248	77	24	0.667551383926937	0.942473352177011
HROV-vOTU37715	Age	Age	0.117343379095427	0.275292767803115	77	21	0.671215656615598	0.942473352177011
HROV-vOTU71805	Smoking_Status	Former_Smoker	0.744231834455353	1.74810517833201	77	30	0.671587797581993	0.942473352177011
HROV-vOTU69870	Age	Age	0.0874276059877387	0.203746404466642	77	27	0.669149616724019	0.942473352177011
HROV-vOTU18567	Smoking_Status	Former_Smoker	0.753845074960332	1.77240818637415	77	49	0.67188797922693	0.942473352177011
HROV-vOTU15979	Sex	M	0.395265531816227	0.922766461945739	77	52	0.669694177493113	0.942473352177011
HROV-vOTU15979	Smoking_Status	Former_Smoker	0.718641120637627	1.68588888010868	77	52	0.671201898271156	0.942473352177011
HROV-vOTU00780	Smoking_Status	Former_Smoker	0.529228368367727	1.24299787199721	77	32	0.671565009651396	0.942473352177011
HROV-vOTU15154	diagnosis	RA	0.140206933501698	0.329991948005471	77	11	0.672209132828136	0.942473352177011
HROV-vOTU13136	Smoking_Status	Never_Smoker	-0.383141443238361	0.894090559811414	77	38	0.669565182946164	0.942473352177011
HROV-vOTU46469	Smoking_Status	Former_Smoker	0.530154831920355	1.22868640321097	77	17	0.667426042509142	0.942473352177011
HROV-vOTU71552	Smoking_Status	Former_Smoker	-0.31470583325761	0.731095420631981	77	12	0.668166433028497	0.942473352177011
HROV-vOTU73863	Smoking_Status	Former_Smoker	0.36626539025422	0.861363299495153	77	16	0.671965298415801	0.942473352177011
HROV-vOTU52059	Sex	M	-0.154384428902762	0.360874092960264	77	8	0.670086550702355	0.942473352177011
HROV-vOTU10264	Age	Age	-0.113732225514482	0.267366799468069	77	32	0.671846977488449	0.942473352177011
HROV-vOTU36710	Smoking_Status	Never_Smoker	0.318081738186016	0.741147557119655	77	13	0.669095638549142	0.942473352177011
HROV-vOTU49836	Sex	M	0.242045922576441	0.561131165517007	77	63	0.667518254784797	0.942473352177011
HROV-vOTU41183	Age	Age	0.176795798534242	0.413984279251296	77	30	0.67062849774876	0.942473352177011
HROV-vOTU67522	Smoking_Status	Former_Smoker	0.703025373729761	1.63014377258897	77	30	0.667581702605573	0.942473352177011
HROV-vOTU53048	Smoking_Status	Former_Smoker	-0.474033115336506	1.11093548680081	77	22	0.67089091705949	0.942473352177011
HROV-vOTU32579	Smoking_Status	Former_Smoker	-0.319330518919741	0.743831248961529	77	8	0.669001183431852	0.942473352177011
HROV-vOTU05157	diagnosis	RA	-0.332326600640866	0.780000108865193	77	47	0.6713532473871	0.942473352177011
HROV-vOTU38300	Smoking_Status	Never_Smoker	0.361782021013347	0.85095765788897	77	34	0.672015367086872	0.942473352177011
HROV-vOTU54353	Smoking_Status	Former_Smoker	0.39484157392386	0.92897336709725	77	17	0.672100175082525	0.942473352177011
HROV-vOTU04811	Age	Age	0.0722496140944425	0.16975687087246	77	13	0.671682010548624	0.942473352177011
HROV-vOTU17653	diagnosis	RA	-0.180967448911236	0.42523224588587	77	11	0.671706106139293	0.942473352177011
HROV-vOTU27295	Age	Age	-0.0741718900751489	0.172043456095348	77	17	0.667685093082883	0.942473352177011
HROV-vOTU48052	Age	Age	0.144418749969746	0.335617713004113	77	33	0.668275489252378	0.942473352177011
HROV-vOTU01013	diagnosis	RA	0.109438269520278	0.256696682822781	77	9	0.671155029425407	0.942473352177011
HROV-vOTU42025	diagnosis	RA	0.287709140415035	0.669521962473425	77	51	0.668698357763926	0.942473352177011
HROV-vOTU35112	Smoking_Status	Never_Smoker	-0.385056008612117	0.905615562408734	77	11	0.67198624683507	0.942473352177011
HROV-vOTU74481	Sex	M	0.19955987483258	0.469273582123403	77	18	0.671938589931995	0.942473352177011
HROV-vOTU33217	diagnosis	RA	0.167331748457681	0.389154328255203	77	21	0.668506541980968	0.942473352177011
HROV-vOTU70688	Smoking_Status	Never_Smoker	0.262365662444111	0.612111210639907	77	9	0.669494376648587	0.942473352177011
HROV-vOTU07118	Sex	M	-0.397657629726862	0.925624627466911	77	23	0.668780323843906	0.942473352177011
HROV-vOTU30080	Age	Age	-0.124061932334924	0.28829062296735	77	14	0.668254460607193	0.942473352177011
HROV-vOTU08341	Age	Age	-0.10549842355815	0.245924806712569	77	18	0.66923190704311	0.942473352177011
HROV-vOTU01645	diagnosis	RA	-0.25653873378669	0.597530459923101	77	22	0.668981931565114	0.942473352177011
HROV-vOTU11782	diagnosis	RA	-0.149388579478141	0.347790871548166	77	14	0.668834187687734	0.942473352177011
HROV-vOTU74076	Sex	M	-0.272355084975151	0.640675334451711	77	30	0.672044873997826	0.942473352177011
HROV-vOTU40962	Age	Age	-0.208901446941333	0.486944751149079	77	32	0.669218936685183	0.942473352177011
HROV-vOTU61017	Age	Age	-0.0831866190919797	0.19525430632211	77	14	0.671365761764273	0.942473352177011
HROV-vOTU30954	diagnosis	RA	0.23472477853619	0.549278325741416	77	22	0.670429995864088	0.942473352177011
HROV-vOTU23466	diagnosis	RA	0.109722025976533	0.258036897091002	77	8	0.671963530815548	0.942473352177011
HROV-vOTU26544	Age	Age	-0.0460937115421853	0.107980390499288	77	9	0.670764846980092	0.942473352177011
HROV-vOTU02117	Smoking_Status	Former_Smoker	-0.277221109050707	0.651040363836643	77	10	0.671532545892094	0.942473352177011
HROV-vOTU65351	Age	Age	-0.0903948029065209	0.212806166595377	77	15	0.67228500837725	0.942473352177011
HROV-vOTU58622	Smoking_Status	Former_Smoker	-0.407465118189092	0.958655858056053	77	31	0.672094427175146	0.942473352177011
HROV-vOTU30978	Sex	M	-0.35555692868267	0.836964754389412	77	20	0.672254684783375	0.942473352177011
HROV-vOTU47842	diagnosis	RA	0.118856259150778	0.27828077520017	77	11	0.67059230960704	0.942473352177011
HROV-vOTU58363	Sex	M	0.299605787332729	0.705350410331814	77	21	0.67229492963803394	0.942473352177011
HROV-vOTU68414	diagnosis	RA	0.178204232127657	0.415251014103647	77	15	0.669114778620815	0.942473352177011
HROV-vOTU71968	Age	Age	0.0852206247818133	0.200307158164275	77	13	0.671795681999384	0.942473352177011
HROV-vOTU36400	diagnosis	RA	-0.126014852001602	0.29581782622291	77	8	0.671405218576962	0.942473352177011
HROV-vOTU18348	Smoking_Status	Never_Smoker	0.161803550952533	0.376837650359507	77	10	0.668952674376812	0.942473352177011
HROV-vOTU12517	Age	Age	-0.062016165462641	0.144845559660727	77	9	0.669835230007443	0.942473352177011
HROV-vOTU61745	diagnosis	RA	0.176741846614211	0.415734485680496	77	15	0.672026512686628	0.942473352177011
HROV-vOTU46029	Smoking_Status	Former_Smoker	-0.383281642899473	0.902082774341674	77	11	0.672205241425964	0.942473352177011
HROV-vOTU05049	diagnosis	RA	-0.1116049523768	0.261688071097117	77	11	0.671047820671614	0.942473352177011
HROV-vOTU11477	Age	Age	-0.086014270485172	0.202273512376755	77	8	0.671949687779826	0.942473352177011
HROV-vOTU14606	Smoking_Status	Former_Smoker	0.360976506824649	0.849378272576208	77	9	0.672129870479614	0.942473352177011
HROV-vOTU02469	Sex	M	0.333365138836677	0.78531771482325	77	69	0.672486852973656	0.942512915286228
HROV-vOTU23010	Smoking_Status	Former_Smoker	0.482281817077112	1.13587692613337	77	31	0.67241958263471	0.942512915286228
HROV-vOTU12458	Sex	M	0.126413470394414	0.297742846377866	77	12	0.672432064410612	0.942512915286228
HROV-vOTU74773	Smoking_Status	Former_Smoker	0.348935299291557	0.82197600346138	77	10	0.672479064686243	0.942512915286228
HROV-vOTU67701	Sex	M	-0.318702495544129	0.750992269521647	77	22	0.672575364768714	0.942579605100924
HROV-vOTU43676	Smoking_Status	Never_Smoker	-0.523015287763907	1.2336381368588	77	63	0.672875521173343	0.942661699261223
HROV-vOTU01582	Smoking_Status	Former_Smoker	0.860999187707982	2.02988033550786	77	61	0.672729720570697	0.942661699261223
HROV-vOTU53890	Smoking_Status	Never_Smoker	-0.336194380667052	0.79346192497485	77	73	0.673061306452309	0.942661699261223
HROV-vOTU43151	Smoking_Status	Never_Smoker	0.576461188441327	1.3604697573687	77	37	0.673049391403999	0.942661699261223
HROV-vOTU32166	Smoking_Status	Former_Smoker	-0.706609452801672	1.66825716605404	77	65	0.673166057579248	0.942661699261223
HROV-vOTU04021	Sex	M	0.242503929270402	0.571679065387022	77	72	0.672705485277197	0.942661699261223
HROV-vOTU50435	Age	Age	0.115949980751867	0.273666011023189	77	39	0.673071604509834	0.942661699261223
HROV-vOTU72414	Age	Age	0.15640621440486	0.36924759138667	77	59	0.673151973706781	0.942661699261223
HROV-vOTU31698	Smoking_Status	Never_Smoker	0.320302928900858	0.75578940124313	77	21	0.672993479179313	0.942661699261223
HROV-vOTU22511	diagnosis	RA	-0.303844413716023	0.717239560880181	77	51	0.673116080139699	0.942661699261223
HROV-vOTU03930	diagnosis	RA	-0.13463807669603	0.317513959138591	77	13	0.67281990404339	0.942661699261223
HROV-vOTU07731	diagnosis	RA	-0.16381580652123	0.386629018925865	77	17	0.673063432479609	0.942661699261223
HROV-vOTU62933	Smoking_Status	Never_Smoker	0.260356519414636	0.614349311525384	77	8	0.672998460351663	0.942661699261223
HROV-vOTU64702	Sex	M	0.329522753610393	0.778092272753411	77	26	0.673210054301085	0.942665990791876
HROV-vOTU44129	Age	Age	-0.198365729631252	0.468776034647734	77	32	0.673459941216414	0.942786605447329
HROV-vOTU07654	Age	Age	-0.113138522855231	0.267364630480657	77	36	0.673456186240954	0.942786605447329
HROV-vOTU08022	diagnosis	RA	-0.122648682128471	0.289774020512507	77	9	0.673387626776569	0.942786605447329
HROV-vOTU24645	Smoking_Status	Never_Smoker	-0.157937759536299	0.37320767957703	77	8	0.673435772371387	0.942786605447329
HROV-vOTU17790	Age	Age	-0.136397935331759	0.322565597865092	77	59	0.673680268926719	0.942818185737021
HROV-vOTU04583	Smoking_Status	Never_Smoker	-0.25946856083823	0.613426945175184	77	9	0.673586815036404	0.942818185737021
HROV-vOTU08997	Sex	M	0.320643192762666	0.758429543485248	77	26	0.673738931621405	0.942818185737021
HROV-vOTU02645	Age	Age	0.0856652271206763	0.20260886350362	77	18	0.673711111377252	0.942818185737021
HROV-vOTU65470	Age	Age	-0.0511900871269068	0.121093746880216	77	9	0.673769070814585	0.942818185737021
HROV-vOTU62511	Age	Age	0.0550216987765095	0.130156926007062	77	10	0.673767260664385	0.942818185737021
HROV-vOTU65659	Smoking_Status	Former_Smoker	0.826886436782246	1.95453998819186	77	36	0.673530641782704	0.942818185737021
HROV-vOTU63559	Smoking_Status	Former_Smoker	-0.456843042477971	1.08145485808441	77	28	0.673985004705415	0.942894580230627
HROV-vOTU40575	Age	Age	0.161561226767682	0.382642896455851	77	57	0.674136974197469	0.942894580230627
HROV-vOTU21069	Age	Age	0.104439730639593	0.247367363607001	77	15	0.674151200958641	0.942894580230627
HROV-vOTU47859	Smoking_Status	Never_Smoker	-0.353372078913121	0.836814184878824	77	16	0.674094800344792	0.942894580230627
HROV-vOTU29703	Smoking_Status	Never_Smoker	-0.224465745330965	0.531609036767944	77	16	0.67412692191525	0.942894580230627
HROV-vOTU08785	Age	Age	-0.0988898756783046	0.234055999633839	77	20	0.673933117087722	0.942894580230627
HROV-vOTU01630	diagnosis	RA	-0.0949802499578207	0.224842558614537	77	9	0.673987710646662	0.942894580230627
HROV-vOTU72562	Smoking_Status	Never_Smoker	0.158292443243053	0.374665103217274	77	8	0.673943797568673	0.942894580230627
HROV-vOTU28970	Age	Age	0.139729483084009	0.331052687556622	77	24	0.67424469979567	0.942907537674038
HROV-vOTU35660	Smoking_Status	Never_Smoker	0.470409134388897	1.11493891403071	77	46	0.674362071090565	0.942907537674038
HROV-vOTU27487	Smoking_Status	Never_Smoker	-0.374418242467068	0.887344348784415	77	68	0.674333737968053	0.942907537674038
HROV-vOTU52475	Smoking_Status	Former_Smoker	0.735401030488171	1.74273666664626	77	49	0.674314217765454	0.942907537674038
HROV-vOTU71281	Smoking_Status	Former_Smoker	0.404096529775299	0.957905926265326	77	22	0.674406120736724	0.942907537674038
HROV-vOTU30008	Age	Age	-0.0533963656860896	0.126566749461516	77	8	0.674385080824441	0.942907537674038
HROV-vOTU02505	Sex	M	-0.282225635954256	0.671292596027769	77	73	0.675447521128841	0.94299856719384
HROV-vOTU41415	Sex	M	0.532977649892355	1.26539440496843	77	29	0.674885138816866	0.94299856719384
HROV-vOTU69810	Sex	M	-0.403000297873216	0.95821567731264	77	68	0.675336664826952	0.94299856719384
HROV-vOTU11952	diagnosis	RA	-0.226276538100418	0.537934005417021	77	64	0.675288486558411	0.94299856719384
HROV-vOTU35300	Smoking_Status	Never_Smoker	0.384019476974643	0.912782606676548	77	68	0.675235416700678	0.94299856719384
HROV-vOTU62590	Smoking_Status	Former_Smoker	-0.567066549853372	1.34518804941784	77	22	0.674625707225658	0.94299856719384
HROV-vOTU11617	diagnosis	RA	0.247678013662703	0.588880229840782	77	67	0.675323720530508	0.94299856719384
HROV-vOTU72225	Age	Age	0.0706731400133608	0.168104334918216	77	10	0.675453945481094	0.94299856719384
HROV-vOTU28752	Smoking_Status	Former_Smoker	0.491104116832879	1.1676920462278	77	32	0.675334441864996	0.94299856719384
HROV-vOTU28292	Sex	M	0.321316072468155	0.763053654710982	77	36	0.674959643651086	0.94299856719384
HROV-vOTU15781	Age	Age	0.107481263204514	0.255053651351486	77	19	0.674731360273079	0.94299856719384
HROV-vOTU46619	Sex	M	0.220232317978059	0.523174096201439	77	27	0.675060089703072	0.94299856719384
HROV-vOTU65171	Age	Age	0.149654580433205	0.355934398502391	77	54	0.675422571909098	0.94299856719384
HROV-vOTU48553	Smoking_Status	Former_Smoker	-0.375667925648664	0.89111614627642	77	29	0.674612464669966	0.94299856719384
HROV-vOTU01448	Sex	M	-0.355507426620482	0.844275658035306	77	63	0.674968778855904	0.94299856719384
HROV-vOTU15581	Smoking_Status	Former_Smoker	0.217775358465137	0.517786313811943	77	8	0.675325347836151	0.94299856719384
HROV-vOTU73450	diagnosis	RA	0.275139335625398	0.652958157655385	77	26	0.674755252611698	0.94299856719384
HROV-vOTU61773	Age	Age	0.0450488973164248	0.107012195502632	77	12	0.675048765464875	0.94299856719384
HROV-vOTU69601	Sex	M	-0.143910864905296	0.342191066063155	77	15	0.675348758175508	0.94299856719384
HROV-vOTU29574	Smoking_Status	Never_Smoker	-0.292910464072029	0.694802475489892	77	8	0.674609836640816	0.94299856719384
HROV-vOTU03737	Smoking_Status	Former_Smoker	0.443179348051286	1.05386976853231	77	23	0.67537152991602	0.94299856719384
HROV-vOTU11697	diagnosis	RA	-0.133758323830711	0.318144841332929	77	10	0.675439547849685	0.94299856719384
HROV-vOTU24290	diagnosis	RA	0.217168920119342	0.515435075059037	77	14	0.674786013749773	0.94299856719384
HROV-vOTU08478	diagnosis	RA	0.216349271970513	0.513915425140913	77	17	0.675039680950631	0.94299856719384
HROV-vOTU55030	Sex	M	-0.277792270722949	0.66094924993739	77	73	0.675540802201475	0.943005496102555
HROV-vOTU04018	Smoking_Status	Never_Smoker	0.387929479561779	0.922926612028744	77	25	0.675517180547242	0.943005496102555
HROV-vOTU46022	Smoking_Status	Former_Smoker	0.730337584695123	1.73826249779086	77	42	0.675641933935005	0.943089504728963
HROV-vOTU08559	diagnosis	RA	0.116111479531529	0.276419471073291	77	76	0.675713508426691	0.943132248428285
HROV-vOTU52361	Age	Age	-0.120291523065049	0.286612812824337	77	49	0.675971595538569	0.943180384633139
HROV-vOTU26021	Sex	M	-0.339993946564956	0.810928305791384	77	63	0.676288205964451	0.943180384633139
HROV-vOTU51259	Age	Age	0.139076091519784	0.331726719448806	77	30	0.676299933418295	0.943180384633139
HROV-vOTU06176	Smoking_Status	Never_Smoker	0.641141077062017	1.52752531856056	77	53	0.675953489346186	0.943180384633139
HROV-vOTU56560	Sex	M	-0.249407570651024	0.594521241504471	77	18	0.676110136048814	0.943180384633139
HROV-vOTU26676	diagnosis	RA	-0.328733101636837	0.783713019247502	77	32	0.676149391317839	0.943180384633139
HROV-vOTU47628	Smoking_Status	Former_Smoker	0.53483185769502	1.27518200992929	77	51	0.67617839067457	0.943180384633139
HROV-vOTU47628	Smoking_Status	Never_Smoker	0.378736065353013	0.903320204869613	77	51	0.676283842609738	0.943180384633139
HROV-vOTU37178	diagnosis	RA	0.235922671240238	0.561808779728021	77	26	0.675801669594311	0.943180384633139
HROV-vOTU35627	Age	Age	0.155174918362474	0.370151927348794	77	61	0.676321357873715	0.943180384633139
HROV-vOTU49385	diagnosis	RA	0.300040278694749	0.714688768857409	77	38	0.675885015532034	0.943180384633139
HROV-vOTU71707	diagnosis	RA	-0.2858889715791	0.681643630876042	77	48	0.676181951856989	0.943180384633139
HROV-vOTU21643	Smoking_Status	Never_Smoker	0.221074017222883	0.52724987310902	77	18	0.67626538803595	0.943180384633139
HROV-vOTU03324	Smoking_Status	Former_Smoker	0.216864402580952	0.516960085256603	77	11	0.676117862531255	0.943180384633139
HROV-vOTU22859	diagnosis	RA	0.137981913344885	0.329229847978269	77	11	0.676404585113722	0.943239333646323
HROV-vOTU43434	Smoking_Status	Never_Smoker	0.270984949385852	0.646896875349793	77	75	0.676553965163873	0.943344474176905
HROV-vOTU02746	Smoking_Status	Never_Smoker	-0.367657428231399	0.878050923423909	77	66	0.676684789987081	0.943344474176905
HROV-vOTU47269	Smoking_Status	Former_Smoker	0.606813600379278	1.44885477810731	77	24	0.676609863382875	0.943344474176905
HROV-vOTU73093	diagnosis	RA	0.160500559085241	0.383291411145494	77	30	0.676668080680327	0.943344474176905
HROV-vOTU33554	Smoking_Status	Former_Smoker	-0.328603224271193	0.784738085375241	77	10	0.676668341665269	0.943344474176905
HROV-vOTU01832	Smoking_Status	Never_Smoker	-0.255948478370884	0.611626721613701	77	9	0.676865394723369	0.943385919537034
HROV-vOTU04156	Sex	M	0.451514760877274	1.07900725305796	77	37	0.676878373184105	0.943385919537034
HROV-vOTU55024	diagnosis	RA	-0.303647972271581	0.72561295076463	77	59	0.676865914157175	0.943385919537034
HROV-vOTU51131	Sex	M	0.327397258511205	0.78215631624774	77	27	0.676784492641701	0.943385919537034
HROV-vOTU67636	Smoking_Status	Never_Smoker	-0.497026352140005	1.18799757991721	77	22	0.676937068798627	0.943410632038268
HROV-vOTU57796	Smoking_Status	Former_Smoker	-0.495825021885222	1.18535558149172	77	25	0.676995993074751	0.943435660202803
HROV-vOTU69332	Age	Age	-0.106077949498313	0.253714853540905	77	69	0.677136534303999	0.943574416713324
HROV-vOTU18137	Age	Age	0.127165716158499	0.304244382515701	77	35	0.677228824344622	0.943588833241978
HROV-vOTU49629	Smoking_Status	Former_Smoker	-0.576765235519759	1.37988939374633	77	36	0.677223693289413	0.943588833241978
HROV-vOTU08541	Smoking_Status	Former_Smoker	-0.60849291511007	1.45618552025816	77	32	0.677304919683236	0.943637767713547
HROV-vOTU01625	Sex	M	-0.376277484757237	0.900725758862806	77	66	0.67739115986268	0.94364176259947
HROV-vOTU67877	Smoking_Status	Never_Smoker	0.297649421719245	0.712600117099566	77	12	0.677430710423667	0.94364176259947
HROV-vOTU37751	Smoking_Status	Never_Smoker	0.419518191388342	1.00426829733679	77	11	0.677401384623017	0.94364176259947
HROV-vOTU00482	Sex	M	-0.27807713804149	0.666164599945937	77	73	0.677623460534569	0.943755110092526
HROV-vOTU38248	Sex	M	0.276219934781598	0.661674495560387	77	57	0.677604646971999	0.943755110092526
HROV-vOTU44418	Smoking_Status	Former_Smoker	0.461657219804987	1.10599310241953	77	46	0.677635019561008	0.943755110092526
HROV-vOTU34262	Age	Age	-0.191015150049114	0.457700584012365	77	27	0.677691592123862	0.943772648288413
HROV-vOTU03210	Smoking_Status	Former_Smoker	0.390058300146048	0.934754303903372	77	72	0.677729572618054	0.943772648288413
HROV-vOTU41365	Smoking_Status	Former_Smoker	-0.471853136055565	1.13196106845817	77	70	0.678048873459433	0.943780690964146
HROV-vOTU07890	Smoking_Status	Former_Smoker	-0.264265479655764	0.634521876290208	77	12	0.678315402659556	0.943780690964146
HROV-vOTU24222	Smoking_Status	Never_Smoker	0.354918241687307	0.850835754785039	77	37	0.677834099626223	0.943780690964146
HROV-vOTU39417	Sex	M	0.250548037657382	0.601537719923937	77	40	0.678291445765588	0.943780690964146
HROV-vOTU16351	diagnosis	RA	0.202553623257663	0.486196862671428	77	47	0.678221792825815	0.943780690964146
HROV-vOTU00029	diagnosis	RA	0.155567857743828	0.373466628746739	77	14	0.678263558143424	0.943780690964146
HROV-vOTU50270	Age	Age	0.123842232391657	0.296974243716772	77	43	0.677926811448999	0.943780690964146
HROV-vOTU65612	Sex	M	-0.33121202934435	0.793883371016421	77	20	0.677787381042296	0.943780690964146
HROV-vOTU67786	Age	Age	-0.19339456782845801	0.464069034651097	77	57	0.678128306945753	0.943780690964146
HROV-vOTU49542	Smoking_Status	Former_Smoker	0.507145084789387	1.21662824149473	77	49	0.678049592020433	0.943780690964146
HROV-vOTU41084	diagnosis	RA	-0.181711985198721	0.43630593701876	77	11	0.678316370468179	0.943780690964146
HROV-vOTU57629	Smoking_Status	Never_Smoker	-0.219002335423297	0.525972725672291	77	9	0.678391035962678	0.943780690964146
HROV-vOTU44791	diagnosis	RA	0.0831117571847591	0.199560435099704	77	10	0.678319462794332	0.943780690964146
HROV-vOTU05358	Smoking_Status	Never_Smoker	-0.175119450203716	0.419890176457331	77	8	0.67789277577088	0.943780690964146
HROV-vOTU31635	Age	Age	-0.0682229876698119	0.163770991207107	77	10	0.6782456167943	0.943780690964146
HROV-vOTU43612	Smoking_Status	Former_Smoker	-0.383923016491908	0.922024658557091	77	10	0.67837980065861	0.943780690964146
HROV-vOTU42180	Sex	M	0.279943580311062	0.672953114079037	77	48	0.678670083010381	0.943808146056416
HROV-vOTU42956	Age	Age	0.163974402976611	0.39478191033833	77	44	0.679135060712904	0.943808146056416
HROV-vOTU30980	Smoking_Status	Former_Smoker	0.551477107899515	1.32657357232458	77	39	0.678872043845049	0.943808146056416
HROV-vOTU13389	Smoking_Status	Never_Smoker	-0.383244717251754	0.921452659472059	77	20	0.678727675751181	0.943808146056416
HROV-vOTU28315	Smoking_Status	Never_Smoker	0.151877037110608	0.365248759927787	77	76	0.678797274379652	0.943808146056416
HROV-vOTU04569	Smoking_Status	Former_Smoker	0.545009668823901	1.31001424859743	77	67	0.678640443162324	0.943808146056416
HROV-vOTU32676	Smoking_Status	Never_Smoker	-0.265262987489706	0.638333153716587	77	73	0.678988398219903	0.943808146056416
HROV-vOTU45964	diagnosis	RA	-0.181006898213995	0.435779048476665	77	27	0.679128116508844	0.943808146056416
HROV-vOTU66093	Smoking_Status	Never_Smoker	0.525971830771884	1.26442960033797	77	42	0.678682553134324	0.943808146056416
HROV-vOTU46852	Smoking_Status	Former_Smoker	0.445281727141679	1.07208964214676	77	28	0.679145540779864	0.943808146056416
HROV-vOTU52589	Age	Age	-0.0785364460824853	0.188991655906353	77	9	0.678988844759575	0.943808146056416
HROV-vOTU70688	diagnosis	RA	-0.148867964863472	0.358348253593266	77	9	0.679081302981675	0.943808146056416
HROV-vOTU73846	Smoking_Status	Never_Smoker	0.252488797942219	0.607088798682362	77	20	0.678736921433795	0.943808146056416
HROV-vOTU63834	diagnosis	RA	0.120399578550181	0.289397991869557	77	16	0.678639559952649	0.943808146056416
HROV-vOTU71269	Sex	M	-0.279795513701026	0.673003883654788	77	18	0.678853196989958	0.943808146056416
HROV-vOTU10461	Smoking_Status	Never_Smoker	0.315645264098136	0.759096337299274	77	9	0.678797960877411	0.943808146056416
HROV-vOTU69730	Smoking_Status	Former_Smoker	0.308847494875072	0.743608716841106	77	10	0.679148441009419	0.943808146056416
HROV-vOTU19674	Smoking_Status	Former_Smoker	-0.365613988157956	0.87911462639266	77	10	0.678745708625111	0.943808146056416
HROV-vOTU16167	diagnosis	RA	-0.132188950854391	0.318394795328726	77	14	0.679267160954687	0.943916171893226
HROV-vOTU34131	Smoking_Status	Former_Smoker	-0.36214938004002	0.873923792074423	77	74	0.679834409132839	0.944020846105692
HROV-vOTU29848	Smoking_Status	Never_Smoker	-0.460027446465152	1.10962693812025	77	44	0.679700460567482	0.944020846105692
HROV-vOTU68597	diagnosis	RA	-0.286008024620718	0.689914451252401	77	63	0.679717001296971	0.944020846105692
HROV-vOTU29421	Smoking_Status	Never_Smoker	0.389335730659837	0.939522538244343	77	56	0.67983240883995	0.944020846105692
HROV-vOTU14287	Sex	M	0.331867985938469	0.800359587931227	77	45	0.679649352899903	0.944020846105692
HROV-vOTU27032	diagnosis	RA	-0.324336995816816	0.782848669175085	77	56	0.679900827194682	0.944020846105692
HROV-vOTU68953	Age	Age	-0.0758691516375997	0.182993210928384	77	20	0.679684112283019	0.944020846105692
HROV-vOTU24358	Sex	M	0.309778828425539	0.747074364293102	77	13	0.679644001168207	0.944020846105692
HROV-vOTU25762	Smoking_Status	Never_Smoker	-0.427534609128667	1.03152617056873	77	30	0.679780964095516	0.944020846105692
HROV-vOTU19163	Smoking_Status	Never_Smoker	0.153532682258202	0.369991727323157	77	9	0.679420626671773	0.944020846105692
HROV-vOTU46527	Sex	M	0.201307301451969	0.485217216482442	77	11	0.679480149882678	0.944020846105692
HROV-vOTU66829	diagnosis	RA	-0.182360000678055	0.439489988002719	77	8	0.679440277170982	0.944020846105692
HROV-vOTU31229	Smoking_Status	Never_Smoker	0.25748540640873	0.62124676481491	77	9	0.679782735499425	0.944020846105692
HROV-vOTU20449	Sex	M	0.206257411619102	0.49786687345231	77	9	0.679916360154369	0.944020846105692
HROV-vOTU13703	diagnosis	RA	-0.304553370161389	0.735455914722829	77	25	0.680048143799074	0.944027260793475
HROV-vOTU19533	Sex	M	-0.437096525077615	1.0559840716223	77	69	0.680177941527457	0.944027260793475
HROV-vOTU44878	Smoking_Status	Former_Smoker	0.427903267758897	1.03387673558959	77	73	0.680207918610809	0.944027260793475
HROV-vOTU05381	Sex	M	-0.31335603523732	0.756820146056651	77	67	0.680090807326067	0.944027260793475
HROV-vOTU52475	Sex	M	0.394812212207739	0.953881935493053	77	49	0.680194639457059	0.944027260793475
HROV-vOTU18422	Age	Age	-0.105313046830998	0.254363822606695	77	48	0.680103695233986	0.944027260793475
HROV-vOTU06488	Sex	M	-0.28767357405808	0.694777429316411	77	8	0.680084630232271	0.944027260793475
HROV-vOTU01894	Age	Age	0.0906043869425947	0.218975929425717	77	76	0.68029405202952	0.944042239247404
HROV-vOTU23237	Smoking_Status	Former_Smoker	-0.253559014336044	0.612824008010437	77	10	0.680300694856705	0.944042239247404
HROV-vOTU21784	diagnosis	RA	0.106038329429676	0.256318852926172	77	8	0.680343031984976	0.944044105959751
HROV-vOTU40992	Sex	M	0.237507906136195	0.575143018298084	77	73	0.680884408011457	0.944144974846932
HROV-vOTU34402	diagnosis	RA	-0.321512844628656	0.778518799906734	77	63	0.680865680828199	0.944144974846932
HROV-vOTU43757	Age	Age	0.104195338718637	0.252128771050171	77	20	0.680659889739532	0.944144974846932
HROV-vOTU50713	Sex	M	-0.520300262309103	1.25908732574202	77	51	0.680679103879801	0.944144974846932
HROV-vOTU24406	Age	Age	-0.0957821512494993	0.232056280132734	77	23	0.681030669655112	0.944144974846932
HROV-vOTU21008	Smoking_Status	Former_Smoker	0.451954983655374	1.09438315757678	77	25	0.680868069528247	0.944144974846932
HROV-vOTU56707	Sex	M	0.338744652928528	0.819562765296723	77	31	0.680615238325919	0.944144974846932
HROV-vOTU21547	diagnosis	RA	-0.230111631242494	0.557203054773525	77	45	0.680868552599163	0.944144974846932
HROV-vOTU42910	Smoking_Status	Never_Smoker	-0.261443338574805	0.632285115294894	77	11	0.680494194037993	0.944144974846932
HROV-vOTU37604	diagnosis	RA	-0.20785970768209	0.503565921811436	77	46	0.681014920692953	0.944144974846932
HROV-vOTU65868	Smoking_Status	Former_Smoker	-0.328496894443226	0.795759713240286	77	14	0.680990422005102	0.944144974846932
HROV-vOTU07559	diagnosis	RA	-0.34220769954505	0.828057378517263	77	39	0.680657487799622	0.944144974846932
HROV-vOTU49234	Sex	M	-0.264395650584566	0.640414307727348	77	27	0.680959944568105	0.944144974846932
HROV-vOTU61873	Smoking_Status	Former_Smoker	0.304579868768775	0.737086138060768	77	11	0.680689678818106	0.944144974846932
HROV-vOTU52850	Smoking_Status	Former_Smoker	-0.256188576286074	0.620470231143962	77	9	0.680928376532276	0.944144974846932
HROV-vOTU20653	Age	Age	-0.117712759873375	0.285280160731656	77	35	0.681127209522874	0.944221972871353
HROV-vOTU74911	diagnosis	RA	-0.231970204340976	0.562283153095243	77	30	0.681179068536225	0.944237025905217
HROV-vOTU56860	Smoking_Status	Former_Smoker	0.367550587205286	0.891210077270055	77	23	0.681276131570281	0.944314734280082
HROV-vOTU34476	Smoking_Status	Former_Smoker	-0.448444623685654	1.08800610342539	77	60	0.681455875684746	0.944507030393578
HROV-vOTU70738	Smoking_Status	Former_Smoker	0.322774498342063	0.78356400478168	77	74	0.68163083212053	0.944677020356846
HROV-vOTU27263	Smoking_Status	Never_Smoker	0.26302414391825	0.638577832869388	77	11	0.681660561193664	0.944677020356846
HROV-vOTU23782	Sex	M	0.219298002578016	0.532751279439135	77	28	0.681848456244455	0.944880555226536
HROV-vOTU30787	Smoking_Status	Never_Smoker	0.362492287313318	0.880793344269344	77	20	0.681907535562721	0.944905568231616
HROV-vOTU01728	Sex	M	0.275858006404525	0.671019943754326	77	75	0.682235564711562	0.944906769070828
HROV-vOTU32399	diagnosis	RA	0.204865167697551	0.50002699289626	77	73	0.683253522692182	0.944906769070828
HROV-vOTU40992	Smoking_Status	Never_Smoker	0.302266812610473	0.744359171649935	77	73	0.68590764712891406	0.944906769070828
HROV-vOTU64237	Sex	M	-0.25401428804435	0.624295111925346	77	73	0.685318847185307	0.944906769070828
HROV-vOTU01482	Sex	M	-0.258519281196568	0.631306101242997	77	73	0.683406242626468	0.944906769070828
HROV-vOTU01835	Smoking_Status	Never_Smoker	-0.241499264552183	0.588670243563653	77	68	0.682861265037392	0.944906769070828
HROV-vOTU30612	Smoking_Status	Former_Smoker	0.548216668820097	1.34729729635909	77	34	0.685304745322618	0.944906769070828
HROV-vOTU01290	Sex	M	0.237168010399042	0.579084663242173	77	67	0.683364167841745	0.944906769070828
HROV-vOTU04981	diagnosis	RA	0.199744680577301	0.491795234336935	77	74	0.68585089350007	0.944906769070828
HROV-vOTU64884	Sex	M	0.165871625433645	0.40770422354152003	77	73	0.685347150633341	0.944906769070828
HROV-vOTU06163	Sex	M	0.367407945866802	0.90279189132214	77	71	0.68525535473306	0.944906769070828
HROV-vOTU40972	Smoking_Status	Former_Smoker	0.555150837167627	1.35138813442574	77	33	0.68245607415323	0.944906769070828
HROV-vOTU56580	Sex	M	0.279819228243853	0.684752416561273	77	22	0.684031660248396	0.944906769070828
HROV-vOTU21564	diagnosis	RA	-0.140289950543121	0.344645554470453	77	73	0.685191643403556	0.944906769070828
HROV-vOTU03337	diagnosis	RA	-0.233515745189556	0.570177497573052	77	75	0.683369644537718	0.944906769070828
HROV-vOTU68200	Smoking_Status	Never_Smoker	-0.234343765969734	0.571374970925821	77	13	0.682938182289702	0.944906769070828
HROV-vOTU24695	diagnosis	RA	-0.14838753482306	0.36452058594309	77	72	0.685176925011459	0.944906769070828
HROV-vOTU67350	diagnosis	RA	-0.205886100445418	0.505961942098207	77	70	0.685290785170217	0.944906769070828
HROV-vOTU61919	Age	Age	0.0883133145372948	0.215640247862656	77	76	0.683376347655273	0.944906769070828
HROV-vOTU52786	Smoking_Status	Never_Smoker	-0.804212238233343	1.97550834379288	77	60	0.685165652862875	0.944906769070828
HROV-vOTU02423	Sex	M	-0.261208665437759	0.636346180285836	77	19	0.682688518970656	0.944906769070828
HROV-vOTU24821	Sex	M	0.147226909910302	0.362862060965735	77	9	0.686155314458435	0.944906769070828
HROV-vOTU42257	Smoking_Status	Former_Smoker	0.576454995141217	1.41134255608162	77	47	0.684176690714767	0.944906769070828
HROV-vOTU21634	Sex	M	-0.311022142940218	0.760401503855523	77	45	0.683753574008652	0.944906769070828
HROV-vOTU62704	Smoking_Status	Former_Smoker	0.425372036858618	1.04165133879695	77	59	0.684236064061895	0.944906769070828
HROV-vOTU46313	Age	Age	-0.13190034521018	0.323073762277875	77	68	0.684306355390213	0.944906769070828
HROV-vOTU57556	Sex	M	0.318756541195307	0.776895493927446	77	56	0.682824865510852	0.944906769070828
HROV-vOTU01819	diagnosis	RA	0.209416211442555	0.514017448529315	77	33	0.684932151638788	0.944906769070828
HROV-vOTU25189	Sex	M	-0.283592133357547	0.692936500192095	77	56	0.683579885698923	0.944906769070828
HROV-vOTU69519	Sex	M	0.357391097000847	0.88061254097497	77	37	0.686077927104506	0.944906769070828
HROV-vOTU03452	diagnosis	RA	-0.268613194473562	0.653060595086377	77	55	0.682080983083402	0.944906769070828
HROV-vOTU32413	Sex	M	-0.339130980471937	0.831151663321053	77	68	0.684482890133617	0.944906769070828
HROV-vOTU61540	diagnosis	RA	-0.318374181896454	0.779593511713433	77	63	0.684220216278971	0.944906769070828
HROV-vOTU06176	Age	Age	-0.18615964402327	0.457522936435368	77	53	0.685315793837316	0.944906769070828
HROV-vOTU03230	Sex	M	-0.284163956886785	0.697264463854711	77	17	0.684836807342328	0.944906769070828
HROV-vOTU64823	Sex	M	0.295843689088721	0.725183091940574	77	68	0.684532696864084	0.944906769070828
HROV-vOTU13816	diagnosis	RA	-0.173311355092989	0.425692992631246	77	70	0.685139126613386	0.944906769070828
HROV-vOTU56918	Age	Age	0.178661248918672	0.43848475866885	77	43	0.684902371787393	0.944906769070828
HROV-vOTU11240	Sex	M	0.460295629814823	1.13485609216111	77	52	0.686257517128904	0.944906769070828
HROV-vOTU28353	diagnosis	RA	-0.31670271930037	0.771736481853694	77	56	0.682765363211178	0.944906769070828
HROV-vOTU08578	Smoking_Status	Former_Smoker	0.876553031556522	2.13473198187585	77	45	0.682591419726832	0.944906769070828
HROV-vOTU63664	Sex	M	0.330516349169025	0.806143575805428	77	34	0.683042731455098	0.944906769070828
HROV-vOTU21814	Sex	M	0.274846097237375	0.668055616248494	77	59	0.682009720320539	0.944906769070828
HROV-vOTU26492	Smoking_Status	Former_Smoker	0.439522589540321	1.08307397806752	77	46	0.686102385906052	0.944906769070828
HROV-vOTU59505	Smoking_Status	Former_Smoker	0.446350602767235	1.09685108429152	77	23	0.68527757763188	0.944906769070828
HROV-vOTU18958	Age	Age	0.136254073506914	0.334023222802134	77	31	0.684561395647725	0.944906769070828
HROV-vOTU61322	Smoking_Status	Former_Smoker	0.450297541461606	1.10704397290548	77	15	0.685410286184015	0.944906769070828
HROV-vOTU41535	Smoking_Status	Former_Smoker	-0.370741346855753	0.913671412398445	77	14	0.686131154249825	0.944906769070828
HROV-vOTU08786	diagnosis	RA	-0.238840265376889	0.585966531223069	77	15	0.684793404202413	0.944906769070828
HROV-vOTU33539	Age	Age	0.0952483307179634	0.234430047870208	77	17	0.685746101087147	0.944906769070828
HROV-vOTU01806	Age	Age	0.0569287241492553	0.13877093770181	77	15	0.682868714453342	0.944906769070828
HROV-vOTU47480	Smoking_Status	Former_Smoker	-0.730990062345067	1.79112273522234	77	31	0.684414953318261	0.944906769070828
HROV-vOTU26256	Smoking_Status	Never_Smoker	0.290490562387815	0.707004669777043	77	66	0.68240162888919	0.944906769070828
HROV-vOTU27737	Sex	M	0.290512233965689	0.70780281861609	77	60	0.682717498941805	0.944906769070828
HROV-vOTU69853	Sex	M	-0.25010921045668	0.616441497662915	77	56	0.686160655509301	0.944906769070828
HROV-vOTU59060	diagnosis	RA	0.207728292335454	0.508213035008667	77	18	0.683958872335817	0.944906769070828
HROV-vOTU22948	Sex	M	0.21235519750299	0.522343084963256	77	30	0.685566155175469	0.944906769070828
HROV-vOTU12753	Sex	M	-0.392410629035858	0.963760108297477	77	36	0.685110821638889	0.944906769070828
HROV-vOTU46391	Sex	M	-0.283213812595909	0.692127361165451	77	30	0.683629667445387	0.944906769070828
HROV-vOTU14922	diagnosis	RA	-0.190070349517994	0.464610500630496	77	16	0.683700588472934	0.944906769070828
HROV-vOTU64638	Age	Age	0.105858631088081	0.257651695977424	77	23	0.682413007147903	0.944906769070828
HROV-vOTU01972	Sex	M	0.314602157266024	0.770600822597954	77	40	0.684314608683249	0.944906769070828
HROV-vOTU28224	Smoking_Status	Former_Smoker	0.641850732931684	1.58225148254005	77	42	0.686214834626001	0.944906769070828
HROV-vOTU75509	Sex	M	-0.344252300896762	0.840795739983529	77	62	0.683452106438428	0.944906769070828
HROV-vOTU40120	Smoking_Status	Former_Smoker	-0.742074249214589	1.81544253700104	77	18	0.683948556031892	0.944906769070828
HROV-vOTU09977	Smoking_Status	Never_Smoker	0.308575591927583	0.760743190599224	77	63	0.686238770805509	0.944906769070828
HROV-vOTU40970	Smoking_Status	Former_Smoker	-0.402216153732142	0.988515370235749	77	10	0.685313455756375	0.944906769070828
HROV-vOTU51173	Sex	M	-0.432740325304025	1.0567528951014	77	65	0.683405576171112	0.944906769070828
HROV-vOTU01504	diagnosis	RA	-0.305210358261896	0.744850479097744	77	46	0.68321528927523	0.944906769070828
HROV-vOTU35834	Smoking_Status	Former_Smoker	0.415685331338687	1.02300633575794	77	12	0.685717173969313	0.944906769070828
HROV-vOTU23789	Smoking_Status	Former_Smoker	0.529519352075777	1.29650604924961	77	27	0.684194337321869	0.944906769070828
HROV-vOTU07335	Smoking_Status	Former_Smoker	0.305695174284988	0.747924473506378	77	16	0.68397194483132	0.944906769070828
HROV-vOTU37929	Age	Age	-0.0494607819280711	0.121449617579188	77	9	0.685047068359957	0.944906769070828
HROV-vOTU40350	Sex	M	0.45803920028203	1.1246278851737	77	52	0.685027206032504	0.944906769070828
HROV-vOTU21563	Age	Age	-0.123038533784423	0.300378738337796	77	22	0.683324280704857	0.944906769070828
HROV-vOTU30549	Smoking_Status	Never_Smoker	0.388629130655749	0.956680228630044	77	23	0.685797782340402	0.944906769070828
HROV-vOTU23838	Age	Age	-0.07505955824296	0.183613257422123	77	16	0.683923034885501	0.944906769070828
HROV-vOTU12315	Age	Age	0.0974436064558397	0.238379680558714	77	11	0.683935311496188	0.944906769070828
HROV-vOTU01116	Smoking_Status	Former_Smoker	-0.521273871386861	1.28186949883623	77	26	0.6854873609914	0.944906769070828
HROV-vOTU50478	Smoking_Status	Former_Smoker	-0.227489973192093	0.559347250717433	77	11	0.685447231331703	0.944906769070828
HROV-vOTU62126	Sex	M	0.352148459017626	0.864898509590014	77	52	0.685118479149704	0.944906769070828
HROV-vOTU02851	diagnosis	RA	0.254399500749189	0.624325082330453	77	32	0.684882066319575	0.944906769070828
HROV-vOTU24040	Sex	M	0.289376754288164	0.708526452458403	77	19	0.684194142913528	0.944906769070828
HROV-vOTU44531	Smoking_Status	Former_Smoker	0.456194665636482	1.12057540410957	77	14	0.685153792205378	0.944906769070828
HROV-vOTU32409	Smoking_Status	Never_Smoker	-0.282731597890269	0.687476101330233	77	24	0.682120460901329	0.944906769070828
HROV-vOTU43627	Smoking_Status	Never_Smoker	0.136364617271262	0.335899764341922	77	9	0.685986913553109	0.944906769070828
HROV-vOTU70105	Sex	M	-0.128272261506161	0.315755657021501	77	9	0.685788848888873	0.944906769070828
HROV-vOTU26696	Age	Age	-0.0423906062311684	0.104029516516996	77	13	0.684876870605545	0.944906769070828
HROV-vOTU38660	diagnosis	RA	-0.138120237858196	0.335975464321803	77	8	0.682235848144908	0.944906769070828
HROV-vOTU29003	Smoking_Status	Former_Smoker	-0.379055348023362	0.934370936498229	77	26	0.686197904969645	0.944906769070828
HROV-vOTU34795	Smoking_Status	Former_Smoker	-0.864530199450905	2.11121232275282	77	19	0.68340947702431	0.944906769070828
HROV-vOTU00374	Smoking_Status	Former_Smoker	0.861286119740377	2.10743407750622	77	30	0.683997651070179	0.944906769070828
HROV-vOTU10675	Sex	M	0.322222250035737	0.785431683234169	77	29	0.68285893339385	0.944906769070828
HROV-vOTU66475	Smoking_Status	Former_Smoker	-0.556947534963528	1.36948513554041	77	33	0.685463519812991	0.944906769070828
HROV-vOTU56502	Smoking_Status	Never_Smoker	-0.328236889852945	0.797712335865643	77	12	0.681965386486122	0.944906769070828
HROV-vOTU65659	diagnosis	RA	-0.328987404669778	0.810567275167117	77	36	0.686056503517979	0.944906769070828
HROV-vOTU62404	diagnosis	RA	-0.138220358303699	0.338873006982355	77	12	0.684587338561196	0.944906769070828
HROV-vOTU51304	Smoking_Status	Former_Smoker	-0.472412056150771	1.15570451953401	77	10	0.683942156742007	0.944906769070828
HROV-vOTU25923	diagnosis	RA	-0.101921663744045	0.25016190393742	77	12	0.684923309876692	0.944906769070828
HROV-vOTU39302	diagnosis	RA	-0.22006409546529	0.537806086121352	77	21	0.683633063072533	0.944906769070828
HROV-vOTU28118	Smoking_Status	Former_Smoker	-0.303738130109753	0.742824875033808	77	8	0.683846760123168	0.944906769070828
HROV-vOTU40204	Sex	M	-0.333635052652481	0.814750003879991	77	13	0.683410134674241	0.944906769070828
HROV-vOTU52765	Sex	M	-0.229869401827146	0.563296109547226	77	12	0.684443596790218	0.944906769070828
HROV-vOTU53606	Smoking_Status	Former_Smoker	0.328397623585816	0.806831717759837	77	14	0.68521688504174	0.944906769070828
HROV-vOTU06818	Sex	M	0.191872278377904	0.47136454858293	77	9	0.6851906598258	0.944906769070828
HROV-vOTU72140	Smoking_Status	Never_Smoker	-0.131140223925342	0.322756659972743	77	9	0.685734735916839	0.944906769070828
HROV-vOTU39186	Smoking_Status	Never_Smoker	0.409621863339224	1.01143591500999	77	65	0.686702197891743	0.945034319619964
HROV-vOTU06975	Smoking_Status	Former_Smoker	-0.247225138084987	0.610404737969993	77	77	0.686681744914698	0.945034319619964
HROV-vOTU09844	diagnosis	RA	0.144680689642336	0.357197265256468	77	74	0.686662833983662	0.945034319619964
HROV-vOTU05159	Smoking_Status	Never_Smoker	-0.267507515868258	0.660359794521803	77	10	0.686626719363632	0.945034319619964
HROV-vOTU17241	Age	Age	-0.119921823179382	0.29581258866077	77	47	0.686404021811972	0.945034319619964
HROV-vOTU55324	Smoking_Status	Never_Smoker	0.237273860466938	0.585909377393102	77	14	0.686719467600525	0.945034319619964
HROV-vOTU13935	diagnosis	RA	-0.154558257959173	0.381479221153602	77	16	0.686581698904691	0.945034319619964
HROV-vOTU05092	Smoking_Status	Former_Smoker	0.308443160513611	0.761351130741041	77	13	0.686602980151225	0.945034319619964
HROV-vOTU21744	diagnosis	RA	-0.177293114089598	0.437407397009712	77	19	0.686455799481956	0.945034319619964
HROV-vOTU05778	Age	Age	0.0517542853419816	0.127894195206691	77	77	0.686940439595735	0.945238379163291
HROV-vOTU57885	diagnosis	RA	0.39774003116342	0.982918712681342	77	56	0.686949837258185	0.945238379163291
HROV-vOTU61960	Smoking_Status	Former_Smoker	-0.620877975940318	1.53491586181614	77	37	0.68705893088226	0.945245107923441
HROV-vOTU29848	Smoking_Status	Former_Smoker	0.632739036100306	1.56641720355198	77	44	0.687470744230763	0.945245107923441
HROV-vOTU35216	Sex	M	0.338183480966774	0.836164529829102	77	45	0.687100530165249	0.945245107923441
HROV-vOTU57502	Smoking_Status	Former_Smoker	-0.523750082862779	1.29612966275182	77	26	0.687362832388515	0.945245107923441
HROV-vOTU34493	diagnosis	RA	0.182545961466334	0.452191079352153	77	9	0.687652448754179	0.945245107923441
HROV-vOTU35490	Sex	M	0.159394651560746	0.394751844604524	77	15	0.687584842384221	0.945245107923441
HROV-vOTU72658	Smoking_Status	Former_Smoker	-0.253203875009406	0.626183330535662	77	10	0.687163094944503	0.945245107923441
HROV-vOTU16313	Smoking_Status	Former_Smoker	0.571510869915643	1.41435037652112	77	39	0.687368396850107	0.945245107923441
HROV-vOTU19642	diagnosis	RA	-0.0795451976425948	0.19670366403604	77	8	0.687140831424226	0.945245107923441
HROV-vOTU19692	Smoking_Status	Former_Smoker	0.342692221359512	0.847508604147044	77	10	0.687169033648958	0.945245107923441
HROV-vOTU03762	Smoking_Status	Never_Smoker	0.274971257195449	0.680153950793776	77	22	0.687223582700298	0.945245107923441
HROV-vOTU58184	Age	Age	-0.07319440214758	0.181312468225797	77	16	0.687652476689072	0.945245107923441
HROV-vOTU26844	Smoking_Status	Former_Smoker	-0.661288925391366	1.63788005328415	77	29	0.687612353233399	0.945245107923441
HROV-vOTU05761	Sex	M	-0.426455560810643	1.05630461651471	77	29	0.687629062320773	0.945245107923441
HROV-vOTU10315	Sex	M	0.109826034868126	0.271779210534018	77	11	0.687353694722156	0.945245107923441
HROV-vOTU07437	diagnosis	RA	0.141198338599017	0.349322368708205	77	14	0.687275962180589	0.945245107923441
HROV-vOTU52078	Age	Age	0.0791210402291189	0.195940668090083	77	9	0.687572708281135	0.945245107923441
HROV-vOTU20726	diagnosis	RA	-0.372234887860601	0.922219526941475	77	42	0.68769836449813	0.945251765705279
HROV-vOTU49771	Smoking_Status	Never_Smoker	0.370385619761502	0.918487525932548	77	59	0.687971723341169	0.945458216287572
HROV-vOTU13191	Smoking_Status	Former_Smoker	0.607415441486197	1.50623615808358	77	56	0.687963629167642	0.945458216287572
HROV-vOTU63604	Sex	M	-0.13589001083031	0.336910684270878	77	12	0.687909239090868	0.945458216287572
HROV-vOTU25935	Smoking_Status	Never_Smoker	-0.549272356907738	1.36233559768501	77	52	0.688024218103545	0.945473938953674
HROV-vOTU41116	diagnosis	RA	0.341304913189268	0.84669168606843	77	34	0.688082942559084	0.945498219996164
HROV-vOTU68950	Smoking_Status	Never_Smoker	0.392513489821607	0.975466748317959	77	52	0.688609386485252	0.945630648558201
HROV-vOTU49263	Smoking_Status	Former_Smoker	-0.254581024351415	0.632757882353243	77	77	0.688645796046349	0.945630648558201
HROV-vOTU50963	Sex	M	-0.246154442427026	0.612038931531325	77	28	0.688754243096916	0.945630648558201
HROV-vOTU49879	Smoking_Status	Former_Smoker	0.532702804683161	1.32414144309025	77	74	0.688671487150735	0.945630648558201
HROV-vOTU52417	diagnosis	RA	-0.117137778811839	0.29101235254897	77	74	0.688512023082361	0.945630648558201
HROV-vOTU07700	Smoking_Status	Former_Smoker	0.569266773134263	1.41560595521123	77	31	0.688791670993783	0.945630648558201
HROV-vOTU36611	Smoking_Status	Never_Smoker	-0.362704916586203	0.901274570097943	77	34	0.688572595601591	0.945630648558201
HROV-vOTU04280	Smoking_Status	Former_Smoker	-0.622460837029792	1.54551969426305	77	34	0.68834095984683	0.945630648558201
HROV-vOTU22511	Sex	M	0.380625261698417	0.946635060912938	77	51	0.688831303791606	0.945630648558201
HROV-vOTU11450	Age	Age	-0.0901654595287397	0.224048039408922	77	29	0.688570744457198	0.945630648558201
HROV-vOTU60079	Age	Age	-0.0991711222110965	0.246156022797352	77	35	0.688247714618653	0.945630648558201
HROV-vOTU20224	Smoking_Status	Never_Smoker	0.105242015088262	0.261525186380153	77	8	0.688586638677918	0.945630648558201
HROV-vOTU33387	diagnosis	RA	-0.139198649131021	0.345995321424072	77	21	0.688661858895562	0.945630648558201
HROV-vOTU63227	Sex	M	-0.218045274498926	0.542360746917197	77	16	0.688869685920043	0.945630648558201
HROV-vOTU28243	Age	Age	0.136638049981294	0.339879154472641	77	37	0.688877350884105	0.945630648558201
HROV-vOTU64089	Smoking_Status	Former_Smoker	0.589479031202851	1.46582980120896	77	24	0.688783965662924	0.945630648558201
HROV-vOTU44791	Sex	M	-0.105928127507575	0.263386063652978	77	10	0.68876111245216	0.945630648558201
HROV-vOTU67651	diagnosis	RA	-0.232156210124069	0.578360664042169	77	56	0.689328415692622	0.945631013808839
HROV-vOTU35796	Age	Age	-0.114079465947176	0.284232051790092	77	50	0.689360333373295	0.945631013808839
HROV-vOTU75427	Smoking_Status	Never_Smoker	0.505489770900553	1.26044969642448	77	56	0.689595638901726	0.945631013808839
HROV-vOTU15896	Smoking_Status	Former_Smoker	0.660313450121149	1.64485113201201	77	55	0.689299977053496	0.945631013808839
HROV-vOTU15791	Age	Age	0.122618851746153	0.305817412675353	77	21	0.689657772815165	0.945631013808839
HROV-vOTU00965	Age	Age	0.104759466156217	0.261124324972942	77	23	0.689487954162859	0.945631013808839
HROV-vOTU25148	Smoking_Status	Never_Smoker	0.382935219083872	0.953054760830909	77	44	0.689039845491422	0.945631013808839
HROV-vOTU26023	Smoking_Status	Never_Smoker	0.292289201522319	0.728759765946702	77	72	0.689567532071306	0.945631013808839
HROV-vOTU71516	Smoking_Status	Former_Smoker	-0.502068735670026	1.2515514062084	77	18	0.689509251446193	0.945631013808839
HROV-vOTU72850	diagnosis	RA	0.265002177643386	0.660699615591809	77	29	0.689556022286319	0.945631013808839
HROV-vOTU20868	Age	Age	0.0989755901995797	0.246591405632163	77	46	0.689349677405443	0.945631013808839
HROV-vOTU64696	diagnosis	RA	-0.168676927590519	0.420145157905889	77	12	0.689277777740502	0.945631013808839
HROV-vOTU73755	Age	Age	-0.10146089556299	0.252509502901213	77	21	0.689030688673161	0.945631013808839
HROV-vOTU73601	Smoking_Status	Former_Smoker	0.500479253544805	1.24689313894846	77	30	0.689345153352308	0.945631013808839
HROV-vOTU45592	diagnosis	RA	-0.160373171094426	0.399173924653901	77	15	0.689065536555962	0.945631013808839
HROV-vOTU69731	Smoking_Status	Never_Smoker	-0.206721195600036	0.515552835508603	77	9	0.689646409652095	0.945631013808839
HROV-vOTU21259	Smoking_Status	Former_Smoker	-0.369496302517999	0.921487067530631	77	21	0.689640303392098	0.945631013808839
HROV-vOTU02375	Sex	M	-0.0931465129277902	0.232121115827642	77	8	0.689416184329431	0.945631013808839
HROV-vOTU20798	Smoking_Status	Never_Smoker	0.233606914771962	0.581297516363747	77	9	0.68898576998602	0.945631013808839
HROV-vOTU27793	Smoking_Status	Former_Smoker	-0.382050778064017	0.952988231938069	77	9	0.689699373456869	0.945631753926992
HROV-vOTU28487	Age	Age	0.128059801581888	0.319613815865188	77	48	0.689865951556773	0.945691241925743
HROV-vOTU13935	Age	Age	-0.0782144898318574	0.195173289592442	77	16	0.689812149347308	0.945691241925743
HROV-vOTU48896	Sex	M	-0.149000001595859	0.371867543653911	77	19	0.689858703797093	0.945691241925743
HROV-vOTU00966	diagnosis	RA	-0.292967165759082	0.73134786768616	77	30	0.6899283836985	0.945720533097819
HROV-vOTU30124	Sex	M	0.297682169454262	0.744591129137341	77	56	0.69050935733894	0.945728843265881
HROV-vOTU35570	Sex	M	0.457953200031634	1.1439408592371	77	60	0.690115906385063	0.945728843265881
HROV-vOTU53328	Smoking_Status	Former_Smoker	-1.01151636003324	2.528182236244	77	24	0.690286825279004	0.945728843265881
HROV-vOTU57910	diagnosis	RA	-0.262540169890617	0.656400177713296	77	32	0.690379660294928	0.945728843265881
HROV-vOTU49194	diagnosis	RA	0.137860416473686	0.344821536921648	77	16	0.690502446149828	0.945728843265881
HROV-vOTU55149	Smoking_Status	Former_Smoker	0.466374943371428	1.16523625509061	77	25	0.690180979578016	0.945728843265881
HROV-vOTU22834	Sex	M	-0.463039509511877	1.15655010143459	77	39	0.690091529040871	0.945728843265881
HROV-vOTU51288	Sex	M	-0.269251465455497	0.672556864281652	77	51	0.690108107713526	0.945728843265881
HROV-vOTU16151	diagnosis	RA	0.119612641634691	0.299137080663269	77	11	0.690460843898204	0.945728843265881
HROV-vOTU02898	Smoking_Status	Former_Smoker	0.367558732109499	0.919275905606341	77	10	0.690478371244139	0.945728843265881
HROV-vOTU38991	Age	Age	-0.101148441138156	0.252671482639352	77	14	0.690125745630068	0.945728843265881
HROV-vOTU72964	Smoking_Status	Former_Smoker	0.21777726888735	0.544306473755508	77	8	0.690283777995637	0.945728843265881
HROV-vOTU04055	diagnosis	RA	-0.134118173531065	0.335073391259021	77	8	0.690163095915024	0.945728843265881
HROV-vOTU14061	diagnosis	RA	-0.10729360891103	0.268286801111118	77	8	0.69041512665024	0.945728843265881
HROV-vOTU41338	diagnosis	RA	0.14678753459414	0.367350725118851	77	31	0.690662339566394	0.945747179700079
HROV-vOTU62036	Sex	M	0.252625453894575	0.632274106340159	77	13	0.690687008917743	0.945747179700079
HROV-vOTU31353	diagnosis	RA	-0.173820367654777	0.434948846219471	77	23	0.690625764366146	0.945747179700079
HROV-vOTU60677	Age	Age	-0.123622752272834	0.309279388404213	77	17	0.690568437820139	0.945747179700079
HROV-vOTU02279	diagnosis	RA	0.228826881542764	0.572887939238365	77	33	0.690777635965245	0.945758810788871
HROV-vOTU04926	Sex	M	-0.102220292056664	0.25589260223613	77	11	0.690749290348163	0.945758810788871
HROV-vOTU02740	Sex	M	0.28644098094429	0.717357293607089	77	19	0.690870519331584	0.945773527920489
HROV-vOTU29751	Sex	M	-0.373325850486641	0.934863190181027	77	55	0.690843297201516	0.945773527920489
HROV-vOTU29429	Smoking_Status	Former_Smoker	-0.45946987973418	1.1513823186426	77	65	0.691047238833085	0.945790569342482
HROV-vOTU20502	Age	Age	0.197859985757962	0.495717453779944	77	56	0.690989089664201	0.945790569342482
HROV-vOTU23303	Smoking_Status	Former_Smoker	0.400310875158146	1.00276594401995	77	34	0.690939171189249	0.945790569342482
HROV-vOTU73174	Smoking_Status	Never_Smoker	0.266406115341517	0.667525232120935	77	10	0.691020944876767	0.945790569342482
HROV-vOTU46108	diagnosis	RA	0.404998807427527	1.01589799988835	77	32	0.691339516320172	0.94579490039361
HROV-vOTU02746	Smoking_Status	Former_Smoker	-0.494221081497406	1.23951034784347	77	66	0.691294078590842	0.94579490039361
HROV-vOTU39286	diagnosis	RA	-0.280018513885318	0.703777183594839	77	74	0.691912830300979	0.94579490039361
HROV-vOTU17993	Smoking_Status	Former_Smoker	-0.675508252050725	1.69563134806028	77	67	0.691544450128164	0.94579490039361
HROV-vOTU28970	Sex	M	0.339953514125002	0.854015932000213	77	24	0.691777002066979	0.94579490039361
HROV-vOTU22940	Smoking_Status	Never_Smoker	-0.456314853847863	1.14626011397856	77	36	0.691758262091939	0.94579490039361
HROV-vOTU62317	Smoking_Status	Former_Smoker	0.542161434152661	1.36215483873442	77	67	0.691811581780636	0.94579490039361
HROV-vOTU29117	Sex	M	-0.317476182617125	0.797914671183591	77	16	0.691910722190327	0.94579490039361
HROV-vOTU62884	Smoking_Status	Former_Smoker	0.322278687777656	0.809983332569225	77	8	0.691910180845095	0.94579490039361
HROV-vOTU40721	Age	Age	0.0874230187460244	0.21947624216011	77	30	0.691585459565594	0.94579490039361
HROV-vOTU34299	Age	Age	-0.105065998783829	0.263520554787767	77	23	0.691309846381864	0.94579490039361
HROV-vOTU16656	diagnosis	RA	0.0744698442583831	0.18687399654979	77	8	0.691455366780925	0.94579490039361
HROV-vOTU44189	Smoking_Status	Never_Smoker	0.405052728183771	1.01653401858374	77	55	0.69148358999917	0.94579490039361
HROV-vOTU45464	Smoking_Status	Former_Smoker	0.374146732749519	0.940179011958543	77	17	0.691859149437728	0.94579490039361
HROV-vOTU14058	Age	Age	0.0571025129894569	0.143398928832927	77	8	0.691672234974965	0.94579490039361
HROV-vOTU49935	Age	Age	-0.0902038512729476	0.226535150622924	77	11	0.691685577637683	0.94579490039361
HROV-vOTU70430	Sex	M	0.395082369668064	0.990900698780953	77	40	0.691303234302149	0.94579490039361
HROV-vOTU18134	Smoking_Status	Never_Smoker	0.248535314097104	0.62340511953976	77	17	0.691330019739206	0.94579490039361
HROV-vOTU17126	Age	Age	-0.0715094294317859	0.179689822419778	77	12	0.691853482263248	0.94579490039361
HROV-vOTU09421	Smoking_Status	Former_Smoker	0.188632349612163	0.473724965693463	77	9	0.691685294703563	0.94579490039361
HROV-vOTU25738	Sex	M	0.232032343840835	0.581932002772576	77	8	0.691290592883236	0.94579490039361
HROV-vOTU48965	Sex	M	0.423880892790928	1.06576410851723	77	52	0.692026303456937	0.945808234878534
HROV-vOTU13293	Age	Age	0.177659422510364	0.44678193813901	77	67	0.692086859495139	0.945808234878534
HROV-vOTU49506	Age	Age	0.0802084503381653	0.20169480381613	77	31	0.692064833813859	0.945808234878534
HROV-vOTU15594	diagnosis	RA	-0.1727167421381	0.434316798532803	77	21	0.692063224836168	0.945808234878534
HROV-vOTU55559	Age	Age	0.055925597759216	0.140671670447882	77	15	0.692146421867954	0.945829812333283
HROV-vOTU12004	Age	Age	0.0885101951960423	0.222672582831587	77	12	0.692198443912841	0.945829812333283
HROV-vOTU66047	Smoking_Status	Former_Smoker	0.472278315030417	1.18826215114204	77	20	0.692225857007272	0.945829812333283
HROV-vOTU30964	diagnosis	RA	-0.106582437873138	0.268489924857054	77	25	0.692580382175116	0.945834136997567
HROV-vOTU23121	Age	Age	-0.118995456927121	0.299840442417785	77	22	0.692659205727279	0.945834136997567
HROV-vOTU48856	Smoking_Status	Former_Smoker	-0.835806558158405	2.10552256054054	77	45	0.692588287150926	0.945834136997567
HROV-vOTU73506	Smoking_Status	Never_Smoker	-0.578382852672979	1.45760520102575	77	58	0.692702587495311	0.945834136997567
HROV-vOTU38618	diagnosis	RA	-0.19665043862685	0.495619231312951	77	40	0.69272185795649	0.945834136997567
HROV-vOTU19010	diagnosis	RA	0.338691106717463	0.852647954771873	77	26	0.692394880541113	0.945834136997567
HROV-vOTU25340	Age	Age	0.0779531212152086	0.196452903556169	77	9	0.692702884521374	0.945834136997567
HROV-vOTU23903	Age	Age	0.138202737953353	0.347982801295312	77	32	0.69244534377275	0.945834136997567
HROV-vOTU06759	diagnosis	RA	0.165562231357542	0.416907906168205	77	22	0.692470667618995	0.945834136997567
HROV-vOTU09635	diagnosis	RA	-0.180528503062422	0.454283308307975	77	16	0.692270682269326	0.945834136997567
HROV-vOTU30602	diagnosis	RA	0.155307851341058	0.39104773775433	77	18	0.692442144223223	0.945834136997567
HROV-vOTU11722	Sex	M	-0.312655199718391	0.787547857966541	77	9	0.692559550532887	0.945834136997567
HROV-vOTU38933	Smoking_Status	Former_Smoker	0.348200952790535	0.878439605613416	77	73	0.693009293604401	0.945876882004221
HROV-vOTU72092	Sex	M	0.278545459847108	0.702813856106972	77	38	0.693051027753213	0.945876882004221
HROV-vOTU12570	Age	Age	0.162238139031157	0.409262307968524	77	38	0.69298707001789706	0.945876882004221
HROV-vOTU09591	Sex	M	-0.231645228445903	0.584038751502459	77	26	0.692832559979757	0.945876882004221
HROV-vOTU33056	Smoking_Status	Former_Smoker	-0.377442982622101	0.951837090222328	77	33	0.692894887298418	0.945876882004221
HROV-vOTU55368	Smoking_Status	Former_Smoker	0.829857277158541	2.09315752895733	77	24	0.692953366406163	0.945876882004221
HROV-vOTU56246	Age	Age	0.08853646749474	0.223414960153535	77	19	0.693081736162451	0.945876882004221
HROV-vOTU35198	Smoking_Status	Former_Smoker	0.337457901955946	0.850971668115855	77	12	0.692884315433982	0.945876882004221
HROV-vOTU43686	Smoking_Status	Never_Smoker	-0.432932689061042	1.09313445568459	77	62	0.693258005075477	0.946061380474533
HROV-vOTU20414	Age	Age	0.114082503361555	0.288368473074723	77	75	0.693576314906926	0.946081769198483
HROV-vOTU56198	diagnosis	RA	-0.158102268636771	0.399785865387581	77	69	0.693683749660685	0.946081769198483
HROV-vOTU44591	Smoking_Status	Former_Smoker	-0.546489542380329	1.38164688630988	77	41	0.693634165598491	0.946081769198483
HROV-vOTU33511	Sex	M	0.25404699818484	0.642221029256814	77	72	0.693604226889786	0.946081769198483
HROV-vOTU60930	Sex	M	0.36134434007881	0.912798028396653	77	52	0.693392071891951	0.946081769198483
HROV-vOTU72768	Smoking_Status	Former_Smoker	0.67502713024234	1.7053309616901	77	33	0.693414839832607	0.946081769198483
HROV-vOTU60079	Sex	M	0.251219782422853	0.635008181864678	77	35	0.693574140837682	0.946081769198483
HROV-vOTU27429	diagnosis	RA	-0.171660245755421	0.433858853949687	77	23	0.693542859446098	0.946081769198483
HROV-vOTU23360	Age	Age	0.103495842175826	0.26147987429035	77	11	0.693433525533176	0.946081769198483
HROV-vOTU56294	Sex	M	-0.262837804861965	0.664546675127887	77	33	0.693649184111992	0.946081769198483
HROV-vOTU10197	Sex	M	-0.260195896264713	0.659586087149785	77	72	0.694406505684712	0.946132894202297
HROV-vOTU49658	Sex	M	-0.261443077709098	0.662626850568504	77	74	0.694353664875348	0.946132894202297
HROV-vOTU05381	diagnosis	RA	0.226482153645179	0.573421978158561	77	67	0.694052105502334	0.946132894202297
HROV-vOTU70449	diagnosis	RA	0.245444080352349	0.622246091108489	77	39	0.69443224948125	0.946132894202297
HROV-vOTU07046	Smoking_Status	Never_Smoker	-0.178721610320902	0.45305637484013	77	17	0.694409264352789	0.946132894202297
HROV-vOTU28977	Age	Age	0.114663407691671	0.290605449672801	77	45	0.694345004542382	0.946132894202297
HROV-vOTU04174	Smoking_Status	Never_Smoker	-0.261424743145443	0.662176764023087	77	9	0.694176958756004	0.946132894202297
HROV-vOTU51134	diagnosis	RA	-0.301094629040079	0.763386465855253	77	30	0.694453494193194	0.946132894202297
HROV-vOTU08997	Smoking_Status	Former_Smoker	-0.546779085032719	1.38564629994416	77	26	0.694319356977993	0.946132894202297
HROV-vOTU42183	Age	Age	0.0996839210257908	0.252491292774656	77	26	0.694172982252671	0.946132894202297
HROV-vOTU46503	Sex	M	-0.189283557498514	0.479216340158954	77	16	0.694037659765145	0.946132894202297
HROV-vOTU50809	diagnosis	RA	0.229221753296131	0.581005150709613	77	28	0.694375206237698	0.946132894202297
HROV-vOTU22871	diagnosis	RA	0.195572949728674	0.4956265283738	77	14	0.694322872262395	0.946132894202297
HROV-vOTU42914	diagnosis	RA	-0.138314366094717	0.350182583097159	77	18	0.694043354528221	0.946132894202297
HROV-vOTU70339	Smoking_Status	Former_Smoker	0.283182986709466	0.717135027681519	77	22	0.694114524376308	0.946132894202297
HROV-vOTU23458	Smoking_Status	Former_Smoker	0.31165441081994	0.790179133060782	77	9	0.694460722691951	0.946132894202297
HROV-vOTU54313	Smoking_Status	Former_Smoker	-0.212828557543906	0.53885513876019	77	12	0.694053293987132	0.946132894202297
HROV-vOTU06488	diagnosis	RA	-0.208114885400907	0.526413904247092	77	8	0.693773949901418	0.946132894202297
HROV-vOTU38933	Smoking_Status	Never_Smoker	0.245317110291001	0.622273713344101	77	73	0.69459505921434594	0.946147998681398
HROV-vOTU05574	Smoking_Status	Never_Smoker	0.216828456008413	0.549966803844858	77	10	0.694572766621463	0.946147998681398
HROV-vOTU05033	diagnosis	RA	-0.271791155902232	0.68931138331558806	77	20	0.694546034052746	0.946147998681398
HROV-vOTU04917	Smoking_Status	Never_Smoker	-0.536367960045739	1.36111042352887	77	69	0.694713059442267	0.946252765492986
HROV-vOTU40575	diagnosis	RA	0.294566864243032	0.747901080238743	77	57	0.694866228505452	0.946349452541724
HROV-vOTU50478	Age	Age	0.0467441379859895	0.118679445510346	77	11	0.69485828579609	0.946349452541724
HROV-vOTU10461	Age	Age	0.0895222817250743	0.227363815878203	77	9	0.694952829857358	0.946411428751401
HROV-vOTU12693	Age	Age	-0.15282199835181	0.388322637898369	77	53	0.695097160493995	0.946440085501756
HROV-vOTU29781	diagnosis	RA	-0.100253590930683	0.254716826199961	77	10	0.695064427535508	0.946440085501756
HROV-vOTU05001	Sex	M	-0.124980479391489	0.317520717806868	77	9	0.695045896569703	0.946440085501756
HROV-vOTU09867	Age	Age	-0.0529210031403937	0.134526612483284	77	12	0.69521258205098	0.946485325409912
HROV-vOTU72586	diagnosis	RA	0.189291189740644	0.48111934536609	77	11	0.695174144699955	0.946485325409912
HROV-vOTU53264	Sex	M	0.417768298905194	1.06235820881643	77	60	0.695316018450459	0.946543448747881
HROV-vOTU33361	Sex	M	0.302421261795449	0.769181266992126	77	43	0.695369856482519	0.946543448747881
HROV-vOTU14674	Smoking_Status	Never_Smoker	-0.251817214204426	0.640584829372267	77	13	0.695419676631096	0.946543448747881
HROV-vOTU52765	Smoking_Status	Former_Smoker	-0.404589922827722	1.02913866775318	77	12	0.695398114318768	0.946543448747881
HROV-vOTU70727	Age	Age	0.0860473753760095	0.218948943425405	77	25	0.695495528880679	0.94659074700798
HROV-vOTU18116	Smoking_Status	Never_Smoker	-0.328713368577107	0.837266338913337	77	76	0.695788846395102	0.946634606342949
HROV-vOTU13781	Smoking_Status	Former_Smoker	-0.571797757829158	1.45632434107871	77	55	0.695768500933593	0.946634606342949
HROV-vOTU48404	Smoking_Status	Former_Smoker	-0.595839531980481	1.51658584863031	77	71	0.69558364898521	0.946634606342949
HROV-vOTU08294	Age	Age	-0.181724958233905	0.462914639128794	77	65	0.695815484853385	0.946634606342949
HROV-vOTU51612	Smoking_Status	Former_Smoker	0.442868584673499	1.128115363779	77	39	0.695810367977434	0.946634606342949
HROV-vOTU43506	Smoking_Status	Never_Smoker	0.277204043311669	0.705646920675612	77	15	0.695617042219485	0.946634606342949
HROV-vOTU38896	Smoking_Status	Former_Smoker	0.244535739842346	0.622905308870935	77	12	0.695811066422177	0.946634606342949
HROV-vOTU58977	Sex	M	0.267667371415528	0.682157714333425	77	56	0.695950412807005	0.946726939360102
HROV-vOTU43584	Smoking_Status	Never_Smoker	0.557511543542565	1.42090825386109	77	30	0.695965570272103	0.946726939360102
HROV-vOTU52432	Sex	M	-0.28053280637596	0.715396019609502	77	21	0.696132096379777	0.946824744444713
HROV-vOTU54379	Age	Age	0.0668645372782562	0.170575719819471	77	21	0.696237345359379	0.946824744444713
HROV-vOTU31772	Smoking_Status	Never_Smoker	0.330229349705863	0.842452852856008	77	11	0.696243032877604	0.946824744444713
HROV-vOTU02503	Sex	M	0.208730916210691	0.532419860582332	77	9	0.696201558265489	0.946824744444713
HROV-vOTU09745	Age	Age	-0.136135237576011	0.347275453788077	77	42	0.696225504257973	0.946824744444713
HROV-vOTU08942	Smoking_Status	Former_Smoker	0.613584680490383	1.56904799212244	77	53	0.696927339720331	0.946899112880367
HROV-vOTU03487	Sex	M	0.391761175954338	0.999949137697705	77	67	0.696393424324654	0.946899112880367
HROV-vOTU52333	Smoking_Status	Former_Smoker	-0.743943831316159	1.90738075239079	77	56	0.697678866837186	0.946899112880367
HROV-vOTU65577	Smoking_Status	Never_Smoker	0.469730590717005	1.20133827848609	77	53	0.696963614172752	0.946899112880367
HROV-vOTU43123	Smoking_Status	Former_Smoker	0.517315052907815	1.326850222002	77	51	0.697790928875345	0.946899112880367
HROV-vOTU48715	Smoking_Status	Former_Smoker	-0.431248252872193	1.1061941087963	77	72	0.697815517303201	0.946899112880367
HROV-vOTU07138	diagnosis	RA	0.165878735801066	0.424463373820389	77	8	0.697117961857944	0.946899112880367
HROV-vOTU01077	Smoking_Status	Former_Smoker	-0.434012379115756	1.11102600070533	77	8	0.697232237345879	0.946899112880367
HROV-vOTU64705	Sex	M	0.361344292145309	0.925998150845984	77	26	0.697541113418558	0.946899112880367
HROV-vOTU70220	Sex	M	0.227978682730576	0.583887070256866	77	18	0.697372884754581	0.946899112880367
HROV-vOTU31714	Smoking_Status	Former_Smoker	0.375385340023465	0.961388664470459	77	58	0.697364329486025	0.946899112880367
HROV-vOTU70727	Smoking_Status	Former_Smoker	-0.402915694424942	1.03192670833477	77	25	0.697372918055958	0.946899112880367
HROV-vOTU31632	Smoking_Status	Never_Smoker	0.333672891066578	0.851660948048641	77	66	0.69638631960306	0.946899112880367
HROV-vOTU50460	Smoking_Status	Former_Smoker	-0.466544986554832	1.1963162421777	77	35	0.697715372980068	0.946899112880367
HROV-vOTU58814	Age	Age	-0.107923191455521	0.276667844096186	77	20	0.697643600373805	0.946899112880367
HROV-vOTU34025	Age	Age	-0.0783839290217717	0.20107237079383	77	17	0.697829643707378	0.946899112880367
HROV-vOTU29370	Sex	M	0.201714092374833	0.516677025551015	77	17	0.697404837804561	0.946899112880367
HROV-vOTU41376	Sex	M	0.238759249464334	0.61017846720682	77	27	0.696751684496241	0.946899112880367
HROV-vOTU08830	diagnosis	RA	0.129731804560884	0.331519472083643	77	10	0.696729085650323	0.946899112880367
HROV-vOTU60071	Smoking_Status	Former_Smoker	0.853156506121949	2.1870831326761	77	42	0.697638759198546	0.946899112880367
HROV-vOTU19658	Age	Age	-0.0886937317104794	0.227495309244597	77	15	0.697799343614746	0.946899112880367
HROV-vOTU52532	Smoking_Status	Never_Smoker	0.314392863508583	0.804224931598741	77	28	0.697022161359278	0.946899112880367
HROV-vOTU05029	Sex	M	0.356717362066502	0.911671448843633	77	26	0.696763241177761	0.946899112880367
HROV-vOTU29919	Smoking_Status	Former_Smoker	0.601687853272519	1.54039009941556	77	49	0.697256973337747	0.946899112880367
HROV-vOTU49385	Sex	M	-0.368763958360972	0.943268446334554	77	38	0.697010228876011	0.946899112880367
HROV-vOTU41596	Smoking_Status	Former_Smoker	0.45289766964811	1.16190757503002	77	17	0.697860123444137	0.946899112880367
HROV-vOTU42631	Smoking_Status	Never_Smoker	-0.347299765262142	0.888802900994172	77	37	0.697152042312842	0.946899112880367
HROV-vOTU04811	Sex	M	0.170855242515821	0.437921447977335	77	13	0.697593348322387	0.946899112880367
HROV-vOTU07429	Smoking_Status	Former_Smoker	0.209916924818118	0.536069808269254	77	13	0.696537645373406	0.946899112880367
HROV-vOTU11046	diagnosis	RA	0.0964428060753529	0.247356846221228	77	8	0.697782543104223	0.946899112880367
HROV-vOTU54723	Smoking_Status	Never_Smoker	0.207556715922057	0.53163608174453	77	10	0.6974013627586	0.946899112880367
HROV-vOTU53400	Smoking_Status	Former_Smoker	0.347585813819384	0.887711663822448	77	15	0.696561517711716	0.946899112880367
HROV-vOTU16913	diagnosis	RA	0.182300054777019	0.466370606869399	77	22	0.697048336702234	0.946899112880367
HROV-vOTU16007	Sex	M	-0.106814272932858	0.272744345712445	77	8	0.696506185714133	0.946899112880367
HROV-vOTU04012	Age	Age	-0.0567590580827058	0.144910051327665	77	9	0.696464299425744	0.946899112880367
HROV-vOTU54618	Sex	M	-0.272115696738414	0.695370174812121	77	15	0.696729007418555	0.946899112880367
HROV-vOTU30231	Smoking_Status	Former_Smoker	0.239242215922745	0.612550948577327	77	10	0.697286709433368	0.946899112880367
HROV-vOTU14043	diagnosis	RA	-0.172382497145748	0.440551028401054	77	9	0.69675591322666	0.946899112880367
HROV-vOTU28892	Sex	M	0.517037988741349	1.3270742918146201	77	32	0.697993095781853	0.946956110436411
HROV-vOTU55083	Age	Age	-0.126282985623029	0.32413325817012	77	67	0.697997039607479	0.946956110436411
HROV-vOTU36894	diagnosis	RA	0.170665345716967	0.438093862466364	77	13	0.698025485487126	0.946956110436411
HROV-vOTU56647	Sex	M	0.247006983959795	0.634157231444277	77	33	0.698068999455008	0.946959360160737
HROV-vOTU01747	Sex	M	0.352658910180241	0.905598287296187	77	51	0.69813041526674	0.94698689266068
HROV-vOTU29891	Smoking_Status	Never_Smoker	0.42993515532851	1.10430006351759	77	23	0.698198679837071	0.94702371144636
HROV-vOTU10330	diagnosis	RA	0.393678817644315	1.01179229937715	77	59	0.698373678151607	0.947033715319927
HROV-vOTU13507	Age	Age	0.0894875293415256	0.230033643827331	77	28	0.698426136293252	0.947033715319927
HROV-vOTU75309	diagnosis	RA	-0.271459632570966	0.697682649466498	77	62	0.698375884174823	0.947033715319927
HROV-vOTU06807	Age	Age	-0.146776850243028	0.377280274283743	77	37	0.698411422241654	0.947033715319927
HROV-vOTU22815	Age	Age	-0.113880839278094	0.292891635398696	77	52	0.698576150927265	0.947033715319927
HROV-vOTU07684	Sex	M	0.176879482362415	0.454869628555377	77	69	0.698545273316457	0.947033715319927
HROV-vOTU27225	diagnosis	RA	-0.270332473033281	0.695118375994004	77	36	0.698513007288192	0.947033715319927
HROV-vOTU26839	Smoking_Status	Former_Smoker	0.679178987369087	1.74478684361416	77	52	0.698247521251474	0.947033715319927
HROV-vOTU41061	Sex	M	-0.164218162064543	0.422351258899305	77	12	0.698573708693061	0.947033715319927
HROV-vOTU52091	Sex	M	0.368099410855967	0.954291647856789	77	68	0.700849609276078	0.947285487415832
HROV-vOTU60443	Sex	M	0.331462509925081	0.856477290640078	77	62	0.699908782460018	0.947285487415832
HROV-vOTU01838	Smoking_Status	Former_Smoker	-0.634006815060653	1.64101577313085	77	57	0.700392714221316	0.947285487415832
HROV-vOTU75645	Smoking_Status	Never_Smoker	-0.300054760679721	0.777703027543066	77	75	0.700782322078401	0.947285487415832
HROV-vOTU04745	Smoking_Status	Never_Smoker	-0.384734877712858	0.992415310008289	77	74	0.699416162639646	0.947285487415832
HROV-vOTU08847	Sex	M	-0.2763311775718	0.713349787374955	77	59	0.699640203753604	0.947285487415832
HROV-vOTU55790	Sex	M	-0.402612837954442	1.04088748594706	77	37	0.700062906066716	0.947285487415832
HROV-vOTU44696	Sex	M	0.484745363578648	1.25540940963529	77	31	0.700558516706349	0.947285487415832
HROV-vOTU13955	Smoking_Status	Never_Smoker	0.503811942908758	1.30551032884134	77	15	0.700715885190144	0.947285487415832
HROV-vOTU02903	Age	Age	0.132778486008623	0.342320214451277	77	45	0.699266787417926	0.947285487415832
HROV-vOTU37296	Smoking_Status	Former_Smoker	-0.565603796150973	1.46121446337722	77	42	0.69985637584353	0.947285487415832
HROV-vOTU21530	Sex	M	-0.185990305164259	0.481282062632991	77	10	0.700320922180689	0.947285487415832
HROV-vOTU20977	Smoking_Status	Never_Smoker	-0.61786223013053	1.59655142456024	77	46	0.699915235876871	0.947285487415832
HROV-vOTU43992	Smoking_Status	Never_Smoker	0.231672550992594	0.599886013672919	77	16	0.700507674034586	0.947285487415832
HROV-vOTU57556	Smoking_Status	Former_Smoker	0.55143799924635	1.41938348242205	77	56	0.698804701256877	0.947285487415832
HROV-vOTU05314	Sex	M	0.234164402783995	0.603694292745661	77	43	0.699261103387719	0.947285487415832
HROV-vOTU41050	Smoking_Status	Former_Smoker	-0.738931437577595	1.90522494414351	77	33	0.699291318024296	0.947285487415832
HROV-vOTU25809	Smoking_Status	Never_Smoker	0.385047709122789	0.997033403061395	77	42	0.700508335466235	0.947285487415832
HROV-vOTU68647	Smoking_Status	Never_Smoker	-0.207584276021618	0.53791470460688	77	11	0.700720542642428	0.947285487415832
HROV-vOTU05156	Smoking_Status	Never_Smoker	-0.4297432094557	1.11133358912814	77	45	0.700141177882528	0.947285487415832
HROV-vOTU41621	Sex	M	-0.337083213301347	0.868832048026787	77	26	0.699196948845011	0.947285487415832
HROV-vOTU44564	Sex	M	0.24956119064266	0.645710977242026	77	25	0.70028927262272	0.947285487415832
HROV-vOTU59505	diagnosis	RA	0.176237817488802	0.454875111294476	77	23	0.699587894301588	0.947285487415832
HROV-vOTU07395	Age	Age	0.170834683685124	0.44266972885202	77	41	0.700710593192777	0.947285487415832
HROV-vOTU30890	Smoking_Status	Never_Smoker	-0.358387001939048	0.925183544160195	77	30	0.699642176220366	0.947285487415832
HROV-vOTU15928	Age	Age	0.0714303158468273	0.18510744644656	77	20	0.700735189484038	0.947285487415832
HROV-vOTU41561	Smoking_Status	Never_Smoker	0.245265090240392	0.635315545359025	77	8	0.700612280695308	0.947285487415832
HROV-vOTU69870	Smoking_Status	Former_Smoker	0.370394595935192	0.960275730071923	77	27	0.700859636130194	0.947285487415832
HROV-vOTU52357	diagnosis	RA	0.162467240487277	0.419796346050227	77	29	0.699903142604235	0.947285487415832
HROV-vOTU28137	Sex	M	0.217108596176058	0.562823340682918	77	11	0.700835908282441	0.947285487415832
HROV-vOTU15731	Smoking_Status	Former_Smoker	0.476351462600704	1.23114322862159	77	23	0.699974214582141	0.947285487415832
HROV-vOTU24353	Age	Age	0.128487595420951	0.332105807603119	77	49	0.699996664274121	0.947285487415832
HROV-vOTU65654	Smoking_Status	Former_Smoker	-0.302966370482253	0.783469831149869	77	12	0.700136213612622	0.947285487415832
HROV-vOTU23270	Age	Age	-0.102087416629988	0.264563482545497	77	26	0.700745910879242	0.947285487415832
HROV-vOTU66463	diagnosis	RA	0.112180027542072	0.289973353243889	77	12	0.700014575061086	0.947285487415832
HROV-vOTU25686	Sex	M	0.230686620070363	0.594796573580929	77	52	0.699293908408979	0.947285487415832
HROV-vOTU30360	Smoking_Status	Former_Smoker	0.478952343626741	1.23751042360003	77	23	0.699892445733376	0.947285487415832
HROV-vOTU37128	Age	Age	-0.0477646678438224	0.123758961154726	77	22	0.700688392635182	0.947285487415832
HROV-vOTU69601	Age	Age	-0.0513464272001176	0.13264772685534	77	15	0.699848451219731	0.947285487415832
HROV-vOTU58176	Smoking_Status	Never_Smoker	0.323743082090464	0.836890661690686	77	10	0.700031432297125	0.947285487415832
HROV-vOTU73713	Smoking_Status	Former_Smoker	-0.220190018979293	0.570156633698263	77	11	0.700509245489775	0.947285487415832
HROV-vOTU16567	Smoking_Status	Former_Smoker	0.424907037707072	1.09472714680161	77	10	0.699074023512563	0.947285487415832
HROV-vOTU37450	Age	Age	0.0475663614801783	0.12272239978704	77	11	0.699476673262049	0.947285487415832
HROV-vOTU05881	Smoking_Status	Never_Smoker	0.1738823259295	0.447815556105576	77	8	0.698963247479101	0.947285487415832
HROV-vOTU47482	diagnosis	RA	0.113989563690691	0.293910920881109	77	9	0.699296921862224	0.947285487415832
HROV-vOTU08391	Sex	M	0.173785736608917	0.449837271938956	77	8	0.700407455324741	0.947285487415832
HROV-vOTU07652	Age	Age	0.0710661077792173	0.183663472532048	77	9	0.6999605456468	0.947285487415832
HROV-vOTU48010	Sex	M	0.112277632621265	0.290043450548577	77	9	0.699835467352083	0.947285487415832
HROV-vOTU71296	Sex	M	-0.128600294473795	0.331299532811035	77	12	0.699052228512793	0.947285487415832
HROV-vOTU60377	Sex	M	0.180192268988722	0.466796763989602	77	8	0.700637143321166	0.947285487415832
HROV-vOTU58500	Sex	M	0.092121011782117	0.237719280333036	77	8	0.699530460237583	0.947285487415832
HROV-vOTU24582	diagnosis	RA	0.331560440067724	0.859820573435391	77	61	0.700934163504803	0.947330621215705
HROV-vOTU04464	Sex	M	-0.30713866649113	0.796763354994789	77	68	0.701032185316605	0.947407501193674
HROV-vOTU63750	Smoking_Status	Former_Smoker	-0.634605872938594	1.64665495964699	77	50	0.701100030790065	0.947443592835066
HROV-vOTU32776	diagnosis	RA	0.174789881842182	0.453680083525911	77	11	0.701188304087565	0.947507284112927
HROV-vOTU39112	diagnosis	RA	0.283048388372678	0.734910189559819	77	39	0.701279988750187	0.947519984800048
HROV-vOTU55384	Smoking_Status	Never_Smoker	0.571350454174202	1.48335102605776	77	50	0.701258912029582	0.947519984800048
HROV-vOTU07688	Age	Age	-0.102065719288718	0.265140818840148	77	67	0.701425885876469	0.947605921964867
HROV-vOTU30867	Smoking_Status	Former_Smoker	0.440011168286116	1.14300491796873	77	22	0.701417848547861	0.947605921964867
HROV-vOTU52562	diagnosis	RA	-0.182706997397098	0.474836554444222	77	72	0.701551565954352	0.947692385616319
HROV-vOTU74610	Smoking_Status	Former_Smoker	0.498771119330247	1.29634864435496	77	15	0.701572187684439	0.947692385616319
HROV-vOTU52217	diagnosis	RA	-0.12701282037339	0.330344188737762	77	9	0.701767258988872	0.947897320688248
HROV-vOTU07520	diagnosis	RA	0.170245169592147	0.442846855847199	77	16	0.701806218630278	0.947897320688248
HROV-vOTU72645	Smoking_Status	Never_Smoker	-0.408095036633974	1.06198596029223	77	43	0.701922892843802	0.947901931335846
HROV-vOTU45998	Sex	M	0.215475852782513	0.560597875112298	77	29	0.701854586812228	0.947901931335846
HROV-vOTU33355	Sex	M	0.314562002350141	0.818733255558795	77	56	0.701974270036164	0.947901931335846
HROV-vOTU67235	diagnosis	RA	-0.0822656443239485	0.214097695941445	77	8	0.701946411066173	0.947901931335846
HROV-vOTU29822	diagnosis	RA	0.270477776505688	0.706292496217411	77	37	0.702897766191188	0.947991246724739
HROV-vOTU29517	Age	Age	-0.098326580257134	0.256612408991746	77	19	0.702737420540428	0.947991246724739
HROV-vOTU52476	Smoking_Status	Never_Smoker	0.466889376082045	1.21861225199842	77	50	0.702766612861072	0.947991246724739
HROV-vOTU11474	Smoking_Status	Former_Smoker	-0.382022823835783	0.996069102520657	77	17	0.702472557818178	0.947991246724739
HROV-vOTU07700	Age	Age	0.115016864230257	0.300356048251112	77	31	0.702911990659443	0.947991246724739
HROV-vOTU35391	Smoking_Status	Former_Smoker	-0.602527063863288	1.57101839428228	77	24	0.702475524967106	0.947991246724739
HROV-vOTU40209	Sex	M	0.325096862887905	0.848716883505744	77	39	0.70283075493039	0.947991246724739
HROV-vOTU29426	Smoking_Status	Former_Smoker	0.807924646937325	2.10776709199954	77	53	0.70263649582551	0.947991246724739
HROV-vOTU27485	diagnosis	RA	-0.142927627973941	0.372296260574935	77	20	0.702193714751246	0.947991246724739
HROV-vOTU59484	diagnosis	RA	-0.187937383829388	0.489619442904299	77	59	0.702241321466851	0.947991246724739
HROV-vOTU22903	Sex	M	0.20124038826204	0.524240127396963	77	28	0.702221517623026	0.947991246724739
HROV-vOTU44777	Smoking_Status	Former_Smoker	0.345657169166472	0.902413638994685	77	21	0.702837277330985	0.947991246724739
HROV-vOTU37069	Sex	M	0.353562327888506	0.921681929865391	77	35	0.702417110418464	0.947991246724739
HROV-vOTU11502	Smoking_Status	Never_Smoker	0.236361564928354	0.61727401454474	77	16	0.702929094652657	0.947991246724739
HROV-vOTU62036	Age	Age	-0.0938446283565167	0.245096179512865	77	13	0.702946006092851	0.947991246724739
HROV-vOTU21251	diagnosis	RA	0.135533437160788	0.353465521271721	77	13	0.702538015498181	0.947991246724739
HROV-vOTU16151	Smoking_Status	Never_Smoker	0.196092599887868	0.510969870108282	77	11	0.702299105988968	0.947991246724739
HROV-vOTU38487	Smoking_Status	Former_Smoker	-0.657929458948069	1.71685575191	77	29	0.702703397221178	0.947991246724739
HROV-vOTU34373	Smoking_Status	Former_Smoker	-0.216840107038778	0.565259018372079	77	8	0.70241241629008	0.947991246724739
HROV-vOTU41752	Smoking_Status	Never_Smoker	0.275499207412502	0.719454023779061	77	8	0.702917089131135	0.947991246724739
HROV-vOTU69730	Smoking_Status	Never_Smoker	0.20197441966303	0.52676149224924	77	10	0.702549122289349	0.947991246724739
HROV-vOTU51286	Smoking_Status	Former_Smoker	0.478923607566356	1.24805786248442	77	17	0.702321528494146	0.947991246724739
HROV-vOTU58500	Age	Age	0.0352543429774258	0.0921500450863462	77	8	0.703177483636937	0.948247888989264
HROV-vOTU56072	Sex	M	0.446056165577326	1.16670265398729	77	33	0.703364544332071	0.948271382584544
HROV-vOTU28448	Age	Age	-0.119523553656471	0.312568130954598	77	70	0.703312905548765	0.948271382584544
HROV-vOTU51259	diagnosis	RA	0.247786611688381	0.648382013929382	77	30	0.703483133801864	0.948271382584544
HROV-vOTU27429	Sex	M	0.218924745643163	0.572620397754231	77	23	0.703365403258208	0.948271382584544
HROV-vOTU30268	diagnosis	RA	0.14770730366986	0.386304748483695	77	21	0.7033368780762	0.948271382584544
HROV-vOTU69771	Sex	M	0.109117551733996	0.285514689242115	77	8	0.703470607486502	0.948271382584544
HROV-vOTU07878	Smoking_Status	Former_Smoker	-0.384050528038641	1.00472575260589	77	17	0.70342208123195	0.948271382584544
HROV-vOTU06373	Sex	M	-0.236424895756781	0.619548814860424	77	73	0.703891705466377	0.948308863698869
HROV-vOTU07005	Smoking_Status	Never_Smoker	-0.376828179281583	0.986658454219441	77	42	0.703658745432627	0.948308863698869
HROV-vOTU38195	Smoking_Status	Former_Smoker	0.69169648387468	1.81400662260014	77	73	0.704112906948753	0.948308863698869
HROV-vOTU48715	Age	Age	-0.0895007223309687	0.234706621495626	77	72	0.704097018887213	0.948308863698869
HROV-vOTU11726	Sex	M	-0.305522558089212	0.800763254760732	77	72	0.703942663492911	0.948308863698869
HROV-vOTU35391	diagnosis	RA	-0.248830410877562	0.651517035611453	77	24	0.703657998438858	0.948308863698869
HROV-vOTU75805	Smoking_Status	Former_Smoker	-0.623851738725482	1.6350083895638	77	55	0.703928220575527	0.948308863698869
HROV-vOTU11306	Age	Age	0.134001231121938	0.351276347937949	77	28	0.703994091095755	0.948308863698869
HROV-vOTU51342	Age	Age	0.103138083587815	0.269972236624472	77	14	0.703578584517172	0.948308863698869
HROV-vOTU74846	Sex	M	-0.203114306549363	0.531940729349761	77	26	0.703723199382394	0.948308863698869
HROV-vOTU06476	diagnosis	RA	-0.246501026344922	0.646381711722096	77	33	0.704078552245798	0.948308863698869
HROV-vOTU60828	diagnosis	RA	-0.197489872225826	0.517535332884239	77	25	0.703900045570395	0.948308863698869
HROV-vOTU65362	Smoking_Status	Former_Smoker	-0.620891028587236	1.62632201580865	77	28	0.703767624260715	0.948308863698869
HROV-vOTU60573	Smoking_Status	Never_Smoker	0.484662673042145	1.27112150606061	77	18	0.704128596146359	0.948308863698869
HROV-vOTU73439	Sex	M	0.341468571003277	0.895333950644078	77	29	0.704055194404922	0.948308863698869
HROV-vOTU71805	Smoking_Status	Never_Smoker	-0.471853220855905	1.23833203066601	77	30	0.704311864335873	0.948465845173045
HROV-vOTU39751	Sex	M	-0.163132601591238	0.428149171007985	77	22	0.704327524279176	0.948465845173045
HROV-vOTU05290	Smoking_Status	Former_Smoker	0.526552738925235	1.38232953462187	77	26	0.704402283454848	0.94851105583612
HROV-vOTU55031	Age	Age	0.0706067738187725	0.185511384636196	77	74	0.704631892128296	0.948659448008495
HROV-vOTU59291	diagnosis	RA	-0.241753941100359	0.635190804572068	77	64	0.704636062424373	0.948659448008495
HROV-vOTU05302	Smoking_Status	Never_Smoker	0.306552877563649	0.805406618665314	77	57	0.704622566916396	0.948659448008495
HROV-vOTU04734	Smoking_Status	Never_Smoker	0.360793011230961	0.948461955988032	77	42	0.704785700868439	0.948805441690545
HROV-vOTU11852	diagnosis	RA	-0.108955844180326	0.286612717322797	77	76	0.70496888772771	0.948859390713213
HROV-vOTU68200	Age	Age	-0.0650195654534553	0.171137690044966	77	13	0.705134872243453	0.948859390713213
HROV-vOTU25462	Sex	M	0.256887099806232	0.676108018387709	77	59	0.705116890984981	0.948859390713213
HROV-vOTU14470	diagnosis	RA	0.411117629783866	1.08238986853446	77	57	0.705209867698409	0.948859390713213
HROV-vOTU25148	Smoking_Status	Former_Smoker	-0.511476338248747	1.34539034877943	77	44	0.704954549688656	0.948859390713213
HROV-vOTU37335	Age	Age	0.0839380249659323	0.220997987023292	77	12	0.705217594208958	0.948859390713213
HROV-vOTU64966	Age	Age	-0.11817468434843	0.310892197867813	77	37	0.704995048118176	0.948859390713213
HROV-vOTU65515	diagnosis	RA	-0.1561465152528	0.411210600402144	77	8	0.70528379463232	0.948859390713213
HROV-vOTU05157	Smoking_Status	Former_Smoker	0.713775234043789	1.88083265914813	77	47	0.705449620694046	0.948859390713213
HROV-vOTU67547	Sex	M	-0.342707405624971	0.903430080676814	77	65	0.705567393224653	0.948859390713213
HROV-vOTU49935	Sex	M	-0.221714189909172	0.584392258579552	77	11	0.705528591923989	0.948859390713213
HROV-vOTU21069	diagnosis	RA	0.183694842122559	0.483496022456103	77	15	0.7051312132729	0.948859390713213
HROV-vOTU05377	diagnosis	RA	0.115083356979175	0.303152966270298	77	13	0.705359583458014	0.948859390713213
HROV-vOTU59988	diagnosis	RA	0.167206440007196	0.440728289046501	77	21	0.705533087535982	0.948859390713213
HROV-vOTU53400	diagnosis	RA	0.139740885503876	0.368142902588697	77	15	0.705387777046718	0.948859390713213
HROV-vOTU54685	Age	Age	-0.0959453565830453	0.2526951789666	77	12	0.705310281761462	0.948859390713213
HROV-vOTU39206	Smoking_Status	Former_Smoker	0.394823409287823	1.04079244438097	77	19	0.705561052196219	0.948859390713213
HROV-vOTU70612	Smoking_Status	Never_Smoker	-0.189980052002437	0.499913648549115	77	9	0.705060767041837	0.948859390713213
HROV-vOTU08942	Smoking_Status	Never_Smoker	0.421514938151909	1.11149055010029	77	53	0.705645990255248	0.948876668708178
HROV-vOTU31555	Smoking_Status	Former_Smoker	-0.480032882809055	1.2660574999495	77	58	0.705703846358388	0.948876668708178
HROV-vOTU50719	Sex	M	0.123734834270845	0.32630916286316	77	8	0.70567470323658	0.948876668708178
HROV-vOTU41054	Smoking_Status	Never_Smoker	-0.684413314160196	1.80569008711893	77	28	0.705795686266241	0.948889355207912
HROV-vOTU24656	diagnosis	RA	-0.149331838861814	0.393962135822335	77	13	0.70578104355324	0.948889355207912
HROV-vOTU48027	Age	Age	0.116088527980406	0.30649118300145	77	56	0.705991716348395	0.949063948032685
HROV-vOTU24869	Sex	M	0.271901015077555	0.717965019479798	77	69	0.706032837204257	0.949063948032685
HROV-vOTU52184	Age	Age	0.150886925260717	0.398445947343723	77	46	0.706049180271124	0.949063948032685
HROV-vOTU14163	Smoking_Status	Never_Smoker	0.248612314706122	0.656633651072301	77	71	0.706102488847884	0.949080210001563
HROV-vOTU74082	diagnosis	RA	-0.293287624288347	0.775390351616822	77	47	0.706377074758577	0.949116921335474
HROV-vOTU09082	diagnosis	RA	-0.100858379454252	0.266494784578176	77	77	0.706216067100029	0.949116921335474
HROV-vOTU13262	Smoking_Status	Former_Smoker	-0.467563872567898	1.23603931196936	77	32	0.706354326777525	0.949116921335474
HROV-vOTU08189	Sex	M	-0.250845710102737	0.66298494392472	77	37	0.70629355042213	0.949116921335474
HROV-vOTU02798	Smoking_Status	Former_Smoker	0.579224443131733	1.53090103985533	77	39	0.706295643947761	0.949116921335474
HROV-vOTU31916	diagnosis	RA	0.154842331453784	0.409130045636751	77	13	0.706212809243099	0.949116921335474
HROV-vOTU31655	Smoking_Status	Former_Smoker	0.455682746255318	1.20494674054147	77	49	0.706427701265462	0.94912957004513
HROV-vOTU11831	Smoking_Status	Former_Smoker	0.712938831097088	1.88638829448534	77	48	0.706603813836576	0.949149656544859
HROV-vOTU27225	Age	Age	0.134387744604035	0.355638086102412	77	36	0.706648719544861	0.949149656544859
HROV-vOTU24527	Sex	M	0.113554855816534	0.300493077128822	77	13	0.706635952888141	0.949149656544859
HROV-vOTU56306	Smoking_Status	Never_Smoker	0.163174153501659	0.431660008068695	77	9	0.706546928190728	0.949149656544859
HROV-vOTU26729	Smoking_Status	Former_Smoker	-0.286565936268505	0.758188988001912	77	9	0.706587133634549	0.949149656544859
HROV-vOTU53268	Smoking_Status	Former_Smoker	0.422466677140983	1.11826887822383	77	25	0.706716398997788	0.949185202596318
HROV-vOTU56015	Age	Age	0.073192370560627	0.193772807013218	77	10	0.706763516073642	0.949193128946581
HROV-vOTU73181	Smoking_Status	Former_Smoker	-0.482776776082227	1.27870088662252	77	44	0.706889307679634	0.949251356026937
HROV-vOTU02503	diagnosis	RA	0.152307507923018	0.40340000362936	77	9	0.706884156489008	0.949251356026937
HROV-vOTU24068	Smoking_Status	Never_Smoker	0.380964411102597	1.00950558363054	77	68	0.70701900003615	0.949259463116221
HROV-vOTU41114	diagnosis	RA	0.276626146130282	0.732943266497365	77	26	0.706988667848151	0.949259463116221
HROV-vOTU11220	diagnosis	RA	0.149524507612166	0.396123990895846	77	21	0.706951143386845	0.949259463116221
HROV-vOTU10232	diagnosis	RA	-0.0894354403640946	0.237163706545209	77	11	0.707220943148874	0.949426337476345
HROV-vOTU10047	Smoking_Status	Former_Smoker	0.568470852539216	1.50748934165534	77	24	0.707225741181359	0.949426337476345
HROV-vOTU56605	Age	Age	0.103703638501374	0.27509375364261	77	74	0.707316104244233	0.949454710685244
HROV-vOTU04579	Smoking_Status	Never_Smoker	0.62399398540044	1.65785061622951	77	44	0.707751396596569	0.949454710685244
HROV-vOTU55745	Smoking_Status	Former_Smoker	-0.527677978891355	1.40138830993201	77	67	0.707638837984991	0.949454710685244
HROV-vOTU61207	Smoking_Status	Former_Smoker	-0.465379251916276	1.23682692572015	77	15	0.7078392004097	0.949454710685244
HROV-vOTU05127	diagnosis	RA	0.214325687268645	0.569576100835746	77	34	0.707823567482153	0.949454710685244
HROV-vOTU27154	Sex	M	0.325336202725591	0.864718961828019	77	37	0.707865279308104	0.949454710685244
HROV-vOTU34183	Sex	M	0.326113688989574	0.865539869584647	77	67	0.70746462229144	0.949454710685244
HROV-vOTU19773	Age	Age	-0.0851202529375997	0.225957560035036	77	23	0.707513354631853	0.949454710685244
HROV-vOTU63670	Smoking_Status	Former_Smoker	-0.423502772087667	1.12460874880226	77	41	0.707610402482089	0.949454710685244
HROV-vOTU34493	Smoking_Status	Never_Smoker	-0.290625743189533	0.772408477639681	77	9	0.707846276928507	0.949454710685244
HROV-vOTU13583	Age	Age	-0.0726404076155052	0.19299599402714	77	12	0.707754622947291	0.949454710685244
HROV-vOTU66410	Smoking_Status	Former_Smoker	0.693559945106422	1.84220537075812	77	52	0.707680230183932	0.949454710685244
HROV-vOTU19905	Smoking_Status	Never_Smoker	0.233936545879385	0.621528236769951	77	8	0.707749985177352	0.949454710685244
HROV-vOTU14008	Smoking_Status	Former_Smoker	-0.271476318210325	0.720607481973637	77	11	0.707495925788131	0.949454710685244
HROV-vOTU59956	diagnosis	RA	0.103724482847926	0.275358385785063	77	10	0.707528153362687	0.949454710685244
HROV-vOTU07385	diagnosis	RA	-0.210732529754652	0.560217693176586	77	71	0.707918264900881	0.949470481664859
HROV-vOTU50677	Sex	M	0.13297905414434	0.353888344061423	77	76	0.70821157929658	0.949513796596874
HROV-vOTU09478	Smoking_Status	Never_Smoker	-0.410864331631992	1.09461762312039	77	72	0.70851947177953	0.949513796596874
HROV-vOTU15386	Sex	M	0.294664189836636	0.784311757469809	77	30	0.708261752086305	0.949513796596874
HROV-vOTU00289	Sex	M	0.257569732047836	0.685031432090328	77	8	0.708040313841431	0.949513796596874
HROV-vOTU18912	Smoking_Status	Former_Smoker	-0.283905540559539	0.755640759838726	77	15	0.708249036042929	0.949513796596874
HROV-vOTU05391	Smoking_Status	Former_Smoker	-0.554141149167192	1.47432425463269	77	29	0.708140860298104	0.949513796596874
HROV-vOTU07041	Smoking_Status	Former_Smoker	0.44406156703859	1.18207793329108	77	61	0.708288362000662	0.949513796596874
HROV-vOTU36085	Smoking_Status	Former_Smoker	-0.506473122735937	1.34862750809625	77	50	0.708373309707932	0.949513796596874
HROV-vOTU43256	Sex	M	-0.253797851234547	0.675031791270526	77	67	0.708053521999449	0.949513796596874
HROV-vOTU50639	Smoking_Status	Former_Smoker	0.537523410581174	1.43134332716584	77	51	0.708380238101146	0.949513796596874
HROV-vOTU65515	Smoking_Status	Former_Smoker	-0.372220101004976	0.991561819330379	77	8	0.708491303402358	0.949513796596874
HROV-vOTU02735	Smoking_Status	Former_Smoker	0.39972821593503	1.0648852605383	77	43	0.70850284531772	0.949513796596874
HROV-vOTU34692	diagnosis	RA	0.239178511588546	0.636386854111469	77	27	0.708157791486838	0.949513796596874
HROV-vOTU48623	Age	Age	0.0850508414569481	0.226597744693651	77	8	0.708527772232622	0.949513796596874
HROV-vOTU30169	diagnosis	RA	-0.208495500424296	0.555658941867418	77	31	0.708613914106538	0.949573981256463
HROV-vOTU11852	Age	Age	0.0548167592400331	0.146637467460895	77	76	0.709648474821656	0.949712620930874
HROV-vOTU21801	Sex	M	0.258423746838548	0.691371915790769	77	41	0.709678900113673	0.949712620930874
HROV-vOTU04367	Sex	M	-0.24285755002438	0.647690717317316	77	73	0.708808592351986	0.949712620930874
HROV-vOTU05936	Smoking_Status	Former_Smoker	-0.244036831369399	0.652183558123939	77	77	0.709382402709091	0.949712620930874
HROV-vOTU21802	Sex	M	-0.350267984383182	0.93668149789501	77	70	0.709559136141061	0.949712620930874
HROV-vOTU13420	Smoking_Status	Never_Smoker	0.421365702814933	1.12597105732033	77	34	0.709352776474793	0.949712620930874
HROV-vOTU09776	diagnosis	RA	0.374158560601952	0.998046255194586	77	31	0.708859039263538	0.949712620930874
HROV-vOTU13293	diagnosis	RA	0.326445644629762	0.87326511810439	77	67	0.709650795277517	0.949712620930874
HROV-vOTU07517	Smoking_Status	Former_Smoker	0.570554189234503	1.5223818355888	77	38	0.708943213990839	0.949712620930874
HROV-vOTU42795	Sex	M	-0.134736229892959	0.359727165067935	77	73	0.70911068387343	0.949712620930874
HROV-vOTU37858	diagnosis	RA	-0.319528823465617	0.854013031747023	77	47	0.709407920018953	0.949712620930874
HROV-vOTU35657	Sex	M	0.306742142544633	0.818441559380749	77	35	0.708935247111947	0.949712620930874
HROV-vOTU06261	diagnosis	RA	0.221952503323525	0.592844480979815	77	14	0.709233214506197	0.949712620930874
HROV-vOTU63227	Smoking_Status	Never_Smoker	0.263033810537151	0.701931838632684	77	16	0.70897942425091	0.949712620930874
HROV-vOTU52390	Smoking_Status	Former_Smoker	0.53648701942681	1.43104161738679	77	29	0.708857800746793	0.949712620930874
HROV-vOTU38452	Smoking_Status	Former_Smoker	-0.736614868056124	1.96814101223419	77	50	0.709319388861505	0.949712620930874
HROV-vOTU63975	Sex	M	0.407104788237603	1.08921620274664	77	61	0.709697112709015	0.949712620930874
HROV-vOTU70105	Age	Age	0.0458332351589352	0.122400244481796	77	9	0.709182799429473	0.949712620930874
HROV-vOTU59600	diagnosis	RA	0.261147178793911	0.69872915767889	77	24	0.709707086679129	0.949712620930874
HROV-vOTU38991	Smoking_Status	Never_Smoker	0.315493913667715	0.843590684254945	77	14	0.70952679328527	0.949712620930874
HROV-vOTU29297	Smoking_Status	Never_Smoker	0.215388540012433	0.575761536872591	77	11	0.709449774801514	0.949712620930874
HROV-vOTU15866	Smoking_Status	Never_Smoker	-0.257549741805568	0.688233310276487	77	15	0.709356941014533	0.949712620930874
HROV-vOTU37315	Smoking_Status	Never_Smoker	0.259777328219314	0.69440383548178	77	18	0.709443910684745	0.949712620930874
HROV-vOTU24413	Smoking_Status	Former_Smoker	0.21553780796174	0.57533835847887	77	8	0.709053852703343	0.949712620930874
HROV-vOTU18438	Sex	M	-0.153561118141393	0.411179895272054	77	9	0.70991552819117	0.949936355484437
HROV-vOTU28607	Sex	M	-0.340945888379714	0.913109613131522	77	27	0.709970854769153	0.949955193198559
HROV-vOTU36179	diagnosis	RA	0.12121948561626	0.324803939817852	77	11	0.710105478121332	0.950080123228622
HROV-vOTU44478	diagnosis	RA	-0.155554677195708	0.417108135491847	77	72	0.710307080910929	0.950239446609276
HROV-vOTU24409	diagnosis	RA	-0.209903160013106	0.562830211229323	77	73	0.710302523482573	0.950239446609276
HROV-vOTU61734	diagnosis	RA	-0.247890625193383	0.665747786358157	77	55	0.710742044680207	0.950367064841342
HROV-vOTU09783	Sex	M	0.301846859581747	0.810418746327218	77	34	0.710661452988654	0.950367064841342
HROV-vOTU55191	diagnosis	RA	-0.243707129388646	0.654559960724747	77	42	0.71076210729793	0.950367064841342
HROV-vOTU03004	Age	Age	0.0787179397563309	0.211261400792063	77	64	0.710549325524442	0.950367064841342
HROV-vOTU62594	Sex	M	-0.332307670431547	0.892565481279586	77	19	0.710773874286898	0.950367064841342
HROV-vOTU25865	Sex	M	0.416757408356938	1.11900392179045	77	32	0.710677637137116	0.950367064841342
HROV-vOTU65890	diagnosis	RA	0.0844059501323044	0.226710994280404	77	9	0.710773745607297	0.950367064841342
HROV-vOTU08027	diagnosis	RA	-0.177546392653532	0.476872166955984	77	33	0.710767775343349	0.950367064841342
HROV-vOTU44289	diagnosis	RA	0.148323790582949	0.398249655159539	77	11	0.710675293557384	0.950367064841342
HROV-vOTU21781	Smoking_Status	Never_Smoker	0.240279524602961	0.646026145779888	77	45	0.711049263032341	0.950376147214074
HROV-vOTU22200	Age	Age	-0.109531836892241	0.294734368802823	77	26	0.711275869447754	0.950376147214074
HROV-vOTU51810	diagnosis	RA	0.0899477450261939	0.241770822841314	77	76	0.710973250001365	0.950376147214074
HROV-vOTU56542	Sex	M	0.295085312707501	0.793042976024781	77	39	0.710932303932185	0.950376147214074
HROV-vOTU00617	Smoking_Status	Former_Smoker	-0.431696340592087	1.16091133503941	77	34	0.711104713218426	0.950376147214074
HROV-vOTU22345	Smoking_Status	Former_Smoker	-0.670136688275635	1.80245591833339	77	34	0.711155850655793	0.950376147214074
HROV-vOTU72414	Smoking_Status	Former_Smoker	-0.647133610084155	1.74029819728272	77	59	0.711110444497273	0.950376147214074
HROV-vOTU04512	Smoking_Status	Former_Smoker	-0.43608453148538	1.1727891882441701	77	39	0.711122857780019	0.950376147214074
HROV-vOTU17684	Smoking_Status	Never_Smoker	-0.291329190222558	0.783852352416622	77	24	0.711250400219872	0.950376147214074
HROV-vOTU53214	Age	Age	-0.0989431200320983	0.266215922534323	77	16	0.711249234035201	0.950376147214074
HROV-vOTU25949	Sex	M	-0.187726059937021	0.505075435901831	77	26	0.711238610810898	0.950376147214074
HROV-vOTU56103	Age	Age	-0.047445041244093	0.127637470242074	77	9	0.711210488566264	0.950376147214074
HROV-vOTU61467	Smoking_Status	Former_Smoker	-0.408752105838745	1.10008609418741	77	17	0.711324244847712	0.950385644766653
HROV-vOTU24371	Smoking_Status	Never_Smoker	0.2814249305588	0.757912976250002	77	71	0.711508201607487	0.950410874254419
HROV-vOTU51628	Smoking_Status	Former_Smoker	-0.630653936429736	1.69810224467045	77	39	0.711454915779731	0.950410874254419
HROV-vOTU22698	Smoking_Status	Former_Smoker	0.693037726066032	1.86642396805078	77	24	0.711506078822038	0.950410874254419
HROV-vOTU10047	Smoking_Status	Never_Smoker	0.3966629808765	1.06788330633552	77	24	0.71141015070221	0.950410874254419
HROV-vOTU10330	Sex	M	0.49542633386608	1.33539491850776	77	59	0.711745111322253	0.95045169394361
HROV-vOTU22654	Smoking_Status	Never_Smoker	-0.290106696080044	0.781706596121968	77	76	0.711653495076559	0.95045169394361
HROV-vOTU63699	diagnosis	RA	0.150643721936323	0.405815804094972	77	19	0.711584988616767	0.95045169394361
HROV-vOTU04553	Sex	M	-0.308519375390482	0.831509798923545	77	23	0.7117161585936	0.95045169394361
HROV-vOTU63599	Smoking_Status	Never_Smoker	0.171450949365393	0.462105054071211	77	9	0.711726228841294	0.95045169394361
HROV-vOTU12221	Smoking_Status	Former_Smoker	0.770983254350705	2.07947526199762	77	61	0.711921278197091	0.950521597592846
HROV-vOTU75519	Sex	M	0.331315207208238	0.893493695997373	77	13	0.711884118698874	0.950521597592846
HROV-vOTU07479	diagnosis	RA	0.0972545867701122	0.262255635264184	77	11	0.71186171191828	0.950521597592846
HROV-vOTU26869	diagnosis	RA	0.193607405849299	0.52231145967364	77	11	0.711983807675595	0.950549976276461
HROV-vOTU14986	Age	Age	-0.0561018315007096	0.151698347345302	77	76	0.712613776558334	0.95056006201834
HROV-vOTU29020	Sex	M	0.346363500904394	0.936595638235098	77	56	0.712624010648899	0.95056006201834
HROV-vOTU55610	Smoking_Status	Former_Smoker	0.368080929000898	0.99541553277448	77	71	0.712649964613181	0.95056006201834
HROV-vOTU51810	Age	Age	-0.0458111212463264	0.123695352734326	77	76	0.712221007997215	0.95056006201834
HROV-vOTU32134	Smoking_Status	Former_Smoker	0.227243900244565	0.614809961753733	77	75	0.712768419767214	0.95056006201834
HROV-vOTU04217	Age	Age	-0.08840856298354	0.239172891346086	77	65	0.71274882033703	0.95056006201834
HROV-vOTU62704	Sex	M	0.21077757828145	0.570144884294355	77	59	0.712712950596825	0.95056006201834
HROV-vOTU56685	Smoking_Status	Never_Smoker	0.594970750888779	1.60697791978688	77	37	0.712304382205704	0.95056006201834
HROV-vOTU23382	Sex	M	0.118067838724456	0.319485588578418	77	10	0.712813246743205	0.95056006201834
HROV-vOTU62594	Smoking_Status	Never_Smoker	0.426895323517747	1.15517233305658	77	19	0.712816859359823	0.95056006201834
HROV-vOTU35848	Smoking_Status	Former_Smoker	0.40234526785921	1.08605948413007	77	22	0.712140195989936	0.95056006201834
HROV-vOTU02943	diagnosis	RA	-0.240544721921594	0.650446749624542	77	43	0.712621424134393	0.95056006201834
HROV-vOTU62007	Smoking_Status	Never_Smoker	0.289163720273326	0.781441077862421	77	26	0.712454933853751	0.95056006201834
HROV-vOTU04807	Age	Age	-0.0720062631060374	0.194575826374968	77	34	0.712433555474803	0.95056006201834
HROV-vOTU06820	Sex	M	0.23570874372045	0.636701973063505	77	19	0.712333601073785	0.95056006201834
HROV-vOTU28484	Sex	M	-0.185295551922065	0.500051394676861	77	19	0.712073716722774	0.95056006201834
HROV-vOTU71676	diagnosis	RA	-0.103440665452134	0.279340992442021	77	16	0.712259528271106	0.95056006201834
HROV-vOTU22441	diagnosis	RA	0.242506607704225	0.655179004471465	77	33	0.712381583640578	0.95056006201834
HROV-vOTU53729	Smoking_Status	Former_Smoker	0.353143606170508	0.955096647151786	77	20	0.712671993682434	0.95056006201834
HROV-vOTU40104	Age	Age	0.0601880694773169	0.162639736162738	77	9	0.71243206177921	0.95056006201834
HROV-vOTU66153	Smoking_Status	Former_Smoker	-0.435022707501425	1.17738850561248	77	64	0.712868929239863	0.950574456626371
HROV-vOTU55704	Smoking_Status	Never_Smoker	-0.113932573832401	0.308408106042154	77	12	0.712913119121326	0.950578342598665
HROV-vOTU08392	Sex	M	0.156496336026274	0.424130298356429	77	76	0.713239407566434	0.950882215113863
HROV-vOTU49689	diagnosis	RA	-0.19279258656501	0.522626794963558	77	33	0.713306370252576	0.950882215113863
HROV-vOTU59948	Smoking_Status	Former_Smoker	-0.200015535151442	0.542091479068991	77	9	0.713248063080312	0.950882215113863
HROV-vOTU02549	diagnosis	RA	0.144005839810337	0.39043310723877	77	11	0.713347461160322	0.950882215113863
HROV-vOTU21784	Smoking_Status	Former_Smoker	0.22802270443838701	0.618067695452401	77	8	0.713279018101069	0.950882215113863
HROV-vOTU60555	Sex	M	0.223859933880974	0.608604941029299	77	71	0.714098221879391	0.95089223953855
HROV-vOTU04461	Age	Age	0.110788814675081	0.30130654237868	77	41	0.714194752970014	0.95089223953855
HROV-vOTU35974	Sex	M	0.337416104215514	0.916888185483724	77	55	0.713967072096065	0.95089223953855
HROV-vOTU53921	Age	Age	0.0810302568254011	0.220366578695332	77	74	0.714185869415669	0.95089223953855
HROV-vOTU51082	diagnosis	RA	0.174791179085758	0.475475630497641	77	17	0.714255158360923	0.95089223953855
HROV-vOTU40888	Smoking_Status	Never_Smoker	-0.20155923577519	0.546961897672653	77	70	0.7135918125555	0.95089223953855
HROV-vOTU29531	Smoking_Status	Former_Smoker	0.385191169491369	1.0460646443203	77	50	0.713798210664252	0.95089223953855
HROV-vOTU43272	Smoking_Status	Never_Smoker	0.40314486990291	1.09700363224402	77	51	0.714341987062011	0.95089223953855
HROV-vOTU25148	Age	Age	0.105175407604587	0.285458059163278	77	44	0.713638246434262	0.95089223953855
HROV-vOTU69314	Age	Age	0.0825630637824904	0.224457249668792	77	60	0.714091137759929	0.95089223953855
HROV-vOTU51433	Age	Age	0.0896518978883491	0.243528878720357	77	23	0.713866667474226	0.95089223953855
HROV-vOTU20117	diagnosis	RA	-0.287073483260665	0.781171289604304	77	27	0.714345924283823	0.95089223953855
HROV-vOTU01535	Smoking_Status	Never_Smoker	0.195250212845636	0.530839609830859	77	8	0.714106208973396	0.95089223953855
HROV-vOTU25602	Smoking_Status	Never_Smoker	-0.216813880452492	0.589030741827973	77	12	0.713904355681222	0.95089223953855
HROV-vOTU41183	Sex	M	0.392672753652853	1.06795438722352	77	30	0.714200592780249	0.95089223953855
HROV-vOTU48425	Sex	M	-0.167620930176373	0.455995915658233	77	16	0.714270213336048	0.95089223953855
HROV-vOTU41596	Sex	M	-0.234115489002804	0.635966791624659	77	17	0.713875042541521	0.95089223953855
HROV-vOTU42481	Age	Age	-0.0696102139730684	0.189039044107718	77	21	0.71379590868004	0.95089223953855
HROV-vOTU61773	Sex	M	0.101801028707692	0.276059138960889	77	12	0.713400040627999	0.95089223953855
HROV-vOTU47545	diagnosis	RA	0.0750157461964601	0.203858352919363	77	8	0.713983117073053	0.95089223953855
HROV-vOTU17189	diagnosis	RA	0.0846165205953577	0.229785431819637	77	8	0.713788849522424	0.95089223953855
HROV-vOTU59956	Sex	M	0.133810000366833	0.363426554414609	77	10	0.713827087542781	0.95089223953855
HROV-vOTU55701	Sex	M	0.211037622379487	0.573704117195667	77	8	0.714078715405079	0.95089223953855
HROV-vOTU54557	Smoking_Status	Former_Smoker	0.338855535746395	0.919481589403486	77	14	0.713575489365534	0.95089223953855
HROV-vOTU65280	diagnosis	RA	-0.107933938415876	0.293793919719647	77	8	0.714428587401538	0.95094731059169
HROV-vOTU50143	Smoking_Status	Former_Smoker	0.433004548579881	1.17891270980886	77	32	0.714494165001159	0.950979634744072
HROV-vOTU49263	Smoking_Status	Never_Smoker	-0.16452823336398	0.448236389369929	77	77	0.714668377562728	0.951034144789136
HROV-vOTU65601	Age	Age	-0.125707689087096	0.342633721673586	77	35	0.714794877087029	0.951034144789136
HROV-vOTU58977	Smoking_Status	Former_Smoker	0.457382090376006	1.2462981182152	77	56	0.714716143089483	0.951034144789136
HROV-vOTU18579	Smoking_Status	Former_Smoker	-0.450806093917123	1.22783910321771	77	35	0.714596192673734	0.951034144789136
HROV-vOTU70483	Smoking_Status	Former_Smoker	-0.370277224092733	1.00930643034684	77	16	0.71481230587931	0.951034144789136
HROV-vOTU08849	Smoking_Status	Former_Smoker	0.365937761733093	0.996871419573442	77	24	0.714646560114696	0.951034144789136
HROV-vOTU45109	Smoking_Status	Former_Smoker	0.376971062515295	1.02759739446222	77	16	0.714824187854969	0.951034144789136
HROV-vOTU01387	Sex	M	-0.203600382663743	0.555494929659749	77	65	0.715066580678956	0.951138070223521
HROV-vOTU11600	Sex	M	0.289794357902199	0.790568695276671	77	66	0.715034093920721	0.951138070223521
HROV-vOTU67786	Smoking_Status	Never_Smoker	0.5678781512227	1.54938068354011	77	57	0.715067500992186	0.951138070223521
HROV-vOTU10512	Sex	M	-0.144000445631356	0.392799648240044	77	10	0.715007490238699	0.951138070223521
HROV-vOTU35376	Age	Age	-0.0698075391684116	0.190497028265665	77	17	0.715119462695048	0.951152250988563
HROV-vOTU44575	Sex	M	-0.407382887210579	1.11234636115522	77	35	0.715276977266914	0.951284228263128
HROV-vOTU51722	diagnosis	RA	-0.188667766769081	0.515275797307192	77	16	0.715342608122486	0.951284228263128
HROV-vOTU31272	Age	Age	-0.065476381380975	0.17880595368361	77	13	0.715314592279558	0.951284228263128
HROV-vOTU20558	Smoking_Status	Former_Smoker	0.745981954353207	2.03800313949505	77	48	0.715426830574048	0.951341296155686
HROV-vOTU45542	Age	Age	0.122472433247411	0.334703267966469	77	47	0.715517658115049	0.951352212134956
HROV-vOTU41617	Age	Age	0.0424700319821827	0.116055416970913	77	11	0.715493383497035	0.951352212134956
HROV-vOTU15154	Smoking_Status	Never_Smoker	0.206216325366469	0.56367449476764	77	11	0.715570068226133	0.95136697097609
HROV-vOTU31463	Age	Age	0.103206365748292	0.28218532539867	77	39	0.715646788799428	0.951414047569752
HROV-vOTU51034	Smoking_Status	Never_Smoker	-0.276548563152001	0.756541106630394	77	72	0.715792659675676	0.951546609459895
HROV-vOTU01415	Sex	M	0.31302477736731	0.856833468085256	77	71	0.715953089393012	0.951546609459895
HROV-vOTU26256	Sex	M	-0.199577609531809	0.546280364659283	77	66	0.715944380239824	0.951546609459895
HROV-vOTU75194	Sex	M	0.275367852305773	0.753550893542462	77	46	0.715879097610379	0.951546609459895
HROV-vOTU02547	diagnosis	RA	0.09714204477827	0.265871084151656	77	9	0.715919431906318	0.951546609459895
HROV-vOTU14169	Sex	M	-0.234562302843915	0.643309977853705	77	73	0.716480454746085	0.951582759267721
HROV-vOTU42137	Smoking_Status	Former_Smoker	-0.599767808633025	1.64681277228	77	54	0.716791701108831	0.951582759267721
HROV-vOTU06163	Age	Age	-0.127647480451447	0.3499603118955	77	71	0.716383386384657	0.951582759267721
HROV-vOTU19365	diagnosis	RA	0.161099001767626	0.441228641822397	77	11	0.716111286738293	0.951582759267721
HROV-vOTU16928	Smoking_Status	Never_Smoker	-0.17574777181979	0.482510162647817	77	10	0.716763996607034	0.951582759267721
HROV-vOTU27154	Smoking_Status	Never_Smoker	-0.408000959478979	1.11913292808625	77	37	0.716516908744413	0.951582759267721
HROV-vOTU62944	Sex	M	0.422935093105248	1.16222531108702	77	46	0.717013270585009	0.951582759267721
HROV-vOTU43325	Age	Age	-0.088211253759199	0.242088389644636	77	13	0.716660063488304	0.951582759267721
HROV-vOTU01633	diagnosis	RA	0.240938056335901	0.661010906492924	77	28	0.716568527675019	0.951582759267721
HROV-vOTU06205	Smoking_Status	Former_Smoker	0.517195442523615	1.42063549697712	77	30	0.716895732439555	0.951582759267721
HROV-vOTU49134	Smoking_Status	Former_Smoker	-0.661662319870167	1.81594468848841	77	46	0.716670195926857	0.951582759267721
HROV-vOTU31355	Sex	M	-0.380533861598189	1.04451967056149	77	27	0.716705806444387	0.951582759267721
HROV-vOTU24358	Age	Age	-0.105643047850448	0.289597613857893	77	13	0.7163506176824	0.951582759267721
HROV-vOTU64314	Age	Age	-0.0622339774140007	0.170469650013376	77	14	0.716141689984552	0.951582759267721
HROV-vOTU47480	diagnosis	RA	-0.270563816314369	0.742796506467039	77	31	0.716753708488454	0.951582759267721
HROV-vOTU24790	Sex	M	-0.263484229751727	0.723881135485501	77	42	0.716948489340163	0.951582759267721
HROV-vOTU53502	Smoking_Status	Never_Smoker	0.330831584530834	0.909002430699853	77	33	0.716976806785784	0.951582759267721
HROV-vOTU14680	diagnosis	RA	0.164117004899544	0.449942166367035	77	17	0.716381241797806	0.951582759267721
HROV-vOTU01013	Smoking_Status	Former_Smoker	0.225314654009212	0.618978765593376	77	9	0.716932088549685	0.951582759267721
HROV-vOTU46735	Age	Age	-0.0786696464571209	0.21581150342216401	77	21	0.71654617299371	0.951582759267721
HROV-vOTU22561	Age	Age	-0.0528112735473738	0.145106540052036	77	11	0.716978219028212	0.951582759267721
HROV-vOTU49708	Smoking_Status	Never_Smoker	0.247382344298245	0.679789743968806	77	19	0.717006604761906	0.951582759267721
HROV-vOTU43081	diagnosis	RA	0.158296027337096	0.434050236629242	77	12	0.71642298162675	0.951582759267721
HROV-vOTU40104	diagnosis	RA	0.116076024844411	0.317890219555901	77	9	0.716088664162005	0.951582759267721
HROV-vOTU44298	diagnosis	RA	-0.0757289334465555	0.207678677882976	77	8	0.716460484199169	0.951582759267721
HROV-vOTU57623	Smoking_Status	Never_Smoker	0.473392421089717	1.30201555431019	77	40	0.717248834486734	0.951800817640134
HROV-vOTU58202	Age	Age	-0.128057643340934	0.352223792924201	77	62	0.717260234048829	0.951800817640134
HROV-vOTU25803	Smoking_Status	Never_Smoker	-0.278795801560146	0.767506499972938	77	73	0.717498338495629	0.951905261707012
HROV-vOTU34848	Sex	M	-0.377026358445611	1.03826929415655	77	46	0.717586940881261	0.951905261707012
HROV-vOTU12841	Smoking_Status	Never_Smoker	-0.458501256915292	1.26233592853239	77	46	0.717522334868242	0.951905261707012
HROV-vOTU07984	Sex	M	-0.154180396482897	0.424411725068042	77	10	0.717474938932037	0.951905261707012
HROV-vOTU71313	Smoking_Status	Never_Smoker	-0.331326666314962	0.91183904607525	77	19	0.717414953328396	0.951905261707012
HROV-vOTU44910	diagnosis	RA	-0.139347554462841	0.383738777403761	77	21	0.717585721653071	0.951905261707012
HROV-vOTU07672	Smoking_Status	Never_Smoker	0.335384978167663	0.930932124352479	77	33	0.719716337770612	0.951983385644524
HROV-vOTU08556	Sex	M	-0.228694411813673	0.631414873171261	77	74	0.718283217563963	0.951983385644524
HROV-vOTU07124	diagnosis	RA	-0.215358261166423	0.598563711768733	77	42	0.720070898408789	0.951983385644524
HROV-vOTU00253	Age	Age	-0.0970840722862567	0.26963725761376	77	67	0.719875328894821	0.951983385644524
HROV-vOTU56948	Sex	M	0.3532058976476	0.981207511722694	77	41	0.719937667392864	0.951983385644524
HROV-vOTU31834	Smoking_Status	Never_Smoker	-0.245509719726414	0.682525403690613	77	22	0.720133370557747	0.951983385644524
HROV-vOTU09783	Smoking_Status	Never_Smoker	-0.376930655904405	1.04885673217554	77	34	0.720382794732124	0.951983385644524
HROV-vOTU64884	Age	Age	-0.0569426338718873	0.15804339693697	77	73	0.719694347154184	0.951983385644524
HROV-vOTU09585	Smoking_Status	Former_Smoker	0.648343377542772	1.79424785486347	77	56	0.718914256462367	0.951983385644524
HROV-vOTU08878	diagnosis	RA	0.23695301846266	0.6572998853251	77	41	0.71954762956218	0.951983385644524
HROV-vOTU14163	Age	Age	0.0709743531992328	0.196674289159395	77	71	0.719266244413925	0.951983385644524
HROV-vOTU09376	Smoking_Status	Never_Smoker	0.151726143849263	0.418644110889876	77	10	0.718112740206248	0.951983385644524
HROV-vOTU26648	Age	Age	0.102303256224368	0.282653137005088	77	32	0.718472457660047	0.951983385644524
HROV-vOTU35376	Smoking_Status	Never_Smoker	0.229430135582057	0.636009718012151	77	17	0.719369603325224	0.951983385644524
HROV-vOTU20020	Age	Age	-0.0759706246345384	0.210979991832004	77	69	0.719852895024281	0.951983385644524
HROV-vOTU57904	Smoking_Status	Former_Smoker	-0.474347245402252	1.31212873424033	77	53	0.718792070544833	0.951983385644524
HROV-vOTU72267	Age	Age	-0.128170011429996	0.356704893213455	77	29	0.720424656363801	0.951983385644524
HROV-vOTU68801	Smoking_Status	Never_Smoker	-0.370657689150188	1.03149772857569	77	59	0.7204077841268	0.951983385644524
HROV-vOTU03114	Smoking_Status	Former_Smoker	-0.417998001090936	1.15206993465193	77	23	0.717814663016371	0.951983385644524
HROV-vOTU40808	Sex	M	-0.291921382226412	0.809456153956517	77	59	0.719440161088254	0.951983385644524
HROV-vOTU26023	diagnosis	RA	-0.153626842704836	0.426637814953641	77	72	0.719850837702255	0.951983385644524
HROV-vOTU23169	diagnosis	RA	-0.187461552999168	0.516824361101124	77	39	0.717893027033191	0.951983385644524
HROV-vOTU02863	Smoking_Status	Former_Smoker	-0.246378139415509	0.68278298296792	77	10	0.719287502062259	0.951983385644524
HROV-vOTU74522	Sex	M	-0.320900145785839	0.886844739883453	77	38	0.718542720813647	0.951983385644524
HROV-vOTU10093	diagnosis	RA	0.114382489654296	0.318022148942228	77	8	0.720162783677065	0.951983385644524
HROV-vOTU37604	Age	Age	-0.0926439752762408	0.257635572363233	77	46	0.720218787964892	0.951983385644524
HROV-vOTU08333	Sex	M	0.391400697969874	1.07995318305846	77	31	0.718111974780012	0.951983385644524
HROV-vOTU57650	Sex	M	0.206787755848299	0.575218783589597	77	19	0.720292518672224	0.951983385644524
HROV-vOTU30252	diagnosis	RA	-0.141787033746426	0.394082106814053	77	44	0.720071732032916	0.951983385644524
HROV-vOTU33181	diagnosis	RA	-0.120648359407374	0.334479471149202	77	18	0.719391092332831	0.951983385644524
HROV-vOTU21222	Smoking_Status	Never_Smoker	0.269280290611427	0.742735641675255	77	9	0.718016584561017	0.951983385644524
HROV-vOTU07559	Age	Age	-0.152207211881784	0.423652648885519	77	39	0.720456727242658	0.951983385644524
HROV-vOTU05286	Smoking_Status	Never_Smoker	0.235492677899572	0.650530737486113	77	19	0.718426606663831	0.951983385644524
HROV-vOTU08302	Smoking_Status	Former_Smoker	-0.357535378632452	0.989206806966525	77	14	0.718846582435152	0.951983385644524
HROV-vOTU60666	diagnosis	RA	-0.168649926294824	0.465314204400792	77	56	0.718097585390018	0.951983385644524
HROV-vOTU20305	Smoking_Status	Never_Smoker	0.274316854820873	0.76237588907638	77	9	0.720051041835118	0.951983385644524
HROV-vOTU37401	Sex	M	0.223387670041715	0.617588113652585	77	31	0.718643164637456	0.951983385644524
HROV-vOTU38135	Sex	M	0.178746800647227	0.495531605688776	77	11	0.719381840434831	0.951983385644524
HROV-vOTU52099	Smoking_Status	Former_Smoker	0.657400785682536	1.82588265598663	77	55	0.719881950881373	0.951983385644524
HROV-vOTU12871	Age	Age	-0.0748991016549737	0.20683636652946	77	14	0.718339695836298	0.951983385644524
HROV-vOTU65619	Smoking_Status	Former_Smoker	-0.68860741220171	1.90687161314658	77	55	0.719082880085494	0.951983385644524
HROV-vOTU19602	Age	Age	-0.101363512477826	0.281277160542838	77	24	0.719641234861124	0.951983385644524
HROV-vOTU10296	Age	Age	0.144210917266169	0.39949636511847	77	27	0.719184932070024	0.951983385644524
HROV-vOTU51722	Smoking_Status	Former_Smoker	-0.44776861285034	1.24249668305041	77	16	0.719634299175753	0.951983385644524
HROV-vOTU35245	Smoking_Status	Former_Smoker	0.430089274118099	1.19478660171439	77	22	0.719936935538279	0.951983385644524
HROV-vOTU28506	Smoking_Status	Former_Smoker	0.41600497640089	1.14704419316966	77	38	0.717924620459398	0.951983385644524
HROV-vOTU35902	Age	Age	-0.102096793692576	0.283277965157933	77	23	0.719609032372097	0.951983385644524
HROV-vOTU37012	Age	Age	0.106742939282149	0.296662663677841	77	45	0.720055406084591	0.951983385644524
HROV-vOTU14206	Smoking_Status	Former_Smoker	0.315286358401847	0.873588848782168	77	20	0.719238878653304	0.951983385644524
HROV-vOTU38642	Sex	M	0.425114291605752	1.17971554584755	77	50	0.719652835195526	0.951983385644524
HROV-vOTU36113	Age	Age	0.0795640864117001	0.219575788678103	77	14	0.718164140411215	0.951983385644524
HROV-vOTU73192	diagnosis	RA	0.225088457124312	0.623490218113381	77	34	0.719161253656842	0.951983385644524
HROV-vOTU23782	Smoking_Status	Former_Smoker	-0.353274836865275	0.973333443411301	77	28	0.717717900330995	0.951983385644524
HROV-vOTU06266	Smoking_Status	Never_Smoker	0.203972316877487	0.567017075164224	77	15	0.72011781474923	0.951983385644524
HROV-vOTU22561	Sex	M	-0.135738747441052	0.374331040646423	77	11	0.717968334677076	0.951983385644524
HROV-vOTU30169	Smoking_Status	Never_Smoker	-0.341903646501318	0.949146714679977	77	31	0.719750430189379	0.951983385644524
HROV-vOTU64175	Sex	M	0.145845539435981	0.403892649133522	77	10	0.719097136543042	0.951983385644524
HROV-vOTU65027	diagnosis	RA	0.263709480641433	0.733955654493689	77	14	0.720437862633846	0.951983385644524
HROV-vOTU45071	Smoking_Status	Former_Smoker	0.325985439689606	0.901071786116611	77	18	0.718594486303338	0.951983385644524
HROV-vOTU35161	Smoking_Status	Former_Smoker	-0.305751896653654	0.843765956595674	77	8	0.718155120596474	0.951983385644524
HROV-vOTU19339	diagnosis	RA	0.205274072592405	0.571265068086597	77	32	0.720412903264552	0.951983385644524
HROV-vOTU12076	Smoking_Status	Former_Smoker	-0.296096912657846	0.820436159704425	77	8	0.719244453314194	0.951983385644524
HROV-vOTU70637	diagnosis	RA	-0.0900281768324371	0.248922271561437	77	9	0.718671404371277	0.951983385644524
HROV-vOTU21900	diagnosis	RA	-0.114783593253075	0.319065762941679	77	13	0.720102691260046	0.951983385644524
HROV-vOTU70426	Smoking_Status	Never_Smoker	0.156545851748091	0.432830513718594	77	9	0.718665830965233	0.951983385644524
HROV-vOTU67290	Smoking_Status	Former_Smoker	0.225823689702514	0.627357134192005	77	9	0.719945334885314	0.951983385644524
HROV-vOTU66047	Age	Age	-0.0911950811050301	0.252119399956984	77	20	0.718640140664293	0.951983385644524
HROV-vOTU12830	Smoking_Status	Former_Smoker	-0.399133487430633	1.1090490102854	77	15	0.71999916207365	0.951983385644524
HROV-vOTU13745	Smoking_Status	Never_Smoker	-0.502260637475233	1.39937587106981	77	61	0.720721871791968	0.952057289272639
HROV-vOTU56707	Smoking_Status	Never_Smoker	-0.38062222235382	1.06069106584412	77	31	0.720776980622401	0.952057289272639
HROV-vOTU60097	Sex	M	-0.162490709654044	0.452937600929522	77	26	0.720847793707148	0.952057289272639
HROV-vOTU75484	Age	Age	0.129250255663813	0.360191059368849	77	38	0.72078113349903	0.952057289272639
HROV-vOTU74522	diagnosis	RA	-0.240986214358271	0.671938065752042	77	38	0.720926055910792	0.952057289272639
HROV-vOTU28044	Age	Age	0.0693499824681115	0.193146369364297	77	8	0.720620258098304	0.952057289272639
HROV-vOTU19163	Age	Age	-0.0397795658604624	0.110819571685531	77	9	0.720691824483113	0.952057289272639
HROV-vOTU31042	Smoking_Status	Former_Smoker	0.542528153419122	1.51138057193574	77	33	0.720688824555688	0.952057289272639
HROV-vOTU30770	Age	Age	-0.0922956729433742	0.257308330001358	77	30	0.720886350640179	0.952057289272639
HROV-vOTU46569	Smoking_Status	Former_Smoker	0.236504832237538	0.659291623354768	77	17	0.720864837128625	0.952057289272639
HROV-vOTU40697	diagnosis	RA	-0.106644513089218	0.297483934594113	77	8	0.721041657859808	0.95215172635053
HROV-vOTU25898	diagnosis	RA	0.243616313679592	0.679769045427012	77	20	0.721121598393658	0.95215172635053
HROV-vOTU70587	Smoking_Status	Former_Smoker	-0.192294755977959	0.536509301632806	77	9	0.721093808203994	0.95215172635053
HROV-vOTU32342	Sex	M	0.256638842996267	0.716226716331259	77	35	0.721166541854368	0.952156478754004
HROV-vOTU69775	Sex	M	-0.262055947839984	0.731701279667128	77	16	0.721296621190473	0.952164460966216
HROV-vOTU22382	Smoking_Status	Never_Smoker	-0.331194994528199	0.92468996991594	77	21	0.721279778839011	0.952164460966216
HROV-vOTU30449	diagnosis	RA	0.120611144934891	0.336692559350454	77	8	0.721239035504879	0.952164460966216
HROV-vOTU27306	Age	Age	0.0923570632951236	0.257977337665842	77	71	0.721402067454305	0.952205522545827
HROV-vOTU62203	Smoking_Status	Former_Smoker	0.404515518220806	1.13012777535234	77	20	0.721451765649246	0.952205522545827
HROV-vOTU03570	Smoking_Status	Former_Smoker	-0.457987739875822	1.27948015045688	77	25	0.721443990006371	0.952205522545827
HROV-vOTU29841	Smoking_Status	Former_Smoker	-0.550921232496663	1.54040569469794	77	69	0.721668619476386	0.952296339114102
HROV-vOTU08281	Sex	M	0.323527929691389	0.905009036697958	77	52	0.721788589388699	0.952296339114102
HROV-vOTU45376	Smoking_Status	Former_Smoker	-0.277341303020833	0.776234449387268	77	19	0.721934076621499	0.952296339114102
HROV-vOTU36712	diagnosis	RA	0.0824107384725048	0.230625370227482	77	10	0.721900298862046	0.952296339114102
HROV-vOTU10491	Sex	M	0.327258322455323	0.914930678015177	77	38	0.721639090997508	0.952296339114102
HROV-vOTU30252	Age	Age	-0.0720554861043032	0.201621207372261	77	44	0.721867112386861	0.952296339114102
HROV-vOTU06106	Sex	M	0.205267007101566	0.574396930828039	77	24	0.721881709191147	0.952296339114102
HROV-vOTU33484	Smoking_Status	Never_Smoker	0.206345399779194	0.577009596310147	77	10	0.721694785327071	0.952296339114102
HROV-vOTU29218	Age	Age	-0.0401464089463725	0.112327027200889	77	10	0.721847733569159	0.952296339114102
HROV-vOTU70612	Smoking_Status	Former_Smoker	-0.252151925268416	0.705708659799059	77	9	0.721924754842717	0.952296339114102
HROV-vOTU03192	Smoking_Status	Former_Smoker	-0.680363061220921	1.90649904988437	77	63	0.722251217582406	0.952605551854007
HROV-vOTU46097	diagnosis	RA	-0.194106101973143	0.54389553745741	77	73	0.722239237111129	0.952605551854007
HROV-vOTU34791	Age	Age	0.0685566897481817	0.192214546609887	77	18	0.722398518100801	0.952690710179318
HROV-vOTU09307	Smoking_Status	Former_Smoker	-0.302765971671789	0.848831177463007	77	9	0.72238495619162	0.952690710179318
HROV-vOTU35803	Smoking_Status	Former_Smoker	-0.484917910898899	1.35982133874117	77	20	0.722445786150982	0.952698491471434
HROV-vOTU66534	Smoking_Status	Never_Smoker	-0.247691487911037	0.695196035632346	77	20	0.72267987944874	0.952952626607757
HROV-vOTU00760	Smoking_Status	Former_Smoker	-0.274803941413947	0.771660568492664	77	10	0.722806553849288	0.95305603356406
HROV-vOTU54203	Sex	M	-0.266592108652207	0.749046143598603	77	31	0.722964210821873	0.95305603356406
HROV-vOTU21315	Sex	M	-0.245665219025679	0.69025029392463	77	20	0.72296521521338	0.95305603356406
HROV-vOTU30231	Sex	M	0.119355653961563	0.335278011646751	77	10	0.722903581570332	0.95305603356406
HROV-vOTU27155	diagnosis	RA	0.0805567819299298	0.226246423234323	77	9	0.722853176509005	0.95305603356406
HROV-vOTU53100	Sex	M	-0.239219764654968	0.672263197065958	77	27	0.723013701104858	0.953065396167643
HROV-vOTU03693	Smoking_Status	Never_Smoker	-0.401586663886927	1.12995745775638	77	71	0.723343775984782	0.953249454641291
HROV-vOTU36805	Smoking_Status	Never_Smoker	-0.153802746971345	0.433124943577403	77	77	0.723567247789162	0.953249454641291
HROV-vOTU27058	Age	Age	-0.054562066203074	0.153506956333865	77	76	0.723315969838751	0.953249454641291
HROV-vOTU39467	Smoking_Status	Former_Smoker	0.384501982577489	1.08274347649326	77	75	0.7235537628084	0.953249454641291
HROV-vOTU11143	Sex	M	0.268566020154768	0.755615680376722	77	36	0.723323688305167	0.953249454641291
HROV-vOTU43325	diagnosis	RA	0.16808961300633599	0.473177915506845	77	13	0.723466289643072	0.953249454641291
HROV-vOTU20008	diagnosis	RA	-0.244971867691894	0.689792119651637	77	61	0.723538529063184	0.953249454641291
HROV-vOTU55097	Smoking_Status	Former_Smoker	-0.346855430512306	0.976362654745599	77	8	0.723453521696494	0.953249454641291
HROV-vOTU41896	Smoking_Status	Former_Smoker	0.254996392646404	0.717166659928671	77	9	0.723223669105418	0.953249454641291
HROV-vOTU42142	Sex	M	-0.143486544105818	0.40375829520371	77	17	0.723360541843894	0.953249454641291
HROV-vOTU30007	Sex	M	-0.172233202629882	0.485181494203487	77	76	0.72365154847099	0.953251453485495
HROV-vOTU12682	diagnosis	RA	-0.155604448705297	0.438334255513345	77	18	0.723649141469608	0.953251453485495
HROV-vOTU49263	Age	Age	0.0476241112847796	0.134255338742909	77	77	0.723844962079294	0.953266170718841
HROV-vOTU13303	Smoking_Status	Former_Smoker	-0.329513002170577	0.928683069725639	77	20	0.723778108616335	0.953266170718841
HROV-vOTU27624	Sex	M	0.293739221168801	0.828107910988612	77	55	0.72385733943013	0.953266170718841
HROV-vOTU27047	diagnosis	RA	-0.255732147432326	0.72087858758035706	77	48	0.723827974038137	0.953266170718841
HROV-vOTU34094	Smoking_Status	Former_Smoker	-0.335661638872583	0.946339492321128	77	19	0.723869682741254	0.953266170718841
HROV-vOTU10339	Smoking_Status	Former_Smoker	0.512514712993549	1.44622374499511	77	20	0.724103485209934	0.953313612568497
HROV-vOTU49365	Smoking_Status	Former_Smoker	0.33290412133893	0.939574945393567	77	71	0.724154074610217	0.953313612568497
HROV-vOTU31641	Age	Age	-0.142627325767596	0.402427042998364	77	28	0.724076251485178	0.953313612568497
HROV-vOTU65200	Smoking_Status	Former_Smoker	0.520912236903534	1.46998663870414	77	24	0.72411546425776	0.953313612568497
HROV-vOTU16457	Smoking_Status	Former_Smoker	-0.421769447319227	1.18952856656119	77	12	0.723963802297534	0.953313612568497
HROV-vOTU52334	Smoking_Status	Former_Smoker	0.691687630617316	1.95103348125112	77	23	0.72399727095644	0.953313612568497
HROV-vOTU43948	diagnosis	RA	-0.142677878301988	0.40297112000008	77	30	0.724339682191029	0.953495135272315
HROV-vOTU42914	Age	Age	0.0634262562644104	0.179161230575994	77	18	0.724374767117864	0.953495135272315
HROV-vOTU06874	diagnosis	RA	-0.107717748243911	0.304325004332827	77	9	0.724420632418827	0.953501009579105
HROV-vOTU64525	Smoking_Status	Never_Smoker	-0.442206898406989	1.24964559846966	77	50	0.724488117555211	0.953535338169877
HROV-vOTU51034	Smoking_Status	Former_Smoker	-0.377600574515654	1.06797966407308	77	72	0.724712383917773	0.953538493396078
HROV-vOTU03133	diagnosis	RA	-0.198073288238831	0.560488295258756	77	26	0.724840127519611	0.953538493396078
HROV-vOTU74870	diagnosis	RA	-0.173366862839724	0.490655091490131	77	22	0.724882383000579	0.953538493396078
HROV-vOTU59729	Smoking_Status	Former_Smoker	0.364067253531491	1.03025561021234	77	19	0.724853933991539	0.953538493396078
HROV-vOTU48533	Age	Age	0.0909223501822718	0.257345981057285	77	24	0.724904556768499	0.953538493396078
HROV-vOTU10505	Age	Age	-0.0784554033037289	0.221834837204877	77	30	0.724637372671307	0.953538493396078
HROV-vOTU04671	Age	Age	-0.11159764350524	0.315605128399522	77	43	0.724687284801097	0.953538493396078
HROV-vOTU29574	Age	Age	-0.0735932076072383	0.208106579292745	77	8	0.724662402415945	0.953538493396078
HROV-vOTU64126	Smoking_Status	Former_Smoker	0.238989539258954	0.676323816193575	77	10	0.724861475379054	0.953538493396078
HROV-vOTU21972	diagnosis	RA	-0.114688245549669	0.324582088900309	77	13	0.724879603357396	0.953538493396078
HROV-vOTU63277	Sex	M	0.197700452510854	0.561504869185117	77	72	0.725813422502554	0.953583684367486
HROV-vOTU21801	diagnosis	RA	0.184514600918817	0.52383363955317	77	41	0.725702491707586	0.953583684367486
HROV-vOTU05478	Age	Age	-0.0643289775739286	0.183066311203252	77	73	0.726331105894075	0.953583684367486
HROV-vOTU09249	Smoking_Status	Never_Smoker	-0.3509768474836	0.995084162597816	77	21	0.72535026566967	0.953583684367486
HROV-vOTU02712	Sex	M	-0.261471659836529	0.743764094523644	77	70	0.726215542195978	0.953583684367486
HROV-vOTU41996	Sex	M	-0.138669201381884	0.39400970745376	77	17	0.72592299755514	0.953583684367486
HROV-vOTU04498	Age	Age	-0.171998477180282	0.487778481678512	77	52	0.725421004545206	0.953583684367486
HROV-vOTU38862	Smoking_Status	Former_Smoker	0.553600673173692	1.5688042016386	77	49	0.725223398014656	0.953583684367486
HROV-vOTU74367	Smoking_Status	Former_Smoker	-0.326199993320714	0.925221012516797	77	74	0.725459494290774	0.953583684367486
HROV-vOTU07600	Sex	M	0.382632407339791	1.08716317098722	77	60	0.725914570422091	0.953583684367486
HROV-vOTU69332	Sex	M	0.230228487892686	0.654507681868536	77	69	0.726061406737243	0.953583684367486
HROV-vOTU64702	diagnosis	RA	-0.207291012565969	0.589539288240291	77	26	0.726168199877182	0.953583684367486
HROV-vOTU03562	Sex	M	-0.354133968566627	1.00370190412842	77	68	0.725262837009226	0.953583684367486
HROV-vOTU65018	Sex	M	0.220211867381236	0.623795304242008	77	17	0.725119812303196	0.953583684367486
HROV-vOTU14110	Age	Age	0.0929546899423728	0.264544617142194	77	33	0.726346721284171	0.953583684367486
HROV-vOTU75151	Sex	M	-0.110945572324132	0.314479391654446	77	10	0.725290159187333	0.953583684367486
HROV-vOTU63137	diagnosis	RA	-0.128150975655893	0.364566937798529	77	18	0.726242611311114	0.953583684367486
HROV-vOTU60079	Smoking_Status	Never_Smoker	0.288982249105492	0.821837611177863	77	35	0.726157658579893	0.953583684367486
HROV-vOTU30640	Sex	M	-0.293513324021627	0.831297547449823	77	16	0.725075696818376	0.953583684367486
HROV-vOTU21175	Smoking_Status	Former_Smoker	-0.446169399675643	1.26855889445467	77	10	0.726094772384761	0.953583684367486
HROV-vOTU62131	diagnosis	RA	-0.0898322724869488	0.255390440322692	77	12	0.726071425106766	0.953583684367486
HROV-vOTU08351	Sex	M	0.177819399043086	0.504573735299886	77	9	0.725570966381567	0.953583684367486
HROV-vOTU43248	Smoking_Status	Former_Smoker	-0.50211348324869	1.42243784596302	77	16	0.725138034564315	0.953583684367486
HROV-vOTU01432	Age	Age	-0.130442853845358	0.369941913123859	77	50	0.725430224183662	0.953583684367486
HROV-vOTU12146	Smoking_Status	Never_Smoker	-0.244958598590127	0.696997223934723	77	19	0.726292777060508	0.953583684367486
HROV-vOTU31098	Sex	M	0.219984003166873	0.625675836407134	77	15	0.72618392129314	0.953583684367486
HROV-vOTU70085	Smoking_Status	Former_Smoker	-0.4263929868314	1.20821673689855	77	17	0.725200749259465	0.953583684367486
HROV-vOTU71692	diagnosis	RA	-0.1721987732705	0.489956248006547	77	20	0.72628606070328094	0.953583684367486
HROV-vOTU35803	Smoking_Status	Never_Smoker	0.338695423780312	0.963277462145075	77	20	0.726174119556451	0.953583684367486
HROV-vOTU23376	diagnosis	RA	-0.0972858394780542	0.27573667204729	77	9	0.72526752922868	0.953583684367486
HROV-vOTU72389	diagnosis	RA	-0.129915929496611	0.36935192790425603	77	10	0.726074881482313	0.953583684367486
HROV-vOTU75876	Sex	M	-0.268654271448695	0.763674198919897	77	14	0.726036413880947	0.953583684367486
HROV-vOTU72573	Smoking_Status	Former_Smoker	0.307324217723672	0.874495644320067	77	14	0.726306379183155	0.953583684367486
HROV-vOTU68761	Age	Age	0.0652216697761049	0.185257873067618	77	11	0.725836967919626	0.953583684367486
HROV-vOTU58365	Smoking_Status	Never_Smoker	-0.464784817228772	1.32305033208276	77	40	0.726405215938923	0.953597459802732
HROV-vOTU59771	diagnosis	RA	-0.137525922204376	0.391540369766526	77	12	0.726446022473267	0.953597459802732
HROV-vOTU04210	diagnosis	RA	-0.104776731899664	0.298342726263331	77	8	0.726481434313458	0.953597459802732
HROV-vOTU07321	Age	Age	0.082678344349552	0.235988102672374	77	76	0.727113600501903	0.953831026041336
HROV-vOTU08541	Smoking_Status	Never_Smoker	0.361635151779599	1.03154043285218	77	32	0.726943148120891	0.953831026041336
HROV-vOTU55957	Age	Age	0.0275303425464998	0.0785420342184695	77	76	0.726988322642223	0.953831026041336
HROV-vOTU27546	Smoking_Status	Former_Smoker	0.23855761657675	0.680118091126378	77	74	0.72680768102682	0.953831026041336
HROV-vOTU45611	diagnosis	RA	-0.126698582939876	0.361483522396293	77	26	0.727004131159301	0.953831026041336
HROV-vOTU17856	Smoking_Status	Never_Smoker	0.344191729918967	0.981010374157427	77	26	0.726736555452479	0.953831026041336
HROV-vOTU36677	Age	Age	-0.136959002712221	0.390602639140432	77	53	0.726900309448939	0.953831026041336
HROV-vOTU02433	diagnosis	RA	0.0859441605536168	0.245349786866368	77	10	0.727156375345538	0.953831026041336
HROV-vOTU37097	Sex	M	0.089835288136249	0.256444037712357	77	9	0.727142110517093	0.953831026041336
HROV-vOTU16565	diagnosis	RA	0.066269826214044	0.188924077190529	77	9	0.726795877978691	0.953831026041336
HROV-vOTU66429	Smoking_Status	Former_Smoker	0.201276218285112	0.574418527012854	77	8	0.727076010464937	0.953831026041336
HROV-vOTU10594	Smoking_Status	Former_Smoker	-0.289213473432828	0.824691875488149	77	9	0.726857244625171	0.953831026041336
HROV-vOTU05887	Sex	M	0.240194008801122	0.685843179680639	77	14	0.727212622372292	0.95385047802904
HROV-vOTU22252	Smoking_Status	Never_Smoker	-0.310428119292631	0.887050131994439	77	74	0.727408053714021	0.953889504443338
HROV-vOTU39652	Age	Age	0.0860085071811237	0.245748425658733	77	67	0.72738530618226	0.953889504443338
HROV-vOTU43584	Smoking_Status	Former_Smoker	0.702126327727058	2.00584093360918	77	30	0.727344293122625	0.953889504443338
HROV-vOTU43341	Sex	M	-0.26305224449324	0.751624190992535	77	39	0.727390968554614	0.953889504443338
HROV-vOTU26021	Smoking_Status	Never_Smoker	-0.367158345437661	1.04951621207634	77	63	0.727497539594209	0.953890986031044
HROV-vOTU04717	Smoking_Status	Former_Smoker	-0.431352824302291	1.23299600141457	77	66	0.727493491254097	0.953890986031044
HROV-vOTU59845	Smoking_Status	Never_Smoker	-0.304985084449953	0.871914689479591	77	14	0.727533442016296	0.953890986031044
HROV-vOTU16373	Smoking_Status	Never_Smoker	0.472501822255841	1.3517446892407	77	43	0.727711419876233	0.954070021618448
HROV-vOTU57796	Age	Age	-0.0878859943935211	0.251502698839754	77	25	0.727790686897537	0.954119628806869
HROV-vOTU30124	Smoking_Status	Never_Smoker	-0.336573890891644	0.963661591064136	77	56	0.727923647233349	0.954130995775983
HROV-vOTU59107	Sex	M	0.303653585878251	0.869231196336864	77	60	0.727871205617371	0.954130995775983
HROV-vOTU16452	Sex	M	0.132917831842124	0.380543654744643	77	10	0.727909887960205	0.954130995775983
HROV-vOTU22789	Sex	M	0.336893438229453	0.965008438330509	77	37	0.728040496840322	0.954229847033898
HROV-vOTU05701	Smoking_Status	Never_Smoker	-0.243980705667561	0.699027070540332	77	63	0.728100548319003	0.954243235694732
HROV-vOTU16108	Smoking_Status	Former_Smoker	-0.449409258762607	1.28776173934446	77	13	0.728133581453041	0.954243235694732
HROV-vOTU65044	Sex	M	0.11270668850484	0.323024971215731	77	11	0.728189381396826	0.954262060633259
HROV-vOTU02493	Age	Age	0.0936885812059998	0.268610293522716	77	23	0.728279200975023	0.954271165137391
HROV-vOTU20106	Sex	M	0.203478163284313	0.583371941324707	77	14	0.72827424110311	0.954271165137391
HROV-vOTU26724	Smoking_Status	Never_Smoker	-0.394680863192264	1.13370261567127	77	62	0.728769359084592	0.95429706151202
HROV-vOTU72475	Age	Age	0.103498235609517	0.297318663457871	77	25	0.728791023981381	0.95429706151202
HROV-vOTU43749	Smoking_Status	Never_Smoker	-0.125266284565349	0.359858756549123	77	14	0.72879621006832	0.95429706151202
HROV-vOTU56128	Smoking_Status	Never_Smoker	0.442321310392686	1.26934171355493	77	41	0.728522074221734	0.95429706151202
HROV-vOTU22520	Smoking_Status	Former_Smoker	-0.325509323278875	0.934061335656209	77	12	0.728504841647082	0.95429706151202
HROV-vOTU44129	Smoking_Status	Never_Smoker	0.545707971099409	1.56509587746097	77	32	0.728366039350433	0.95429706151202
HROV-vOTU08951	diagnosis	RA	-0.175249873417525	0.50320833691619	77	37	0.728671664048295	0.95429706151202
HROV-vOTU30687	diagnosis	RA	-0.187625339677359	0.538798837346675	77	22	0.72869867033563	0.95429706151202
HROV-vOTU74251	diagnosis	RA	-0.190304678359201	0.545893321943697	77	13	0.728412651386178	0.95429706151202
HROV-vOTU64253	Smoking_Status	Never_Smoker	0.242261321249722	0.695119023432101	77	15	0.72848272137769	0.95429706151202
HROV-vOTU60573	Sex	M	0.342054509865801	0.98215577568395	77	18	0.728668629750087	0.95429706151202
HROV-vOTU48889	diagnosis	RA	0.149662511392534	0.429804795741215	77	13	0.728712501209784	0.95429706151202
HROV-vOTU04498	diagnosis	RA	-0.331769071590554	0.953395598725467	77	52	0.728879725379287	0.954330438396401
HROV-vOTU75148	Smoking_Status	Former_Smoker	0.313490040700453	0.901431081778615	77	73	0.729042375097218	0.954330438396401
HROV-vOTU62491	diagnosis	RA	0.213121268694775	0.61272693417029	77	69	0.729001290980676	0.954330438396401
HROV-vOTU20558	diagnosis	RA	0.293959556324145	0.84518027850161	77	48	0.729014223055714	0.954330438396401
HROV-vOTU01872	diagnosis	RA	-0.205149019805932	0.589657903508695	77	19	0.728935701560667	0.954330438396401
HROV-vOTU40973	Smoking_Status	Never_Smoker	0.159130240081603	0.45762335959194	77	14	0.729070331443608	0.954330438396401
HROV-vOTU35203	Smoking_Status	Former_Smoker	0.39782691929904	1.14445939073523	77	56	0.729160585686331	0.954394332955738
HROV-vOTU23163	Sex	M	-0.226570213586178	0.652072239936028	77	73	0.729272309172426	0.954451053992684
HROV-vOTU72768	Sex	M	-0.324202123409332	0.933408029753334	77	33	0.729369696014644	0.954451053992684
HROV-vOTU73450	Sex	M	0.299329525480809	0.861794467370385	77	26	0.729368778888499	0.954451053992684
HROV-vOTU33744	Smoking_Status	Former_Smoker	-0.4903639415258	1.41153243722043	77	19	0.729319838671805	0.954451053992684
HROV-vOTU66954	Age	Age	-0.0819285587173874	0.236160007271564	77	15	0.729677811396453	0.954488527836896
HROV-vOTU12421	diagnosis	RA	-0.23233644189319	0.669770566675398	77	65	0.729700329649838	0.954488527836896
HROV-vOTU16260	Smoking_Status	Never_Smoker	-0.235109535527425	0.67717464055267	77	9	0.729474217389274	0.954488527836896
HROV-vOTU14756	Smoking_Status	Former_Smoker	-0.325192842448431	0.937680292826573	77	20	0.729763112597004	0.954488527836896
HROV-vOTU27668	Smoking_Status	Former_Smoker	-0.464131342432804	1.33834623913787	77	69	0.72977134164794	0.954488527836896
HROV-vOTU30012	diagnosis	RA	0.145771753722579	0.420220638446077	77	38	0.729697506607816	0.954488527836896
HROV-vOTU21451	Age	Age	0.0591968160510877	0.170611299809622	77	10	0.72964100262593	0.954488527836896
HROV-vOTU15208	diagnosis	RA	-0.178825932782754	0.515136056722211	77	17	0.729510695542198	0.954488527836896
HROV-vOTU26986	Smoking_Status	Never_Smoker	-0.152096915892076	0.438424394244397	77	8	0.729679761850625	0.954488527836896
HROV-vOTU64982	Smoking_Status	Former_Smoker	-0.575651064373062	1.66194752242103	77	39	0.730088017984275	0.954490103406999
HROV-vOTU01886	diagnosis	RA	0.0855342588310012	0.247034631456872	77	77	0.730183328821108	0.954490103406999
HROV-vOTU66091	Smoking_Status	Former_Smoker	0.488580469579278	1.41123459553228	77	70	0.730210390680156	0.954490103406999
HROV-vOTU49128	Smoking_Status	Never_Smoker	0.505274393602842	1.45811537208413	77	42	0.729972592082168	0.954490103406999
HROV-vOTU20641	diagnosis	RA	0.123738389045298	0.357224192504265	77	14	0.730075135171688	0.954490103406999
HROV-vOTU50793	diagnosis	RA	-0.225829181417692	0.652304508509483	77	45	0.730214690114084	0.954490103406999
HROV-vOTU52372	Sex	M	0.285742107526805	0.82540601210906706	77	60	0.730228446892224	0.954490103406999
HROV-vOTU12748	Age	Age	-0.0663446353740975	0.191495964312886	77	26	0.730025844849243	0.954490103406999
HROV-vOTU38618	Sex	M	0.226713137957493	0.654133663022997	77	40	0.729927943771807	0.954490103406999
HROV-vOTU67441	diagnosis	RA	-0.138962131729748	0.400804572772021	77	8	0.729836216550745	0.954490103406999
HROV-vOTU00921	Sex	M	-0.312938263563786	0.903943496559966	77	34	0.730222024304867	0.954490103406999
HROV-vOTU28790	Sex	M	-0.114023752410733	0.329431183801458	77	10	0.730273768822397	0.954495170032906
HROV-vOTU68369	diagnosis	RA	0.150884115605007	0.436556506113146	77	58	0.730647777722111	0.954511992044482
HROV-vOTU45720	diagnosis	RA	0.314341594513207	0.908817108036556	77	32	0.730455755809589	0.954511992044482
HROV-vOTU51369	Sex	M	-0.115601898181378	0.33434573714014	77	10	0.73054882281439	0.954511992044482
HROV-vOTU19800	diagnosis	RA	0.206958018549856	0.598534973731123	77	41	0.730534791291575	0.954511992044482
HROV-vOTU04734	Smoking_Status	Former_Smoker	-0.462736202902065	1.33890686476216	77	42	0.730659657305783	0.954511992044482
HROV-vOTU53941	Sex	M	0.194426675522839	0.562129045163086	77	23	0.730459053657752	0.954511992044482
HROV-vOTU57313	Sex	M	0.167674744876537	0.484650315137402	77	14	0.730387927628592	0.954511992044482
HROV-vOTU48010	Smoking_Status	Never_Smoker	0.129811246802692	0.375378811398409	77	9	0.730505093652099	0.954511992044482
HROV-vOTU20798	Smoking_Status	Former_Smoker	0.283644329374809	0.820595101590384	77	9	0.730622685215111	0.954511992044482
HROV-vOTU07535	Sex	M	-0.237211335927949	0.687332009093095	77	72	0.731025250279924	0.954529566385757
HROV-vOTU04802	Sex	M	-0.213997003072649	0.621536147333113	77	74	0.731635839244952	0.954529566385757
HROV-vOTU32680	Sex	M	-0.2861565007939	0.831711582462335	77	23	0.731820050681135	0.954529566385757
HROV-vOTU07285	diagnosis	RA	-0.241345107747147	0.700667621497571	77	56	0.731525915087153	0.954529566385757
HROV-vOTU09663	Age	Age	0.107483540670844	0.311369489664011	77	72	0.730967523025089	0.954529566385757
HROV-vOTU49263	diagnosis	RA	-0.0905004632661486	0.262411020310748	77	77	0.731203725349231	0.954529566385757
HROV-vOTU67626	diagnosis	RA	0.186249393020293	0.541034995923257	77	32	0.731678450692459	0.954529566385757
HROV-vOTU11718	Sex	M	-0.243972542072439	0.707614053320824	77	76	0.731277566643737	0.954529566385757
HROV-vOTU03667	Smoking_Status	Never_Smoker	0.266836330162304	0.774153075227156	77	72	0.731352670072956	0.954529566385757
HROV-vOTU08868	Smoking_Status	Former_Smoker	-0.543351130845051	1.57441966246125	77	29	0.731030484405389	0.954529566385757
HROV-vOTU51937	Sex	M	-0.220559221605531	0.641239540958598	77	22	0.731894751319274	0.954529566385757
HROV-vOTU23684	Sex	M	0.262015335085031	0.7608686691459	77	36	0.731590895731801	0.954529566385757
HROV-vOTU71934	Sex	M	-0.295658878908212	0.857001971867134	77	11	0.73112026732743	0.954529566385757
HROV-vOTU52407	Smoking_Status	Never_Smoker	0.440523127232831	1.27895635084695	77	43	0.731533907786991	0.954529566385757
HROV-vOTU63216	Age	Age	0.109488708127172	0.318126179748755	77	47	0.731737549939944	0.954529566385757
HROV-vOTU43190	Smoking_Status	Former_Smoker	-0.300747060635313	0.872524408392081	77	26	0.731349288863005	0.954529566385757
HROV-vOTU51059	Smoking_Status	Never_Smoker	0.15564641378138	0.45262736590973	77	10	0.731957974050042	0.954529566385757
HROV-vOTU30012	Age	Age	-0.0739477441495443	0.214994263939565	77	38	0.731898825027541	0.954529566385757
HROV-vOTU39185	Age	Age	-0.115440427310298	0.335290520183026	77	51	0.731638598713181	0.954529566385757
HROV-vOTU69926	diagnosis	RA	0.161744288100693	0.468236265200658	77	8	0.730790179001768	0.954529566385757
HROV-vOTU10264	Smoking_Status	Former_Smoker	0.433376222630266	1.26012456135504	77	32	0.73192637327187	0.954529566385757
HROV-vOTU16562	diagnosis	RA	-0.148069009834353	0.430521110918348	77	13	0.731915629929733	0.954529566385757
HROV-vOTU70272	diagnosis	RA	-0.185145954777723	0.537635825488873	77	32	0.731585541681471	0.954529566385757
HROV-vOTU23727	diagnosis	RA	-0.0928902919675501	0.269373547975989	77	8	0.731235438890517	0.954529566385757
HROV-vOTU23466	Smoking_Status	Never_Smoker	0.152213896043086	0.440764747377317	77	8	0.730859496980672	0.954529566385757
HROV-vOTU18575	Smoking_Status	Former_Smoker	-0.369831927638933	1.0746212634761	77	26	0.731749980917549	0.954529566385757
HROV-vOTU29143	diagnosis	RA	-0.216793807385132	0.630036078775919	77	11	0.731790040886105	0.954529566385757
HROV-vOTU70425	Sex	M	0.177230736373231	0.515167774371491	77	17	0.731844082928659	0.954529566385757
HROV-vOTU27652	Sex	M	-0.197464389780701	0.571713253314446	77	9	0.730821953438695	0.954529566385757
HROV-vOTU27327	diagnosis	RA	0.143607299813481	0.417401052986875	77	12	0.731824731625528	0.954529566385757
HROV-vOTU16452	Age	Age	-0.0507368170468083	0.147514811978709	77	10	0.731905033352856	0.954529566385757
HROV-vOTU73002	Age	Age	-0.113033054747248	0.32883410063896	77	56	0.732058574539734	0.954556906715674
HROV-vOTU10396	Sex	M	-0.159118370411243	0.462985236019625	77	14	0.732103284555751	0.954556906715674
HROV-vOTU62071	diagnosis	RA	0.122536023250135	0.356500988735781	77	21	0.732073732280964	0.954556906715674
HROV-vOTU58320	Smoking_Status	Never_Smoker	-0.291962991972065	0.850200707912056	77	73	0.732308762077757	0.954739650146969
HROV-vOTU32964	Smoking_Status	Never_Smoker	0.291643094012131	0.84942779630967	77	69	0.732356796347846	0.954739650146969
HROV-vOTU24656	Smoking_Status	Never_Smoker	-0.231039455730101	0.67294492853369	77	13	0.732367809791418	0.954739650146969
HROV-vOTU75566	Smoking_Status	Never_Smoker	0.290068397157328	0.845156233307105	77	14	0.732452593973395	0.954742089608743
HROV-vOTU43917	Sex	M	-0.142221763303821	0.414328447690106	77	10	0.732418325161448	0.954742089608743
HROV-vOTU60555	Smoking_Status	Former_Smoker	-0.38150681657762	1.111917635473	77	71	0.732531743907576	0.954791219774265
HROV-vOTU06937	Sex	M	0.177310189530291	0.516894257769125	77	12	0.732589552724068	0.954812529668097
HROV-vOTU20963	diagnosis	RA	0.255490036564325	0.745236045997235	77	21	0.732738535355485	0.954930776450738
HROV-vOTU49518	Smoking_Status	Never_Smoker	0.128171287555681	0.373897323035049	77	8	0.732763208051995	0.954930776450738
HROV-vOTU08081	diagnosis	RA	0.174446603929379	0.509199401100591	77	70	0.732919126169801	0.955025884106061
HROV-vOTU48896	diagnosis	RA	-0.096529660233562	0.281753893056421	77	19	0.732909541940691	0.955025884106061
HROV-vOTU66475	Age	Age	-0.0995170792395247	0.290570368071232	77	33	0.732994961850444	0.955070663163549
HROV-vOTU07335	Sex	M	0.140140302570586	0.40937432375473	77	16	0.733115376299746	0.955173518679743
HROV-vOTU47628	Sex	M	0.238811938401397	0.697967229941901	77	51	0.733246132570094	0.95523579777629
HROV-vOTU01341	diagnosis	RA	0.164388624844566	0.480408798573989	77	34	0.733222631686677	0.95523579777629
HROV-vOTU12284	Smoking_Status	Former_Smoker	0.438048828261164	1.28080534586355	77	35	0.733353321146691	0.955267363462007
HROV-vOTU33822	diagnosis	RA	-0.247847510430863	0.724574637815929	77	30	0.733316708078771	0.955267363462007
HROV-vOTU64314	Smoking_Status	Former_Smoker	0.274725535211192	0.803439295285826	77	14	0.733408450636855	0.95528514327056
HROV-vOTU52361	diagnosis	RA	-0.191468557683195	0.560203872349473	77	49	0.733523240720661	0.955313909612932
HROV-vOTU19378	Age	Age	-0.133698621259258	0.391268872328211	77	64	0.733582051113773	0.955313909612932
HROV-vOTU08533	Smoking_Status	Never_Smoker	-0.0942197620653123	0.275770487092249	77	8	0.73361590223707	0.955313909612932
HROV-vOTU46573	diagnosis	RA	0.140357392543783	0.410789806768718	77	17	0.733603275647865	0.955313909612932
HROV-vOTU32626	Smoking_Status	Former_Smoker	0.479449195905022	1.4034138616434	77	21	0.733637942050122	0.955313909612932
HROV-vOTU21175	Sex	M	0.237098612193176	0.694342086609094	77	10	0.733756596214708	0.95536038053057
HROV-vOTU28412	Smoking_Status	Former_Smoker	-0.339599319184318	0.994484168489138	77	14	0.733748690612799	0.95536038053057
HROV-vOTU19199	Age	Age	0.0966363323322933	0.283080413926271	77	35	0.733830191700989	0.955402188641177
HROV-vOTU02585	diagnosis	RA	0.189391595478369	0.555242964689476	77	53	0.734038069868564	0.95545750986077
HROV-vOTU31026	Smoking_Status	Never_Smoker	0.223416788007038	0.654828912796794	77	12	0.733973116205081	0.95545750986077
HROV-vOTU33822	Smoking_Status	Former_Smoker	0.596059656932476	1.74718391357322	77	30	0.733994815052151	0.95545750986077
HROV-vOTU00388	Smoking_Status	Never_Smoker	0.165914452579125	0.486415647259895	77	10	0.734038633172671	0.95545750986077
HROV-vOTU51983	Sex	M	0.31778010981214	0.931985886461489	77	33	0.734132403763132	0.955525560001409
HROV-vOTU01367	Smoking_Status	Former_Smoker	0.313403958624506	0.919656195405864	77	10	0.734272672667215	0.955546118072327
HROV-vOTU13259	Smoking_Status	Former_Smoker	-0.457715908262082	1.34304760838172	77	31	0.734257600309147	0.955546118072327
HROV-vOTU32220	Smoking_Status	Never_Smoker	0.334738686722156	0.98208386355879	77	28	0.734226577149407	0.955546118072327
HROV-vOTU01415	diagnosis	RA	0.22119794887755	0.649199343836085	77	71	0.734317347997872	0.955550261294552
HROV-vOTU70738	diagnosis	RA	-0.110645086477026	0.324951827085655	77	74	0.73448778640252	0.955691012026028
HROV-vOTU42804	Age	Age	0.0880991223076473	0.258800012335879	77	65	0.734550004510323	0.955691012026028
HROV-vOTU50485	Age	Age	-0.121375749923451	0.356520665824919	77	37	0.734526538742855	0.955691012026028
HROV-vOTU55792	diagnosis	RA	-0.191076107796883	0.561911726484816	77	71	0.734825491570839	0.955713872839014
HROV-vOTU12648	Smoking_Status	Never_Smoker	-0.469510581797451	1.38138953390711	77	52	0.734948211864849	0.955713872839014
HROV-vOTU15017	Smoking_Status	Former_Smoker	-0.343233938260573	1.00931037699766	77	22	0.734809524935653	0.955713872839014
HROV-vOTU49771	Age	Age	0.093453378993816	0.275104513711048	77	59	0.735084291862458	0.955713872839014
HROV-vOTU41054	Smoking_Status	Former_Smoker	0.865980975441962	2.54902248636636	77	28	0.735062357434558	0.955713872839014
HROV-vOTU29060	Smoking_Status	Former_Smoker	0.636090128164224	1.87268247426549	77	65	0.735109386950495	0.955713872839014
HROV-vOTU17468	Smoking_Status	Never_Smoker	0.36419413671366	1.07012085246002	77	60	0.734612976520618	0.955713872839014
HROV-vOTU57650	Age	Age	0.0758087283088844	0.222979123813746	77	19	0.734874384619905	0.955713872839014
HROV-vOTU58254	Smoking_Status	Former_Smoker	0.391268825434813	1.15065878487983	77	15	0.73483112875612	0.955713872839014
HROV-vOTU08794	Smoking_Status	Former_Smoker	0.369254356339563	1.08515144401065	77	27	0.734651075117829	0.955713872839014
HROV-vOTU55676	Age	Age	-0.0838942479063719	0.246812457367456	77	14	0.734927151195658	0.955713872839014
HROV-vOTU35480	Smoking_Status	Never_Smoker	0.236457420398054	0.696005980853871	77	21	0.73505925338063	0.955713872839014
HROV-vOTU49292	diagnosis	RA	-0.254397235029529	0.748986996116977	77	36	0.735119006146091	0.955713872839014
HROV-vOTU03761	Sex	M	-0.207429111385996	0.610776027542364	77	20	0.735148556549854	0.955713872839014
HROV-vOTU15925	Smoking_Status	Former_Smoker	0.261971513713577	0.771507573621398	77	9	0.735191862055365	0.955716221671656
HROV-vOTU70413	Smoking_Status	Never_Smoker	-0.387201349734361	1.14100798924685	77	66	0.73534761753465006	0.95584830503079
HROV-vOTU19658	Smoking_Status	Never_Smoker	0.257719288368842	0.759535352330856	77	15	0.735376477140058	0.95584830503079
HROV-vOTU30674	Age	Age	-0.178696188197479	0.526795586876071	77	44	0.735450168313238	0.955890139186968
HROV-vOTU33520	Smoking_Status	Former_Smoker	-0.288716674945637	0.85129876429933	77	73	0.735498962676304	0.955899611198379
HROV-vOTU15386	Smoking_Status	Former_Smoker	-0.485336746491971	1.43293295214559	77	30	0.735834141478828	0.955952028949851
HROV-vOTU18875	Smoking_Status	Former_Smoker	0.506590480785494	1.4963916795001	77	62	0.735954384423832	0.955952028949851
HROV-vOTU34854	Sex	M	0.305329362611766	0.900989108621282	77	46	0.73569853554887	0.955952028949851
HROV-vOTU10338	Smoking_Status	Former_Smoker	0.68185205146667	2.01313763353804	77	61	0.735834504589329	0.955952028949851
HROV-vOTU09115	diagnosis	RA	-0.198897506748466	0.587153290735914	77	74	0.735798722308013	0.955952028949851
HROV-vOTU73925	Age	Age	-0.0994381202125032	0.293633946213455	77	41	0.735875479334115	0.955952028949851
HROV-vOTU16410	Age	Age	-0.121607334391266	0.358953634002292	77	34	0.735773224138877	0.955952028949851
HROV-vOTU16409	diagnosis	RA	0.230667960456973	0.680822474858876	77	21	0.735754510890544	0.955952028949851
HROV-vOTU11425	Smoking_Status	Former_Smoker	-0.261221159688209	0.771511376563045	77	9	0.735922639572848	0.955952028949851
HROV-vOTU08738	Smoking_Status	Never_Smoker	0.260762476182541	0.770198048209363	77	8	0.735936288074823	0.955952028949851
HROV-vOTU28238	Age	Age	-0.140198320298991	0.41422440383176	77	41	0.736015556474039	0.955977568416735
HROV-vOTU18137	diagnosis	RA	0.201224325151586	0.594665952112654	77	35	0.736073857825572	0.955999376591638
HROV-vOTU22487	diagnosis	RA	-0.0860784882114528	0.254439119961977	77	8	0.736130357271655	0.956018842156783
HROV-vOTU24280	diagnosis	RA	-0.133984805844925	0.396516308573888	77	12	0.736431925778195	0.956035918789587
HROV-vOTU66501	Age	Age	0.0841727592497258	0.249166299340963	77	73	0.736497446221757	0.956035918789587
HROV-vOTU37824	Sex	M	-0.209450652970589	0.619304355203249	77	25	0.736208174374571	0.956035918789587
HROV-vOTU32540	Sex	M	0.125621906510505	0.371752553275405	77	71	0.736422044992216	0.956035918789587
HROV-vOTU36975	Smoking_Status	Never_Smoker	0.390646913456916	1.15634810576323	77	33	0.736489541444832	0.956035918789587
HROV-vOTU30640	diagnosis	RA	0.212736928501668	0.629851473405884	77	16	0.736542696087755	0.956035918789587
HROV-vOTU41535	Smoking_Status	Never_Smoker	0.218567599621754	0.647231407755695	77	14	0.736588527663765	0.956035918789587
HROV-vOTU35902	diagnosis	RA	0.186993170672892	0.553685690004428	77	23	0.736567375559586	0.956035918789587
HROV-vOTU42025	Sex	M	0.2986815401987	0.883655891695102	77	51	0.736355602352257	0.956035918789587
HROV-vOTU58813	Sex	M	0.180206829158053	0.532881176874271	77	20	0.736229628652115	0.956035918789587
HROV-vOTU30978	Smoking_Status	Former_Smoker	-0.516357635698728	1.52912966677692	77	20	0.736600145158594	0.956035918789587
HROV-vOTU74076	diagnosis	RA	-0.163794928909537	0.485422222905781	77	30	0.736790008021259	0.956228452224829
HROV-vOTU29576	Age	Age	0.0843976169568855	0.250252562749087	77	12	0.736923596088958	0.956347932938617
HROV-vOTU01645	Sex	M	-0.265872669274434	0.788639269468761	77	22	0.737014711183065	0.956412283684341
HROV-vOTU13955	diagnosis	RA	0.257541550756535	0.764284885256707	77	15	0.737133118906886	0.956420930813123
HROV-vOTU56560	Smoking_Status	Former_Smoker	0.366000203410312	1.08618679955854	77	18	0.73714198854503	0.956420930813123
HROV-vOTU49990	Smoking_Status	Never_Smoker	0.16798204012831	0.498531803494115	77	8	0.737145962741334	0.956420930813123
HROV-vOTU20060	Smoking_Status	Never_Smoker	-0.335045016341988	0.994648858847398	77	29	0.737225511401399	0.95647025675028
HROV-vOTU25935	Sex	M	-0.354131175262613	1.05263404741921	77	52	0.737543595848257	0.956487754510625
HROV-vOTU46449	Smoking_Status	Former_Smoker	-0.495891369369345	1.47359939230381	77	38	0.737473583276737	0.956487754510625
HROV-vOTU28941	Sex	M	-0.362820306831304	1.07842020065222	77	56	0.737533810963851	0.956487754510625
HROV-vOTU71255	diagnosis	RA	-0.101348450168513	0.301257906396943	77	13	0.73754830044795	0.956487754510625
HROV-vOTU24656	Age	Age	0.0678021027013065	0.201559827533436	77	13	0.737571256289804	0.956487754510625
HROV-vOTU71494	Smoking_Status	Never_Smoker	0.225157466132298	0.668598486078941	77	8	0.73729095227232	0.956487754510625
HROV-vOTU70703	Sex	M	0.170755188595488	0.507434535755987	77	22	0.737481278615323	0.956487754510625
HROV-vOTU53543	Smoking_Status	Former_Smoker	-0.31250420765165	0.928379375549405	77	16	0.737401865569238	0.956487754510625
HROV-vOTU03335	diagnosis	RA	-0.160113749789168	0.476189686161344	77	25	0.737682038794776	0.956523695368712
HROV-vOTU06297	Smoking_Status	Former_Smoker	0.344914532108883	1.02566604024434	77	64	0.737648976971035	0.956523695368712
HROV-vOTU04156	Smoking_Status	Never_Smoker	-0.469430066423941	1.39646821666578	77	37	0.737745275542513	0.956551835139291
HROV-vOTU17661	Smoking_Status	Former_Smoker	-0.36369334856721	1.0824117754096	77	76	0.737859740779138	0.956594449083967
HROV-vOTU42672	Age	Age	0.13388066818283	0.398567287084925	77	24	0.737933295004832	0.956594449083967
HROV-vOTU25935	diagnosis	RA	-0.267865787050535	0.797552101239905	77	52	0.737967000092735	0.956594449083967
HROV-vOTU67925	Sex	M	-0.240940330585133	0.717436946160632	77	45	0.737985826177805	0.956594449083967
HROV-vOTU42808	Smoking_Status	Former_Smoker	-0.312410805896433	0.930052123586398	77	13	0.737931821081564	0.956594449083967
HROV-vOTU43692	Sex	M	0.303646503542729	0.904832322458399	77	71	0.738174824013937	0.956733170321487
HROV-vOTU08868	Sex	M	-0.289174542579858	0.861754104133791	77	29	0.738188449964794	0.956733170321487
HROV-vOTU03889	Smoking_Status	Never_Smoker	-0.296353870695139	0.883932306637953	77	29	0.73841182254281	0.956733170321487
HROV-vOTU34103	Sex	M	-0.239459385020755	0.714071745358193	77	28	0.73835475372522	0.956733170321487
HROV-vOTU72401	Sex	M	-0.247448386520439	0.738012029261464	77	22	0.738394666126433	0.956733170321487
HROV-vOTU53268	Sex	M	0.20530006170585	0.612081275603475	77	25	0.738302571712551	0.956733170321487
HROV-vOTU01921	Smoking_Status	Former_Smoker	-0.348353909852644	1.03908756173258	77	53	0.738425188991074	0.956733170321487
HROV-vOTU37128	Sex	M	-0.107074783688437	0.319260735606788	77	22	0.738324780369838	0.956733170321487
HROV-vOTU69059	Smoking_Status	Never_Smoker	-0.268328314315302	0.801589184620667	77	33	0.73880405006943	0.957067538826521
HROV-vOTU18901	diagnosis	RA	-0.157457663649412	0.470362646740543	77	60	0.73879459807236	0.957067538826521
HROV-vOTU24413	diagnosis	RA	0.0798685467889961	0.238598569662808	77	8	0.738807933359005	0.957067538826521
HROV-vOTU48679	Smoking_Status	Former_Smoker	-0.480773507954916	1.43652051442854	77	68	0.738853815679411	0.957073141070748
HROV-vOTU60404	Age	Age	0.047051115109335	0.140868281761181	77	76	0.739358170207925	0.957215944568413
HROV-vOTU01833	Age	Age	0.0295725922883438	0.0884433601058245	77	76	0.739087907117425	0.957215944568413
HROV-vOTU61101	Age	Age	0.166946841873859	0.499910308020376	77	34	0.739398958090317	0.957215944568413
HROV-vOTU34637	Smoking_Status	Former_Smoker	0.234008479541903	0.701049077686777	77	9	0.739516193477893	0.957215944568413
HROV-vOTU72034	Sex	M	0.342316548071281	1.02638515943897	77	29	0.739727293291886	0.957215944568413
HROV-vOTU68660	Smoking_Status	Former_Smoker	-0.463348109834047	1.38766162256675	77	42	0.739434951175148	0.957215944568413
HROV-vOTU29751	Smoking_Status	Never_Smoker	0.40345254824501	1.2099146954932	77	55	0.739773354951909	0.957215944568413
HROV-vOTU37432	Smoking_Status	Never_Smoker	0.226306898329768	0.678022054316795	77	18	0.739533057996885	0.957215944568413
HROV-vOTU47756	Smoking_Status	Former_Smoker	-0.562299655177278	1.68357960334506	77	13	0.739371196280558	0.957215944568413
HROV-vOTU56875	Sex	M	-0.160897911738454	0.482940783462064	77	12	0.739993224994581	0.957215944568413
HROV-vOTU07697	diagnosis	RA	0.0937828368893207	0.281112662640232	77	15	0.739654897116504	0.957215944568413
HROV-vOTU65493	Sex	M	-0.233170072331382	0.697286786419962	77	34	0.739066382920298	0.957215944568413
HROV-vOTU72898	Smoking_Status	Never_Smoker	0.194756964420039	0.583372540533111	77	16	0.73947931918208	0.957215944568413
HROV-vOTU49591	Age	Age	-0.0692261693398456	0.207626670559765	77	16	0.739802522647645	0.957215944568413
HROV-vOTU04086	Sex	M	-0.131864087591993	0.394582903450117	77	13	0.739224321287647	0.957215944568413
HROV-vOTU24172	diagnosis	RA	-0.156717631739172	0.470285384878873	77	20	0.739935646053641	0.957215944568413
HROV-vOTU48198	Sex	M	0.21016152518227	0.630832282784386	77	25	0.740003155757535	0.957215944568413
HROV-vOTU66534	Smoking_Status	Former_Smoker	0.327482964449234	0.9813812125906	77	20	0.739592535461163	0.957215944568413
HROV-vOTU18154	Sex	M	0.463754207935583	1.39140037976887	77	48	0.739889871015345	0.957215944568413
HROV-vOTU08341	Smoking_Status	Former_Smoker	0.386682437634249	1.1590664577709	77	18	0.739653077174895	0.957215944568413
HROV-vOTU56302	Smoking_Status	Former_Smoker	-0.326936333372324	0.98054635540316	77	14	0.739797966129915	0.957215944568413
HROV-vOTU32309	diagnosis	RA	-0.105109113779255	0.315334119973778	77	15	0.739870453473907	0.957215944568413
HROV-vOTU73439	diagnosis	RA	-0.226410226695355	0.678370109154595	77	29	0.739547285287063	0.957215944568413
HROV-vOTU58927	Smoking_Status	Former_Smoker	0.252806106065744	0.758541114479367	77	12	0.739905623796231	0.957215944568413
HROV-vOTU67290	Age	Age	0.0445055827283082	0.133109435556123	77	9	0.739098614847495	0.957215944568413
HROV-vOTU36207	Smoking_Status	Former_Smoker	0.678420378163651	2.03712864217197	77	38	0.740094740003857	0.957226882078447
HROV-vOTU54655	Smoking_Status	Former_Smoker	0.388093378127702	1.16519992840329	77	15	0.740062833795754	0.957226882078447
HROV-vOTU34402	Smoking_Status	Former_Smoker	0.624707481531884	1.87726074391929	77	63	0.740283911904365	0.957417784644103
HROV-vOTU07317	Sex	M	-0.220021615010747	0.661450835505837	77	73	0.740390063304907	0.95743596230846
HROV-vOTU17325	diagnosis	RA	-0.214548132524287	0.645178316019469	77	66	0.740460760484073	0.95743596230846
HROV-vOTU20487	diagnosis	RA	0.259160923839388	0.77921358561339	77	54	0.740421599454374	0.95743596230846
HROV-vOTU13371	Age	Age	-0.0634409275325038	0.190779026646711	77	24	0.740464260732782	0.95743596230846
HROV-vOTU64280	Smoking_Status	Former_Smoker	-0.688182682289305	2.07000940692217	77	31	0.740526118221535	0.95746218856063
HROV-vOTU43100	Age	Age	-0.125216652432656	0.376707872933699	77	34	0.740568717598394	0.957463513517713
HROV-vOTU24826	Sex	M	-0.153419515847783	0.461757680798659	77	63	0.740678548017847	0.957523346212239
HROV-vOTU21431	Sex	M	0.286140441868679	0.861428313562944	77	62	0.740739728012039	0.957523346212239
HROV-vOTU16108	Sex	M	0.234158955675746	0.704852708897028	77	13	0.740709652215948	0.957523346212239
HROV-vOTU02979	Smoking_Status	Former_Smoker	0.448884646330478	1.35199578278764	77	24	0.740855110378124	0.957618745692776
HROV-vOTU37929	Smoking_Status	Never_Smoker	0.134570803431053	0.405482110311454	77	9	0.740958711962527	0.957698907649399
HROV-vOTU09663	Smoking_Status	Never_Smoker	0.344799670219474	1.039564885194	77	72	0.741110313497048	0.957733601921161
HROV-vOTU39637	diagnosis	RA	0.147993159299052	0.446105524234535	77	22	0.741059311533893	0.957733601921161
HROV-vOTU32362	Age	Age	-0.0470366072863479	0.141794818396405	77	8	0.741075630939996	0.957733601921161
HROV-vOTU52595	Sex	M	0.344383439389789	1.04109250946298	77	67	0.741777026387117	0.957789017587761
HROV-vOTU10146	Smoking_Status	Former_Smoker	-0.573280491003444	1.73048134360456	77	52	0.741405919718163	0.957789017587761
HROV-vOTU11457	Smoking_Status	Never_Smoker	0.296653860451377	0.89577561755017	77	48	0.741491658514611	0.957789017587761
HROV-vOTU37474	Sex	M	-0.258015257275184	0.779587911665518	77	53	0.741646737584536	0.957789017587761
HROV-vOTU01091	Smoking_Status	Former_Smoker	0.526301218328747	1.59067348127221	77	51	0.741719499731009	0.957789017587761
HROV-vOTU46506	Age	Age	0.0662500301023444	0.199810569032349	77	11	0.74119507663716	0.957789017587761
HROV-vOTU46443	Smoking_Status	Former_Smoker	-0.38277690295943	1.15649482336406	77	18	0.741634276296579	0.957789017587761
HROV-vOTU65305	Smoking_Status	Never_Smoker	0.180417291950936	0.54527960295025	77	9	0.741716306238738	0.957789017587761
HROV-vOTU35959	Smoking_Status	Former_Smoker	0.38923075834774	1.17460694870803	77	19	0.741340313092745	0.957789017587761
HROV-vOTU12921	Age	Age	-0.0906609687233008	0.27405371086549	77	34	0.741758846170381	0.957789017587761
HROV-vOTU46802	diagnosis	RA	-0.22682446343655	0.68424286304995	77	18	0.741245599095171	0.957789017587761
HROV-vOTU34381	Age	Age	0.0800063198963829	0.241824353753975	77	22	0.741736161230525	0.957789017587761
HROV-vOTU33744	Smoking_Status	Never_Smoker	0.331292188373544	0.999908844730931	77	19	0.741376921335723	0.957789017587761
HROV-vOTU48010	Smoking_Status	Former_Smoker	-0.175584899718981	0.529907672410565	77	9	0.741356167668198	0.957789017587761
HROV-vOTU50000	Smoking_Status	Former_Smoker	-0.440289912018392	1.33039066110098	77	12	0.741658627935715	0.957789017587761
HROV-vOTU59839	diagnosis	RA	0.22129234883548	0.669882112107521	77	67	0.74211194469167	0.957850197541674
HROV-vOTU75427	Smoking_Status	Former_Smoker	0.587705112213699	1.77932782709464	77	56	0.742148863440078	0.957850197541674
HROV-vOTU14873	Smoking_Status	Former_Smoker	0.550314209488746	1.66621167481096	77	54	0.742161991071963	0.957850197541674
HROV-vOTU48081	Sex	M	0.242976664999471	0.735757162915189	77	30	0.742190874566659	0.957850197541674
HROV-vOTU27519	Age	Age	0.0505727803121996	0.153169820902247	77	25	0.742240322419831	0.957850197541674
HROV-vOTU10690	Sex	M	-0.209088111811462	0.633176964811174	77	54	0.742205653377686	0.957850197541674
HROV-vOTU34340	Age	Age	-0.0327737394719613	0.0991147671246696	77	9	0.741871718864798	0.957850197541674
HROV-vOTU75354	Smoking_Status	Former_Smoker	-0.203318919587174	0.615059946578017	77	9	0.741944610312151	0.957850197541674
HROV-vOTU02709	Sex	M	0.167844894088886	0.507869583829404	77	15	0.742004391603684	0.957850197541674
HROV-vOTU37713	Age	Age	-0.0448971261439519	0.135875867912948	77	9	0.742050024243348	0.957850197541674
HROV-vOTU74833	Smoking_Status	Never_Smoker	0.389496431099839	1.17996149526008	77	36	0.742302077485339	0.957876216982538
HROV-vOTU71496	Age	Age	0.109413698070095	0.331672164355307	77	31	0.742458136229237	0.957916575762427
HROV-vOTU46797	Sex	M	0.153199666537717	0.464319133368829	77	26	0.742413228344064	0.957916575762427
HROV-vOTU14647	diagnosis	RA	0.0563950034138165	0.170942531996503	77	9	0.742442234104329	0.957916575762427
HROV-vOTU09438	Age	Age	0.040425227827508	0.122587650779574	77	8	0.742547806444641	0.957978599653806
HROV-vOTU07672	Age	Age	0.0915734570294431	0.278831908041383	77	33	0.743562172523086	0.958079807605799
HROV-vOTU66084	Age	Age	-0.1065672509588	0.323557595319984	77	58	0.742852507934815	0.958079807605799
HROV-vOTU21813	Smoking_Status	Never_Smoker	0.22685766997801	0.690751861572695	77	65	0.743559745093097	0.958079807605799
HROV-vOTU08280	Sex	M	0.232718888217172	0.707993132091165	77	36	0.743348356873365	0.958079807605799
HROV-vOTU13191	Sex	M	-0.270926392670737	0.824434057812833	77	56	0.743409422431929	0.958079807605799
HROV-vOTU25354	Smoking_Status	Former_Smoker	-0.537507061420954	1.63565829770855	77	41	0.743411585224119	0.958079807605799
HROV-vOTU27585	Smoking_Status	Never_Smoker	0.332581550019222	1.01023130845437	77	66	0.742963683217444	0.958079807605799
HROV-vOTU02501	Smoking_Status	Former_Smoker	-0.322354454403409	0.980072907451082	77	16	0.743192951231454	0.958079807605799
HROV-vOTU64823	diagnosis	RA	-0.181062955317039	0.549451445332665	77	68	0.742722282461224	0.958079807605799
HROV-vOTU69332	Smoking_Status	Former_Smoker	0.393037407268388	1.19578167208331	77	69	0.743360089856536	0.958079807605799
HROV-vOTU58235	diagnosis	RA	0.112084175023445	0.341301718874078	77	17	0.743574306310497	0.958079807605799
HROV-vOTU43341	diagnosis	RA	-0.187380383045464	0.569485144755258	77	39	0.743098064464866	0.958079807605799
HROV-vOTU66226	Smoking_Status	Former_Smoker	-0.458754076963152	1.39257101568556	77	32	0.742800897056877	0.958079807605799
HROV-vOTU44759	Smoking_Status	Never_Smoker	0.252900812342381	0.770122522332383	77	26	0.743583086458795	0.958079807605799
HROV-vOTU19549	Smoking_Status	Never_Smoker	-0.310472522056323	0.945268048800721	77	36	0.743538801738455	0.958079807605799
HROV-vOTU41596	Age	Age	-0.0811130879012922	0.246527620475414	77	17	0.74310739975835	0.958079807605799
HROV-vOTU04677	Sex	M	0.1668416488036	0.508005164642546	77	21	0.743556931514799	0.958079807605799
HROV-vOTU08414	Smoking_Status	Never_Smoker	0.258226844746938	0.786337201418429	77	16	0.743581853287657	0.958079807605799
HROV-vOTU38064	diagnosis	RA	0.154572184603416	0.469885057405709	77	18	0.743156228210042	0.958079807605799
HROV-vOTU55887	Age	Age	-0.0268498055151544	0.0814832814406479	77	8	0.742738070354164	0.958079807605799
HROV-vOTU53543	Sex	M	0.167339270301598	0.508145798828624	77	16	0.74288825155663	0.958079807605799
HROV-vOTU46194	Age	Age	-0.0406658774151007	0.123496429460578	77	8	0.74290753092064	0.958079807605799
HROV-vOTU50156	diagnosis	RA	-0.186569692939704	0.567029911952005	77	12	0.743101825194935	0.958079807605799
HROV-vOTU67358	Smoking_Status	Former_Smoker	0.239715509701664	0.730180643101885	77	9	0.743653992964484	0.958117564082353
HROV-vOTU55031	diagnosis	RA	0.118928607489041	0.362594383042477	77	74	0.743881849990306	0.958152528986511
HROV-vOTU75522	Sex	M	-0.321425569578504	0.979443635186823	77	43	0.743747787584228	0.958152528986511
HROV-vOTU44564	Age	Age	0.0821230070868742	0.250304878856443	77	25	0.743807768023369	0.958152528986511
HROV-vOTU74254	Age	Age	-0.0783263408031804	0.238774575442381	77	18	0.743850861620337	0.958152528986511
HROV-vOTU62337	diagnosis	RA	0.223350177403014	0.680979260604417	77	22	0.743889154072029	0.958152528986511
HROV-vOTU12284	diagnosis	RA	0.174173209543081	0.531162782797044	77	35	0.743945268840386	0.958161363981861
HROV-vOTU46324	Sex	M	-0.256350538380886	0.781880258499543	77	35	0.743979223218569	0.958161363981861
HROV-vOTU48010	Age	Age	-0.0368490195149552	0.112433106004724	77	9	0.7440714380499	0.958226540193995
HROV-vOTU44212	diagnosis	RA	0.187580046003945	0.572545444859488	77	26	0.744159530086068	0.958286400015776
HROV-vOTU43577	Age	Age	0.110527306795994	0.338303462828273	77	51	0.744848014737953	0.958336059843214
HROV-vOTU34489	Smoking_Status	Former_Smoker	-0.205250262129538	0.627288608710499	77	77	0.74447765528192	0.958336059843214
HROV-vOTU03303	Sex	M	-0.14753416980642	0.450986811380931	77	76	0.744527322710172	0.958336059843214
HROV-vOTU51786	Smoking_Status	Former_Smoker	-0.381187154036709	1.1662421609201	77	20	0.744742388446894	0.958336059843214
HROV-vOTU49304	Smoking_Status	Former_Smoker	-0.232984189203705	0.713453319849895	77	8	0.744962597120696	0.958336059843214
HROV-vOTU51628	diagnosis	RA	0.230448053336942	0.704219978989029	77	39	0.744450201995077	0.958336059843214
HROV-vOTU48475	Smoking_Status	Never_Smoker	-0.3854948572483	1.17906068065008	77	49	0.744667036321977	0.958336059843214
HROV-vOTU25809	Sex	M	-0.251570931325125	0.770376483048727	77	42	0.744964548914706	0.958336059843214
HROV-vOTU66454	Smoking_Status	Never_Smoker	0.2729639934887	0.835828104033131	77	31	0.744947016905456	0.958336059843214
HROV-vOTU03004	Smoking_Status	Former_Smoker	-0.325068937204784	0.995694605814896	77	64	0.745025782824756	0.958336059843214
HROV-vOTU46317	Sex	M	0.212999693501517	0.651586756142642	77	48	0.74470995637328	0.958336059843214
HROV-vOTU51722	Smoking_Status	Never_Smoker	0.287742695305521	0.880166399418657	77	16	0.74469136535025	0.958336059843214
HROV-vOTU41183	Smoking_Status	Never_Smoker	0.452289054717811	1.38216342325765	77	30	0.744454752729306	0.958336059843214
HROV-vOTU11151	diagnosis	RA	0.115745550025863	0.353447752461333	77	11	0.744271751004535	0.958336059843214
HROV-vOTU60122	Smoking_Status	Former_Smoker	0.457269412421135	1.39790254637901	77	24	0.744546337689712	0.958336059843214
HROV-vOTU14106	Sex	M	0.268807160151063	0.821314727064589	77	21	0.744412452236261	0.958336059843214
HROV-vOTU14957	Sex	M	0.196897578670572	0.603113587520579	77	19	0.745030343700951	0.958336059843214
HROV-vOTU22635	diagnosis	RA	0.102801645389843	0.314873518247408	77	8	0.745017508372245	0.958336059843214
HROV-vOTU19674	Smoking_Status	Never_Smoker	0.203479873840102	0.622751888148834	77	10	0.744823499835808	0.958336059843214
HROV-vOTU42166	diagnosis	RA	-0.125082890856022	0.382423371797266	77	8	0.744570032014167	0.958336059843214
HROV-vOTU18898	Age	Age	0.051735722361979	0.158517840792658	77	9	0.745103321193208	0.95837640251771
HROV-vOTU31384	diagnosis	RA	-0.0858171776999664	0.263079177026738	77	10	0.745230449276765	0.958486387068239
HROV-vOTU14110	diagnosis	RA	-0.168639977140068	0.517070110969169	77	33	0.745273819642355	0.958488639435049
HROV-vOTU65351	Sex	M	-0.179013464235665	0.5489756269363	77	15	0.745318209340226	0.958492202429384
HROV-vOTU56526	Smoking_Status	Former_Smoker	-0.372887043679194	1.14469000292523	77	76	0.745568816313361	0.958513524625286
HROV-vOTU11679	Smoking_Status	Never_Smoker	-0.208550775386822	0.639949553682306	77	27	0.745468955572986	0.958513524625286
HROV-vOTU35604	Smoking_Status	Former_Smoker	0.240534871245494	0.737948536392283	77	10	0.745420385589714	0.958513524625286
HROV-vOTU11801	Smoking_Status	Never_Smoker	0.246285655733467	0.756060958106293	77	8	0.745572827609605	0.958513524625286
HROV-vOTU20279	Age	Age	0.0837566908046335	0.257133035839838	77	28	0.745584510644263	0.958513524625286
HROV-vOTU15527	Sex	M	0.106523322035091	0.326788290320915	77	8	0.745405544853922	0.958513524625286
HROV-vOTU63928	Sex	M	-0.167139411357811	0.513638604527055	77	73	0.74583328969925	0.958541353508478
HROV-vOTU22265	Age	Age	-0.120134706356217	0.369217919848411	77	34	0.745853327478941	0.958541353508478
HROV-vOTU10976	Smoking_Status	Former_Smoker	-0.290821534325386	0.893791044691332	77	10	0.745850593582519	0.958541353508478
HROV-vOTU74254	Smoking_Status	Former_Smoker	-0.366440835442124	1.12536675361594	77	18	0.74567031031538	0.958541353508478
HROV-vOTU31272	Smoking_Status	Former_Smoker	-0.274154534772994	0.842729068835404	77	13	0.745897507434886	0.958541353508478
HROV-vOTU29655	Sex	M	0.224561327730647	0.68978347205099	77	9	0.745719795242923	0.958541353508478
HROV-vOTU14043	Age	Age	0.0733333891189487	0.225395745504434	77	9	0.745870082067215	0.958541353508478
HROV-vOTU43804	Sex	M	0.264060796498972	0.812751221146015	77	68	0.746214087626343	0.958627234787454
HROV-vOTU35627	Sex	M	-0.310477024123334	0.954880159860922	77	61	0.746025536117003	0.958627234787454
HROV-vOTU24790	Smoking_Status	Former_Smoker	0.429951667630538	1.32252656242204	77	42	0.746062412349348	0.958627234787454
HROV-vOTU64638	Smoking_Status	Former_Smoker	-0.394546064518769	1.21433637617638	77	23	0.746207088884312	0.958627234787454
HROV-vOTU01791	Age	Age	-0.0660451122655604	0.203255551265877	77	11	0.746184784705771	0.958627234787454
HROV-vOTU62802	diagnosis	RA	-0.142485159418689	0.438498064159398	77	10	0.746182706637024	0.958627234787454
HROV-vOTU49358	Age	Age	0.0863174662017988	0.265748381878737	77	31	0.746280748447024	0.958659395177095
HROV-vOTU18362	Sex	M	0.369960524988983	1.1392420001336	77	54	0.746330717868158	0.958670111690763
HROV-vOTU05395	Smoking_Status	Never_Smoker	0.291001693599255	0.896300615552198	77	20	0.746385705792296	0.95868727297248
HROV-vOTU16714	Age	Age	-0.052079198268728	0.160769711335192	77	75	0.746938345704821	0.958825716922785
HROV-vOTU35796	Smoking_Status	Former_Smoker	0.434121620205384	1.33961206214688	77	50	0.746841433449102	0.958825716922785
HROV-vOTU49433	Smoking_Status	Former_Smoker	0.315776881329324	0.973226412832284	77	21	0.746540829858613	0.958825716922785
HROV-vOTU13757	Age	Age	0.0757146482569157	0.233544424903072	77	24	0.746741261798118	0.958825716922785
HROV-vOTU28648	Smoking_Status	Former_Smoker	0.642776560115857	1.98304430279119	77	43	0.746787847470976	0.958825716922785
HROV-vOTU51876	Sex	M	0.119605734116869	0.369111857619352	77	11	0.746863012508407	0.958825716922785
HROV-vOTU19568	Sex	M	0.193079169708985	0.596015518378548	77	26	0.746928337551089	0.958825716922785
HROV-vOTU24816	Sex	M	-0.131148795531504	0.40431459070877	77	11	0.746609273956087	0.958825716922785
HROV-vOTU16350	diagnosis	RA	-0.170131938532191	0.525229510270175	77	23	0.74695146275778	0.958825716922785
HROV-vOTU73731	Age	Age	-0.0504084603640436	0.155467083060254	77	9	0.746710546742345	0.958825716922785
HROV-vOTU16938	Smoking_Status	Former_Smoker	0.314866217798215	0.971233113168728	77	14	0.746745661338696	0.958825716922785
HROV-vOTU10880	Sex	M	-0.199649946005837	0.616759552690274	77	75	0.747110785591843	0.958976780302093
HROV-vOTU55701	Smoking_Status	Never_Smoker	-0.240295616408281	0.742496923133295	77	8	0.747168170451794	0.958996988547335
HROV-vOTU70504	Smoking_Status	Never_Smoker	0.169640201740384	0.525033497278565	77	9	0.747566478054725	0.959033123833883
HROV-vOTU01021	Sex	M	-0.253704767033622	0.785606524622355	77	72	0.747688882628651	0.959033123833883
HROV-vOTU33597	diagnosis	RA	-0.1523701164715	0.471770416256365	77	52	0.747663337391557	0.959033123833883
HROV-vOTU43123	Age	Age	0.0910471196985855	0.281524309667209	77	51	0.747337172135752	0.959033123833883
HROV-vOTU12852	Age	Age	0.0899826588538596	0.278494451642917	77	72	0.747566193815997	0.959033123833883
HROV-vOTU45963	Sex	M	-0.176943487304257	0.547797416275891	77	9	0.747637813869926	0.959033123833883
HROV-vOTU63613	Sex	M	-0.235214490524247	0.727761160966056	77	63	0.747491607257927	0.959033123833883
HROV-vOTU44410	diagnosis	RA	-0.17480260510287501	0.541045202832788	77	22	0.747581860264573	0.959033123833883
HROV-vOTU22105	diagnosis	RA	-0.160457436284277	0.49687719139708	77	17	0.747696037274744	0.959033123833883
HROV-vOTU48671	Smoking_Status	Former_Smoker	0.159884277848621	0.494203957570006	77	8	0.747253363320103	0.959033123833883
HROV-vOTU24665	diagnosis	RA	-0.0821427941925963	0.254221878945511	77	9	0.747558185852456	0.959033123833883
HROV-vOTU53190	diagnosis	RA	-0.132520721262267	0.409834426684886	77	15	0.747379257393783	0.959033123833883
HROV-vOTU07532	Age	Age	-0.0615668537264751	0.191042433629617	77	73	0.748196725308001	0.959087753748373
HROV-vOTU38389	Smoking_Status	Former_Smoker	-0.5563828876346	1.72575019805169	77	52	0.748096672620399	0.959087753748373
HROV-vOTU08812	Sex	M	-0.244432588442166	0.758086014619982	77	25	0.748071591340594	0.959087753748373
HROV-vOTU32187	Smoking_Status	Former_Smoker	-0.403588874139221	1.25233372728578	77	54	0.748195611404543	0.959087753748373
HROV-vOTU40697	Smoking_Status	Never_Smoker	0.163768552435692	0.508146054918425	77	8	0.7481828244299	0.959087753748373
HROV-vOTU13262	Age	Age	0.084604300105185	0.262256514151739	77	32	0.747945264089938	0.959087753748373
HROV-vOTU02899	Sex	M	-0.414947455007625	1.28698452979158	77	57	0.748083263397964	0.959087753748373
HROV-vOTU10006	Smoking_Status	Never_Smoker	-0.336063448512867	1.04234701548024	77	23	0.748089325908215	0.959087753748373
HROV-vOTU42883	Age	Age	0.0654685815008718	0.203113028151425	77	21	0.748153043835	0.959087753748373
HROV-vOTU19642	Smoking_Status	Never_Smoker	0.108439507310393	0.335998617889369	77	8	0.747842216556765	0.959087753748373
HROV-vOTU39206	diagnosis	RA	0.139196054742738	0.431627032832849	77	19	0.748028093892172	0.959087753748373
HROV-vOTU38906	Smoking_Status	Never_Smoker	0.43771239738392	1.36465662991378	77	40	0.749342708235016	0.959121333807423
HROV-vOTU04572	Sex	M	-0.202122796241288	0.628852924304773	77	73	0.748840176058761	0.959121333807423
HROV-vOTU70059	Sex	M	-0.34410788793568	1.06947621697819	77	68	0.748584699526846	0.959121333807423
HROV-vOTU65965	Sex	M	-0.174708918323011	0.545622872830113	77	77	0.749756499239581	0.959121333807423
HROV-vOTU07258	Smoking_Status	Former_Smoker	0.598552204737169	1.86753964042961	77	26	0.749528393377678	0.959121333807423
HROV-vOTU26034	diagnosis	RA	-0.228933208531528	0.712444549301773	77	56	0.748900750027732	0.959121333807423
HROV-vOTU20977	Sex	M	-0.396069006619934	1.23360528110954	77	46	0.749103383985169	0.959121333807423
HROV-vOTU36525	Smoking_Status	Never_Smoker	-0.148414883336669	0.463563436904305	77	75	0.749786675927713	0.959121333807423
HROV-vOTU38085	Smoking_Status	Never_Smoker	0.154026547772405	0.478390613626598	77	67	0.7484228728114	0.959121333807423
HROV-vOTU23522	Sex	M	0.167263308177014	0.521999308627478	77	18	0.749584895989757	0.959121333807423
HROV-vOTU35510	Smoking_Status	Never_Smoker	-0.152795550766416	0.475376808773531	77	14	0.748836543850003	0.959121333807423
HROV-vOTU74522	Age	Age	0.110036901533252	0.343778521667904	77	38	0.749847139175104	0.959121333807423
HROV-vOTU46834	Age	Age	0.106682513421488	0.332806487655817	77	25	0.749489818721059	0.959121333807423
HROV-vOTU54255	diagnosis	RA	0.201712146683764	0.630159653417735	77	29	0.749834985858634	0.959121333807423
HROV-vOTU53287	Age	Age	-0.0431123292501249	0.13408547837534401	77	14	0.748754429166892	0.959121333807423
HROV-vOTU01535	Smoking_Status	Former_Smoker	0.240171681115369	0.749365636863954	77	8	0.749530722744468	0.959121333807423
HROV-vOTU58173	diagnosis	RA	-0.0791376220490848	0.247131203510006	77	10	0.749738185914033	0.959121333807423
HROV-vOTU66003	Smoking_Status	Former_Smoker	0.310000447958707	0.968258899286818	77	37	0.749785260723145	0.959121333807423
HROV-vOTU75708	Sex	M	-0.211580447583026	0.659444362957984	77	18	0.749269171926082	0.959121333807423
HROV-vOTU69853	diagnosis	RA	-0.149516725901793	0.467060905884547	77	56	0.749815621730972	0.959121333807423
HROV-vOTU46594	diagnosis	RA	-0.237037399512035	0.736773841135853	77	36	0.748607515243387	0.959121333807423
HROV-vOTU50866	Smoking_Status	Never_Smoker	-0.291581616763184	0.905995977079898	77	14	0.748522999630908	0.959121333807423
HROV-vOTU51920	Smoking_Status	Never_Smoker	-0.280703983371673	0.874025784810398	77	30	0.749031022520348	0.959121333807423
HROV-vOTU68446	diagnosis	RA	0.137025378753804	0.426071275815396	77	18	0.748699115245952	0.959121333807423
HROV-vOTU27610	Sex	M	-0.199969136291862	0.623083134862562	77	48	0.749202480767053	0.959121333807423
HROV-vOTU08091	Sex	M	-0.140792315665773	0.439509355839823	77	12	0.749651672892591	0.959121333807423
HROV-vOTU51003	Smoking_Status	Former_Smoker	0.387084127850127	1.20271631910116	77	13	0.748518365146707	0.959121333807423
HROV-vOTU08022	Smoking_Status	Never_Smoker	0.158614149505742	0.494976394413317	77	9	0.749570035291585	0.959121333807423
HROV-vOTU51416	Smoking_Status	Former_Smoker	0.254518444505228	0.79273380819138906	77	14	0.749104923165506	0.959121333807423
HROV-vOTU07267	Smoking_Status	Never_Smoker	-0.435345783675674	1.35860416484416	77	33	0.74957896693057	0.959121333807423
HROV-vOTU13912	diagnosis	RA	0.176440409576594	0.549369233919467	77	26	0.749025781202755	0.959121333807423
HROV-vOTU48645	Age	Age	0.0694755517388344	0.217047312132008	77	19	0.7498371363738	0.959121333807423
HROV-vOTU74379	Smoking_Status	Former_Smoker	-0.328890392783149	1.02102433661109	77	13	0.748309784223954	0.959121333807423
HROV-vOTU05429	Smoking_Status	Former_Smoker	-0.320287350842855	0.994710558092565	77	30	0.74840602233612	0.959121333807423
HROV-vOTU56533	diagnosis	RA	-0.115990852436532	0.361925563896953	77	18	0.749543836032055	0.959121333807423
HROV-vOTU16374	diagnosis	RA	0.120126787506288	0.373448404856598	77	16	0.748648547377726	0.959121333807423
HROV-vOTU44298	Smoking_Status	Former_Smoker	0.160645035371693	0.500780494171079	77	8	0.749312359127392	0.959121333807423
HROV-vOTU68457	Smoking_Status	Former_Smoker	0.202196500890952	0.628581643378976	77	9	0.748647045715349	0.959121333807423
HROV-vOTU65595	Age	Age	0.0587784603805184	0.182464227727392	77	11	0.748295583891436	0.959121333807423
HROV-vOTU28477	diagnosis	RA	0.140138898494642	0.437952653201701	77	10	0.749918383462305	0.959159189777679
HROV-vOTU08657	Smoking_Status	Former_Smoker	0.310134098815469	0.9701964048989	77	75	0.7501639317607	0.959186225205472
HROV-vOTU12354	Sex	M	0.264481349318036	0.827610560445997	77	64	0.750231067070177	0.959186225205472
HROV-vOTU17724	Age	Age	-0.100019629727275	0.312966673358326	77	58	0.75022099996865	0.959186225205472
HROV-vOTU57974	Smoking_Status	Former_Smoker	-0.259618015877574	0.81205297971608	77	29	0.750130252552669	0.959186225205472
HROV-vOTU43884	Smoking_Status	Former_Smoker	-0.248839761463827	0.778279731703543	77	73	0.750111581992143	0.959186225205472
HROV-vOTU62508	diagnosis	RA	-0.113552235515534	0.355289938412946	77	17	0.750206759709897	0.959186225205472
HROV-vOTU15873	Smoking_Status	Former_Smoker	-0.158197370392253	0.494687649229507	77	8	0.750064814977448	0.959186225205472
HROV-vOTU50600	Smoking_Status	Never_Smoker	-0.310063737270569	0.974109965378436	77	73	0.751188259657269	0.959197152723943
HROV-vOTU39862	Age	Age	0.094608343881218	0.296777958808496	77	37	0.750825531761128	0.959197152723943
HROV-vOTU04109	diagnosis	RA	0.211555719305963	0.664584215790911	77	57	0.751170679083412	0.959197152723943
HROV-vOTU08541	diagnosis	RA	0.192373927053796	0.603894694620904	77	32	0.750998867920188	0.959197152723943
HROV-vOTU56542	diagnosis	RA	0.191563929960453	0.600867028244835	77	39	0.750804706182789	0.959197152723943
HROV-vOTU24582	Smoking_Status	Never_Smoker	0.4675328437605	1.46869925236473	77	61	0.751168186243496	0.959197152723943
HROV-vOTU25132	Age	Age	-0.121171830521656	0.380357017245986	77	60	0.7509848858573	0.959197152723943
HROV-vOTU13259	Sex	M	-0.234257680539174	0.735113271362937	77	31	0.750913222949687	0.959197152723943
HROV-vOTU67968	Age	Age	0.0793344474055421	0.249125669945361	77	19	0.751077339260021	0.959197152723943
HROV-vOTU27263	Age	Age	0.0609608796472121	0.191266227595005	77	11	0.750872569544335	0.959197152723943
HROV-vOTU48171	Smoking_Status	Former_Smoker	0.721968821372939	2.26828383578504	77	28	0.751200408245549	0.959197152723943
HROV-vOTU48561	diagnosis	RA	-0.204364054956509	0.640534322791139	77	58	0.75062351156709906	0.959197152723943
HROV-vOTU67522	diagnosis	RA	-0.215593694034675	0.676036921148106	77	30	0.750732477107777	0.959197152723943
HROV-vOTU16406	Sex	M	0.181541664693119	0.56832445748478	77	19	0.750336079219521	0.959197152723943
HROV-vOTU24693	Smoking_Status	Former_Smoker	-0.27748003577713	0.872079464675105	77	12	0.751280861521254	0.959197152723943
HROV-vOTU04811	diagnosis	RA	-0.105685108739897	0.33180113437206	77	13	0.751026046383878	0.959197152723943
HROV-vOTU06436	Sex	M	0.184167872607606	0.577196893130511	77	35	0.750608099580747	0.959197152723943
HROV-vOTU11971	Smoking_Status	Former_Smoker	0.301700272239468	0.944708038484189	77	10	0.75039264846644	0.959197152723943
HROV-vOTU54743	Smoking_Status	Never_Smoker	0.102990648003719	0.323300231802955	77	11	0.750995112959503	0.959197152723943
HROV-vOTU38991	diagnosis	RA	-0.157555212723359	0.493863277122929	77	14	0.750643516168314	0.959197152723943
HROV-vOTU50037	Age	Age	-0.0713153617706453	0.223688418886609	77	23	0.750802363891396	0.959197152723943
HROV-vOTU25923	Age	Age	-0.0408667088321966	0.127988417231552	77	12	0.750436560331201	0.959197152723943
HROV-vOTU18880	Smoking_Status	Former_Smoker	0.141865911469329	0.445790674445372	77	14	0.751241351748851	0.959197152723943
HROV-vOTU20871	Smoking_Status	Former_Smoker	0.383807639256977	1.20611863010725	77	14	0.751254349322825	0.959197152723943
HROV-vOTU21784	Sex	M	-0.107761912236202	0.338297587287487	77	8	0.751009175599686	0.959197152723943
HROV-vOTU46108	Sex	M	0.425588448081608	1.34081374962848	77	32	0.751863659324826	0.959335941580995
HROV-vOTU17790	Smoking_Status	Former_Smoker	-0.483069535437087	1.52028162556705	77	59	0.751607201012254	0.959335941580995
HROV-vOTU02552	Smoking_Status	Never_Smoker	0.357998555537499	1.12878638386669	77	39	0.752057879800417	0.959335941580995
HROV-vOTU05144	Smoking_Status	Never_Smoker	0.246325176601727	0.776731553430707	77	72	0.752075347037033	0.959335941580995
HROV-vOTU28376	Smoking_Status	Never_Smoker	-0.22039424055216	0.694364077058329	77	11	0.751868286377151	0.959335941580995
HROV-vOTU57885	Smoking_Status	Former_Smoker	-0.753593553273197	2.37013507445346	77	56	0.751453242128015	0.959335941580995
HROV-vOTU33001	Smoking_Status	Former_Smoker	-0.377406829446875	1.1881364128399	77	64	0.751685759161848	0.959335941580995
HROV-vOTU02501	Smoking_Status	Never_Smoker	-0.220166399486626	0.694269251489017	77	16	0.752083482759093	0.959335941580995
HROV-vOTU03026	Smoking_Status	Never_Smoker	0.320840703765092	1.01179412153947	77	24	0.752097717118752	0.959335941580995
HROV-vOTU17684	diagnosis	RA	-0.145604341315743	0.458890666730024	77	24	0.751949937960497	0.959335941580995
HROV-vOTU50222	Age	Age	-0.124527436070145	0.391951033032787	77	49	0.751636144838928	0.959335941580995
HROV-vOTU15604	Sex	M	0.418557165892445	1.31790625911557	77	43	0.751726195610837	0.959335941580995
HROV-vOTU54102	diagnosis	RA	0.160321858222191	0.504833660206448	77	18	0.751740463794736	0.959335941580995
HROV-vOTU06659	Smoking_Status	Former_Smoker	0.386167323177067	1.21720025446875	77	18	0.751978426176224	0.959335941580995
HROV-vOTU16682	Sex	M	0.150254274171854	0.473112353207013	77	10	0.751730457270166	0.959335941580995
HROV-vOTU34107	Age	Age	-0.0283104887623548	0.0890584068690272	77	11	0.751503912142337	0.959335941580995
HROV-vOTU33554	Age	Age	-0.0528374723231371	0.166501722720064	77	10	0.751917808193038	0.959335941580995
HROV-vOTU41638	Smoking_Status	Never_Smoker	-0.201792163972838	0.636482559661038	77	14	0.752141583455394	0.959338760909267
HROV-vOTU06807	Smoking_Status	Never_Smoker	0.399125678853165	1.25962028407138	77	37	0.752278216124613	0.959406762506913
HROV-vOTU48171	Sex	M	-0.393442178883958	1.24153867703377	77	28	0.752250296702068	0.959406762506913
HROV-vOTU05377	Smoking_Status	Former_Smoker	-0.231582134434733	0.730999897562005	77	13	0.75232357940726	0.959411486447156
HROV-vOTU35161	Smoking_Status	Never_Smoker	-0.189280637934409	0.597711409696153	77	8	0.752418974759817	0.959480010449534
HROV-vOTU13303	Age	Age	0.0623810739768779	0.197043235000296	77	20	0.752486922412438	0.959513527665049
HROV-vOTU06013	Smoking_Status	Never_Smoker	0.298081370216049	0.941907425335128	77	59	0.752577640971263	0.959536428005111
HROV-vOTU14852	Smoking_Status	Never_Smoker	-0.358910076891183	1.13417020160549	77	55	0.752588210988116	0.959536428005111
HROV-vOTU60948	diagnosis	RA	0.207084898879249	0.654819393818161	77	41	0.752742643672011	0.959549342208718
HROV-vOTU31555	Smoking_Status	Never_Smoker	0.28364950102369	0.896856536028536	77	58	0.752724949273443	0.959549342208718
HROV-vOTU14305	Sex	M	0.272143066238173	0.860389489935914	77	67	0.752701209330193	0.959549342208718
HROV-vOTU33056	Smoking_Status	Never_Smoker	0.21314099855357	0.674267413316007	77	33	0.752848331062498	0.959549342208718
HROV-vOTU42481	diagnosis	RA	0.116808637919715	0.369489428929656	77	21	0.752827360533098	0.959549342208718
HROV-vOTU37764	Smoking_Status	Former_Smoker	0.346783076504363	1.09683256404109	77	20	0.752802811679024	0.959549342208718
HROV-vOTU32680	Age	Age	-0.101822125363379	0.3224065785298	77	23	0.753066405955889	0.959555180755225
HROV-vOTU20282	Smoking_Status	Former_Smoker	-0.623529695251193	1.9752199318766	77	52	0.753174442409891	0.959555180755225
HROV-vOTU12599	Age	Age	0.0974479595419959	0.308497410100815	77	64	0.753020797525726	0.959555180755225
HROV-vOTU56464	Age	Age	-0.0780335638321792	0.247020592549945	77	59	0.753005922641807	0.959555180755225
HROV-vOTU33661	diagnosis	RA	0.141657727252744	0.44865791515541	77	14	0.753128693396397	0.959555180755225
HROV-vOTU56066	Smoking_Status	Never_Smoker	0.35139383610694	1.112110385753	77	33	0.752952057466155	0.959555180755225
HROV-vOTU01809	diagnosis	RA	-0.154938990165268	0.490500148243825	77	10	0.753020604765134	0.959555180755225
HROV-vOTU39228	Smoking_Status	Former_Smoker	-0.576711324037068	1.82699879293068	77	27	0.753186235454286	0.959555180755225
HROV-vOTU51501	Age	Age	-0.0535844882608356	0.169860473498805	77	71	0.753336443750391	0.959587295330282
HROV-vOTU37302	diagnosis	RA	-0.177783527918054	0.563393436946699	77	41	0.753263410797242	0.959587295330282
HROV-vOTU51250	Smoking_Status	Never_Smoker	-0.332084828688584	1.05268503353513	77	22	0.753334340720863	0.959587295330282
HROV-vOTU01559	Smoking_Status	Former_Smoker	-0.474361214885273	1.50836549486585	77	27	0.754073542436156	0.959619459622814
HROV-vOTU69864	Smoking_Status	Never_Smoker	-0.344522657765093	1.09587505761745	77	43	0.754153391216384	0.959619459622814
HROV-vOTU14527	Smoking_Status	Never_Smoker	-0.243869840067106	0.775294915911334	77	77	0.754025034765382	0.959619459622814
HROV-vOTU15021	Smoking_Status	Never_Smoker	0.338969547852438	1.07808540804603	77	53	0.754125596515367	0.959619459622814
HROV-vOTU10171	Smoking_Status	Former_Smoker	0.21817378030534	0.693482507527402	77	75	0.753983467148951	0.959619459622814
HROV-vOTU07014	Smoking_Status	Former_Smoker	-0.588083404103502	1.86842129989014	77	68	0.753875493260389	0.959619459622814
HROV-vOTU23716	Sex	M	0.19652344335668	0.62442898147667	77	62	0.753893467905393	0.959619459622814
HROV-vOTU64702	Smoking_Status	Former_Smoker	-0.447843905025483	1.42156999027409	77	26	0.753659319569535	0.959619459622814
HROV-vOTU21557	Smoking_Status	Former_Smoker	0.387136590551671	1.23081889042674	77	39	0.754036585326535	0.959619459622814
HROV-vOTU67292	diagnosis	RA	-0.151804151877819	0.481650958847764	77	33	0.753553555562063	0.959619459622814
HROV-vOTU53637	Smoking_Status	Former_Smoker	-0.244215364074712	0.776092759107802	77	21	0.753932898400829	0.959619459622814
HROV-vOTU38162	diagnosis	RA	-0.144375357741332	0.458884973985301	77	48	0.753971311226233	0.959619459622814
HROV-vOTU70272	Smoking_Status	Former_Smoker	0.407918072126039	1.29641394637588	77	32	0.753949389073287	0.959619459622814
HROV-vOTU33883	Sex	M	0.313297550165146	0.99362661616684	77	50	0.753453368567117	0.959619459622814
HROV-vOTU30549	diagnosis	RA	-0.17619643386503	0.560069286785958	77	23	0.753989870184141	0.959619459622814
HROV-vOTU38487	Age	Age	-0.114855162116616	0.364273692945813	77	29	0.75345944575301	0.959619459622814
HROV-vOTU02709	diagnosis	RA	0.121265093313604	0.384798928679976	77	15	0.753580587379131	0.959619459622814
HROV-vOTU28569	Age	Age	-0.0448421900763496	0.14227311706719	77	11	0.753546560867434	0.959619459622814
HROV-vOTU07547	Smoking_Status	Former_Smoker	0.393438149350163	1.24981458975796	77	10	0.75383890298304	0.959619459622814
HROV-vOTU64261	Smoking_Status	Former_Smoker	0.452912332303062	1.4411957161563	77	46	0.754244010907106	0.959681744264677
HROV-vOTU37690	Smoking_Status	Never_Smoker	0.134236711439809	0.427475341049248	77	16	0.754425059345639	0.959786483809012
HROV-vOTU31355	diagnosis	RA	0.248494256953379	0.791404059259891	77	27	0.754448111370439	0.959786483809012
HROV-vOTU39614	Age	Age	0.0920499430402443	0.293164496504188	77	20	0.754451355466546	0.959786483809012
HROV-vOTU34175	Age	Age	0.0711704493815318	0.226758133653189	77	20	0.754547204132897	0.9598023811754
HROV-vOTU22737	Smoking_Status	Former_Smoker	0.496739622098424	1.58249205428772	77	30	0.754519636434725	0.9598023811754
HROV-vOTU14459	diagnosis	RA	-0.170225770962911	0.542863929203393	77	26	0.754767132876289	0.95982508370103
HROV-vOTU21612	diagnosis	RA	0.173401990736451	0.552863373300852	77	13	0.754711453242146	0.95982508370103
HROV-vOTU46262	Sex	M	0.275841247534082	0.879703718755309	77	53	0.754773437508713	0.95982508370103
HROV-vOTU05391	Smoking_Status	Never_Smoker	0.327612863832842	1.04438964584584	77	29	0.754677511301033	0.95982508370103
HROV-vOTU01200	Smoking_Status	Former_Smoker	-0.352619776522936	1.12392204545659	77	27	0.754638123353598	0.95982508370103
HROV-vOTU60573	Smoking_Status	Former_Smoker	0.562332989313991	1.79439280581206	77	18	0.754908159312374	0.959943399534204
HROV-vOTU64280	diagnosis	RA	-0.268904385099685	0.858453597611684	77	31	0.755014573893441	0.959987241473662
HROV-vOTU23304	diagnosis	RA	0.111434035202565	0.355823110052374	77	13	0.755067689624573	0.959987241473662
HROV-vOTU25856	diagnosis	RA	0.10033272018646	0.320370989337412	77	15	0.755064580854485	0.959987241473662
HROV-vOTU55046	Smoking_Status	Never_Smoker	0.201809655596416	0.644610562666926	77	13	0.755143608490732	0.960030764755262
HROV-vOTU49433	Smoking_Status	Never_Smoker	0.215766625097889	0.68941929526823	77	21	0.755221962626663	0.960077379073309
HROV-vOTU32240	Sex	M	0.247220833322414	0.790604167368448	77	28	0.755426269267674	0.960094684549482
HROV-vOTU44591	Smoking_Status	Never_Smoker	0.305814981939159	0.978738359450437	77	41	0.755608070169128	0.960094684549482
HROV-vOTU29841	diagnosis	RA	-0.19952802593205	0.638821643019079	77	69	0.755699442684767	0.960094684549482
HROV-vOTU08294	Smoking_Status	Former_Smoker	-0.681637173405983	2.18175969393935	77	65	0.755633000932547	0.960094684549482
HROV-vOTU11195	Sex	M	-0.402192956513103	1.28788493483075	77	55	0.755735842010986	0.960094684549482
HROV-vOTU08578	diagnosis	RA	0.276649822859609	0.885294696560258	77	45	0.755580637545352	0.960094684549482
HROV-vOTU37079	Smoking_Status	Former_Smoker	-0.350901760909559	1.12361261116255	77	29	0.755729559653543	0.960094684549482
HROV-vOTU49670	diagnosis	RA	-0.201149446010718	0.643638029145898	77	26	0.75556179219057	0.960094684549482
HROV-vOTU03842	Age	Age	-0.076181227128014	0.24387076473423	77	9	0.755664642502548	0.960094684549482
HROV-vOTU71719	Smoking_Status	Never_Smoker	0.260696380945619	0.834161241641486	77	24	0.755557517278955	0.960094684549482
HROV-vOTU15726	Age	Age	-0.0487574783392452	0.15594210449892	77	12	0.755452484278373	0.960094684549482
HROV-vOTU48415	Sex	M	-0.120299471248722	0.384727835053476	77	9	0.755434907942126	0.960094684549482
HROV-vOTU06071	diagnosis	RA	0.0755824220620035	0.242093659193732	77	8	0.75580113663943	0.960124671896193
HROV-vOTU29160	Smoking_Status	Never_Smoker	0.200485027906623	0.642335032235829	77	14	0.755864808336277	0.960152594373109
HROV-vOTU43440	diagnosis	RA	-0.118230453752589	0.379169451253783	77	21	0.756095489576938	0.960392649327498
HROV-vOTU09585	Age	Age	-0.118653745457806	0.380694354446548	77	56	0.756199260677782	0.960471485407529
HROV-vOTU74773	diagnosis	RA	0.106216042442529	0.340881666992554	77	10	0.756263645460189	0.960500289800261
HROV-vOTU07120	Sex	M	0.0802724664730274	0.257741323702196	77	8	0.756374361763047	0.960534962856519
HROV-vOTU32961	Age	Age	-0.0948706959253466	0.304561506026697	77	55	0.756333905717673	0.960534962856519
HROV-vOTU07483	Age	Age	-0.0601418959177458	0.193244112135714	77	71	0.756543511876655	0.9605379060874
HROV-vOTU47152	Smoking_Status	Former_Smoker	0.284960137272654	0.915478080401942	77	18	0.756508076481547	0.9605379060874
HROV-vOTU59107	diagnosis	RA	-0.204993639301567	0.658592764314848	77	60	0.756514983286106	0.9605379060874
HROV-vOTU67968	diagnosis	RA	0.151572766620988	0.486932749550817	77	19	0.756499378168439	0.9605379060874
HROV-vOTU58889	Sex	M	-0.179552315133195	0.578225462963105	77	74	0.757073002247056	0.960627616625328
HROV-vOTU07934	Smoking_Status	Never_Smoker	-0.372782220960157	1.19992287770598	77	63	0.756960337976921	0.960627616625328
HROV-vOTU61114	Sex	M	-0.209319153890735	0.673766173852005	77	33	0.756961470397504	0.960627616625328
HROV-vOTU47257	Sex	M	-0.244162092591209	0.785602572775684	77	67	0.756866360034997	0.960627616625328
HROV-vOTU49449	Age	Age	0.0557992791637583	0.179489904685673	77	15	0.756805009099742	0.960627616625328
HROV-vOTU14210	diagnosis	RA	-0.166968517987728	0.537366040448583	77	12	0.75692647549652	0.960627616625328
HROV-vOTU11401	Smoking_Status	Former_Smoker	0.150909116727226	0.485960832363028	77	8	0.757061950738402	0.960627616625328
HROV-vOTU50574	Smoking_Status	Former_Smoker	0.427253809717162	1.37448433090783	77	38	0.756827992136768	0.960627616625328
HROV-vOTU29348	Smoking_Status	Never_Smoker	-0.134501480642254	0.432835172106645	77	10	0.756904728274729	0.960627616625328
HROV-vOTU37085	Smoking_Status	Former_Smoker	-0.272025510995003	0.875435422388987	77	15	0.756915021755536	0.960627616625328
HROV-vOTU14335	diagnosis	RA	-0.0942785165774481	0.303571612701113	77	8	0.75704171623992	0.960627616625328
HROV-vOTU03100	Smoking_Status	Former_Smoker	0.365375554405793	1.17745977850903	77	36	0.757235576481884	0.960780966689317
HROV-vOTU38489	Smoking_Status	Never_Smoker	-0.211072329956101	0.680695804279497	77	19	0.757406043950173	0.960944314244848
HROV-vOTU03842	Sex	M	-0.195022217619042	0.629112906375324	77	9	0.757472396662785	0.960975557491541
HROV-vOTU26589	Sex	M	-0.34550359518284	1.11582096207965	77	30	0.757741148868622	0.961263559460414
HROV-vOTU10496	diagnosis	RA	-0.127908263706657	0.41323196034557	77	12	0.757823945816845	0.961315641540178
HROV-vOTU55589	Smoking_Status	Never_Smoker	-0.275136341569069	0.889114789382936	77	72	0.757885788762153	0.96134113875261
HROV-vOTU69467	Smoking_Status	Never_Smoker	-0.177516211942315	0.573878782855652	77	74	0.757978744850048	0.96135438822873
HROV-vOTU23491	diagnosis	RA	-0.155242719161619	0.501874578275857	77	37	0.757979721296451	0.96135438822873
HROV-vOTU75081	Smoking_Status	Never_Smoker	-0.330317011799495	1.06845015486394	77	23	0.758108827227909	0.96139945291883
HROV-vOTU71496	Sex	M	-0.264414149886348	0.855613995013947	77	31	0.758200405042759	0.96139945291883
HROV-vOTU35445	Smoking_Status	Former_Smoker	0.634917454672748	2.05357233926339	77	48	0.758092333998709	0.96139945291883
HROV-vOTU47526	Sex	M	0.11040790519151	0.357260145555023	77	18	0.758195668836323	0.96139945291883
HROV-vOTU12830	Sex	M	0.187575740288421	0.607034807228524	77	15	0.758223980172154	0.96139945291883
HROV-vOTU70637	Age	Age	0.0393456936852317	0.127354193621746	77	9	0.75826662061245	0.961400587574582
HROV-vOTU27969	Smoking_Status	Never_Smoker	-0.394769754827981	1.28544225232667	77	68	0.759660034759432	0.961493438093058
HROV-vOTU00880	Age	Age	0.101064750875501	0.329395431587	77	60	0.759879251598618	0.961493438093058
HROV-vOTU47141	Smoking_Status	Former_Smoker	-0.498774550330675	1.62883501238862	77	40	0.760336704110681	0.961493438093058
HROV-vOTU19474	diagnosis	RA	0.0701231668705113	0.227499710555776	77	74	0.75880672399933	0.961493438093058
HROV-vOTU56580	diagnosis	RA	0.159223151643972	0.518818225570899	77	22	0.759820949290151	0.961493438093058
HROV-vOTU68141	diagnosis	RA	0.119256419359694	0.387308357609042	77	13	0.759051712210383	0.961493438093058
HROV-vOTU44891	diagnosis	RA	-0.19298060834199	0.628115500181187	77	46	0.75956200384987	0.961493438093058
HROV-vOTU52875	Smoking_Status	Former_Smoker	0.488524532398628	1.58212113860393	77	32	0.758394475788018	0.961493438093058
HROV-vOTU53239	Smoking_Status	Never_Smoker	0.277966339459387	0.907277083631478	77	57	0.760216352556735	0.961493438093058
HROV-vOTU45767	diagnosis	RA	0.165934266930374	0.541859032034843	77	64	0.760324635771658	0.961493438093058
HROV-vOTU08406	diagnosis	RA	-0.237714762647311	0.77369901392765	77	72	0.759556668827765	0.961493438093058
HROV-vOTU02236	Age	Age	0.0984898909780424	0.320772577706915	77	61	0.759711956069458	0.961493438093058
HROV-vOTU29060	Age	Age	0.121869479979487	0.39733621176775	77	65	0.759957068432633	0.961493438093058
HROV-vOTU68778	diagnosis	RA	-0.256498070338996	0.837204251538823	77	52	0.760216132935828	0.961493438093058
HROV-vOTU66553	Smoking_Status	Former_Smoker	0.36600077388486	1.19329792876521	77	24	0.759959046247305	0.961493438093058
HROV-vOTU51101	diagnosis	RA	-0.331784005068071	1.07501330090139	77	39	0.758504891659949	0.961493438093058
HROV-vOTU38705	Sex	M	-0.202500725514616	0.656751675351656	77	68	0.758728884868084	0.961493438093058
HROV-vOTU18411	diagnosis	RA	-0.193599782396153	0.631596791677662	77	72	0.76010257617492	0.961493438093058
HROV-vOTU52161	Smoking_Status	Never_Smoker	-0.400641041515719	1.30303295947196	77	20	0.759387209921428	0.961493438093058
HROV-vOTU20008	Age	Age	0.108867282929864	0.352913054399745	77	61	0.75861897918858	0.961493438093058
HROV-vOTU41638	diagnosis	RA	0.114938709207405	0.372615971954941	77	14	0.758632331705933	0.961493438093058
HROV-vOTU41414	Smoking_Status	Never_Smoker	-0.147755026084354	0.480695155667709	77	9	0.759455622441246	0.961493438093058
HROV-vOTU59249	diagnosis	RA	-0.109867492521472	0.358165685126434	77	15	0.759931140449841	0.961493438093058
HROV-vOTU15781	Sex	M	-0.202389860898818	0.657961375805903	77	19	0.759286145784629	0.961493438093058
HROV-vOTU14126	Smoking_Status	Never_Smoker	-0.117606368642706	0.381831814441414	77	8	0.758979798989176	0.961493438093058
HROV-vOTU33056	Age	Age	-0.0619558941195063	0.201955936922685	77	33	0.759909311897353	0.961493438093058
HROV-vOTU26281	Sex	M	-0.205533251026554	0.669177620834031	77	42	0.759633564584342	0.961493438093058
HROV-vOTU67959	diagnosis	RA	0.080144473316486	0.260631913829255	77	14	0.759362553001286	0.961493438093058
HROV-vOTU69966	Sex	M	0.304211309222986	0.985913666928854	77	43	0.758561492754346	0.961493438093058
HROV-vOTU50866	Smoking_Status	Former_Smoker	-0.393049567343781	1.27895929351802	77	14	0.7594995608717	0.961493438093058
HROV-vOTU32200	Smoking_Status	Never_Smoker	0.186857127684135	0.605664948960857	77	11	0.758593378980909	0.961493438093058
HROV-vOTU45982	Sex	M	0.202088244406106	0.659434485951157	77	57	0.760153699649854	0.961493438093058
HROV-vOTU48553	Age	Age	0.0578951476815872	0.189072476873275	77	29	0.760343833892782	0.961493438093058
HROV-vOTU52612	Age	Age	0.115520502952119	0.375477821654231	77	44	0.7592397482773	0.961493438093058
HROV-vOTU46797	Age	Age	0.0552057236972939	0.179989729964047	77	26	0.759957298139312	0.961493438093058
HROV-vOTU55080	diagnosis	RA	0.0808215491500166	0.262762483947787	77	8	0.759299317943599	0.961493438093058
HROV-vOTU02851	Sex	M	0.253145742485185	0.824003644773987	77	32	0.759579518520406	0.961493438093058
HROV-vOTU39594	Age	Age	0.0637213592679458	0.206638251722932	77	13	0.75870256858421	0.961493438093058
HROV-vOTU46177	diagnosis	RA	0.122553734984711	0.398667292603085	77	17	0.759432326026679	0.961493438093058
HROV-vOTU51025	diagnosis	RA	-0.0987099688943677	0.320757219974671	77	10	0.759180796737403	0.961493438093058
HROV-vOTU22759	Smoking_Status	Former_Smoker	-0.309309053087176	1.00961293845156	77	13	0.760224130356377	0.961493438093058
HROV-vOTU07230	diagnosis	RA	0.105600847613765	0.342598803817169	77	17	0.758806245922538	0.961493438093058
HROV-vOTU47650	Smoking_Status	Former_Smoker	-0.332345138430406	1.07666491819395	77	12	0.758468729882476	0.961493438093058
HROV-vOTU65053	Smoking_Status	Former_Smoker	0.341061387027684	1.10836185019663	77	18	0.759198833429687	0.961493438093058
HROV-vOTU05358	Age	Age	-0.0386630597288735	0.125765107902863	77	8	0.759421538454065	0.961493438093058
HROV-vOTU39835	Sex	M	-0.128853123295552	0.42040930225417	77	11	0.760125217746002	0.961493438093058
HROV-vOTU62802	Age	Age	0.0689886340767791	0.224345403146997	77	10	0.759354833668071	0.961493438093058
HROV-vOTU48417	Smoking_Status	Former_Smoker	0.185672143656962	0.605877460244996	77	8	0.760157680010422	0.961493438093058
HROV-vOTU67940	diagnosis	RA	0.130558123765734	0.427126452066534	77	13	0.760753214635313	0.961635645821903
HROV-vOTU20282	Sex	M	-0.330412285784203	1.08113098651257	77	52	0.760790337250329	0.961635645821903
HROV-vOTU72401	Smoking_Status	Former_Smoker	-0.412369773278515	1.34834362195481	77	22	0.76062572698001	0.961635645821903
HROV-vOTU42398	Smoking_Status	Former_Smoker	0.539734514030391	1.76584753747516	77	45	0.760764126622678	0.961635645821903
HROV-vOTU20731	Age	Age	-0.0804252645289714	0.263087743964573	77	24	0.760729490110495	0.961635645821903
HROV-vOTU52589	Smoking_Status	Former_Smoker	0.272247430118474	0.890735229551931	77	9	0.760770438568808	0.961635645821903
HROV-vOTU06709	Age	Age	0.104904645347913	0.343005695187022	77	26	0.760621908936236	0.961635645821903
HROV-vOTU42317	Age	Age	-0.0625987152009662	0.204684697385608	77	11	0.760629034647016	0.961635645821903
HROV-vOTU67333	Age	Age	0.0805578208239861	0.263667808273618	77	66	0.760858246012976	0.961668701261118
HROV-vOTU52184	Smoking_Status	Former_Smoker	-0.573405071382974	1.87791276111739	77	46	0.760999309496575	0.961688657688001
HROV-vOTU31835	Smoking_Status	Former_Smoker	-0.192642325870439	0.630761675290269	77	10	0.760945824033316	0.961688657688001
HROV-vOTU07332	Smoking_Status	Never_Smoker	0.194938539477298	0.638374521340732	77	10	0.760980088719218	0.961688657688001
HROV-vOTU43813	Smoking_Status	Former_Smoker	0.4263140647275	1.39661032831445	77	67	0.76106952588502	0.961724618992155
HROV-vOTU13703	Smoking_Status	Former_Smoker	-0.540700837491385	1.77342219321848	77	25	0.761340980280793	0.961829802460673
HROV-vOTU70449	Age	Age	-0.0969894091812043	0.318354997607543	77	39	0.761517846184979	0.961829802460673
HROV-vOTU20363	Smoking_Status	Never_Smoker	-0.210096817613004	0.689304121392348	77	15	0.76141355119124	0.961829802460673
HROV-vOTU17607	Age	Age	-0.0982238989154499	0.322319306091494	77	54	0.761454937078135	0.961829802460673
HROV-vOTU12315	Smoking_Status	Never_Smoker	-0.242414525050254	0.795874847982081	77	11	0.761570405899712	0.961829802460673
HROV-vOTU06941	Smoking_Status	Former_Smoker	0.104920602369884	0.343908745674257	77	8	0.761195753414611	0.961829802460673
HROV-vOTU72684	Sex	M	0.176526513822829	0.579533121341877	77	18	0.761560922915786	0.961829802460673
HROV-vOTU27008	Sex	M	-0.27134027630745	0.890578071724857	77	28	0.761502082279436	0.961829802460673
HROV-vOTU30231	diagnosis	RA	0.0774224531162397	0.254031002839026	77	10	0.761428666010266	0.961829802460673
HROV-vOTU55294	Smoking_Status	Former_Smoker	0.153694873313636	0.504141457284195	77	9	0.761361179282993	0.961829802460673
HROV-vOTU08671	Age	Age	0.112810971932491	0.3705322268373	77	54	0.761670673278685	0.96186172024873
HROV-vOTU08951	Age	Age	0.0783802466009526	0.257452623944436	77	37	0.761679209386717	0.96186172024873
HROV-vOTU69478	Sex	M	-0.190567422932666	0.627168811470969	77	73	0.76212822533611	0.961873785506666
HROV-vOTU13522	Sex	M	0.176841574714475	0.582257606903609	77	74	0.762231723208712	0.961873785506666
HROV-vOTU01838	Sex	M	-0.273043896188871	0.898205295043818	77	57	0.762025934277571	0.961873785506666
HROV-vOTU00473	Smoking_Status	Never_Smoker	0.327794195935056	1.07878594935346	77	45	0.762127285566833	0.961873785506666
HROV-vOTU42795	diagnosis	RA	-0.0827882871210345	0.272555459398654	77	73	0.762207944729287	0.961873785506666
HROV-vOTU53898	Sex	M	0.20860314257582	0.685745523917699	77	38	0.76186603150242	0.961873785506666
HROV-vOTU33822	Age	Age	-0.112753143381625	0.370708567533867	77	30	0.761898885914518	0.961873785506666
HROV-vOTU33392	diagnosis	RA	-0.13677022261917	0.449455058032343	77	14	0.761787682564296	0.961873785506666
HROV-vOTU23270	Sex	M	-0.207367416580366	0.68249386762846	77	26	0.762140139568166	0.961873785506666
HROV-vOTU09525	Age	Age	-0.107787438338483	0.354489817652049	77	47	0.761968825568793	0.961873785506666
HROV-vOTU68414	Sex	M	-0.166644363171065	0.548061192480476	77	15	0.761970317618421	0.961873785506666
HROV-vOTU04053	diagnosis	RA	0.0551122200404027	0.181427837104766	77	8	0.762192039111853	0.961873785506666
HROV-vOTU32330	Sex	M	0.111463622651604	0.366463206465327	77	9	0.761895303847156	0.961873785506666
HROV-vOTU36422	Smoking_Status	Never_Smoker	0.240439661442973	0.794583145303287	77	75	0.763080615541474	0.961888874764229
HROV-vOTU48404	Smoking_Status	Never_Smoker	-0.325571308650307	1.07432713825931	77	71	0.762740423854837	0.961888874764229
HROV-vOTU05936	Smoking_Status	Never_Smoker	-0.139548600934023	0.461997252744946	77	77	0.763493143970531	0.961888874764229
HROV-vOTU27058	Sex	M	-0.120144986039168	0.39600157711923	77	76	0.762475945783019	0.961888874764229
HROV-vOTU18442	Sex	M	0.261663306328812	0.865596212758291	77	66	0.763312828911724	0.961888874764229
HROV-vOTU03430	Age	Age	-0.100191008207955	0.331799211008071	77	40	0.763563197762413	0.961888874764229
HROV-vOTU09933	Smoking_Status	Never_Smoker	-0.450133851720097	1.48584541540867	77	58	0.762815364687031	0.961888874764229
HROV-vOTU04717	Age	Age	0.0790912325255699	0.261610800047139	77	66	0.763288946511178	0.961888874764229
HROV-vOTU26597	Smoking_Status	Former_Smoker	0.353906050499834	1.16572171001547	77	40	0.762325150720352	0.961888874764229
HROV-vOTU06489	Smoking_Status	Former_Smoker	0.69186441994664	2.28868263381337	77	34	0.763308630609533	0.961888874764229
HROV-vOTU08015	Age	Age	-0.0863454383282651	0.285968531301413	77	39	0.763580217474582	0.961888874764229
HROV-vOTU62590	Smoking_Status	Never_Smoker	-0.289089672960442	0.952911454934706	77	22	0.762491162874164	0.961888874764229
HROV-vOTU30919	Smoking_Status	Former_Smoker	-0.428569741802639	1.41863585849212	77	29	0.763459096978649	0.961888874764229
HROV-vOTU34151	Sex	M	0.284718006994653	0.938316063989104	77	66	0.76244570151949	0.961888874764229
HROV-vOTU59249	Sex	M	0.142822738796366	0.472718201350339	77	15	0.763435617699952	0.961888874764229
HROV-vOTU66740	Smoking_Status	Former_Smoker	0.422767112518039	1.39836019221061	77	34	0.76328394276465	0.961888874764229
HROV-vOTU41251	Sex	M	-0.18187222912333	0.600628986831509	77	12	0.762925429903353	0.961888874764229
HROV-vOTU55814	Smoking_Status	Former_Smoker	-0.411917859941197	1.35997322978449	77	21	0.762861834361293	0.961888874764229
HROV-vOTU25898	Sex	M	-0.270895719991402	0.897180310208834	77	20	0.76357955454043	0.961888874764229
HROV-vOTU58024	Age	Age	0.0757587064740274	0.24981354132977	77	22	0.762577794760118	0.961888874764229
HROV-vOTU35097	Age	Age	0.0651072584452278	0.215315333477657	77	9	0.763245730640607	0.961888874764229
HROV-vOTU07631	Sex	M	0.252480494026105	0.83343506036209	77	34	0.762821707505739	0.961888874764229
HROV-vOTU52217	Smoking_Status	Former_Smoker	-0.241381825217879	0.796566733614597	77	9	0.762754815766823	0.961888874764229
HROV-vOTU57545	Sex	M	0.164688947442754	0.544523261660927	77	20	0.763196273919783	0.961888874764229
HROV-vOTU45865	diagnosis	RA	-0.186543263488111	0.615332178582224	77	32	0.762655484825175	0.961888874764229
HROV-vOTU25646	Sex	M	0.181682341866547	0.598681715962164	77	28	0.762418691723211	0.961888874764229
HROV-vOTU73302	Smoking_Status	Former_Smoker	0.476764406884617	1.57516358317302	77	34	0.763021691460515	0.961888874764229
HROV-vOTU06266	Sex	M	0.132603687246591	0.438116334771075	77	15	0.763028043510039	0.961888874764229
HROV-vOTU07415	Smoking_Status	Former_Smoker	0.223191880500945	0.738939546570661	77	14	0.763501915033009	0.961888874764229
HROV-vOTU58951	Smoking_Status	Former_Smoker	-0.178283920911232	0.590177369807429	77	11	0.763470158810187	0.961888874764229
HROV-vOTU11217	Smoking_Status	Former_Smoker	-0.193955996274439	0.640768762209676	77	12	0.763009145566235	0.961888874764229
HROV-vOTU05001	diagnosis	RA	0.0728743257468512	0.240576785726197	77	9	0.762840359691033	0.961888874764229
HROV-vOTU69771	Smoking_Status	Former_Smoker	0.15739652548588	0.521633652230927	77	8	0.76373408986772	0.962030087494044
HROV-vOTU61708	Smoking_Status	Never_Smoker	-0.305645868507398	1.01473505928644	77	62	0.764136605314639	0.962036499830285
HROV-vOTU19048	Sex	M	-0.225907780068264	0.74913244829233006	77	70	0.763869599488143	0.962036499830285
HROV-vOTU32954	Age	Age	-0.0492788181713564	0.163574392894718	77	10	0.76409494201917	0.962036499830285
HROV-vOTU04446	diagnosis	RA	-0.165576978929454	0.549202405342676	77	18	0.763924980144349	0.962036499830285
HROV-vOTU43965	Sex	M	-0.309522856516023	1.02797535488844	77	67	0.76421866713331	0.962036499830285
HROV-vOTU33173	Smoking_Status	Former_Smoker	0.316855125487319	1.05063568218716	77	18	0.763850613214014	0.962036499830285
HROV-vOTU02961	Smoking_Status	Former_Smoker	-0.404345286026092	1.34158194585723	77	45	0.763994729047458	0.962036499830285
HROV-vOTU11971	diagnosis	RA	0.117974914910975	0.391779869027388	77	10	0.764198905219083	0.962036499830285
HROV-vOTU07059	diagnosis	RA	0.205521480244403	0.681757097699812	77	24	0.763946048683011	0.962036499830285
HROV-vOTU07059	Smoking_Status	Former_Smoker	0.495392994818544	1.64393696922094	77	24	0.764031866001078	0.962036499830285
HROV-vOTU40104	Smoking_Status	Never_Smoker	-0.163480387157645	0.543002973202169	77	9	0.764243185323124	0.962036499830285
HROV-vOTU18880	Sex	M	-0.0734485297771485	0.244002252034453	77	14	0.76428223191033	0.962036499830285
HROV-vOTU27814	Age	Age	0.0976585848856278	0.32427331637866	77	24	0.764171704678775	0.962036499830285
HROV-vOTU53866	Smoking_Status	Never_Smoker	0.311856773499247	1.04094185028485	77	71	0.765364476116256	0.96210519583436
HROV-vOTU52792	diagnosis	RA	-0.129031725248871	0.429851848027315	77	76	0.76491913394991	0.96210519583436
HROV-vOTU50753	Smoking_Status	Former_Smoker	-0.264325132606672	0.880577964907325	77	11	0.764922841030385	0.96210519583436
HROV-vOTU62679	Sex	M	-0.19811958983296	0.660451660095005	77	34	0.765072036848854	0.96210519583436
HROV-vOTU59839	Age	Age	0.102666970376592	0.342726649865195	77	67	0.765388499741433	0.96210519583436
HROV-vOTU02247	Age	Age	-0.104983325727841	0.350573497805579	77	66	0.765462705953607	0.96210519583436
HROV-vOTU51043	Smoking_Status	Former_Smoker	-0.235921256223836	0.787824994040462	77	77	0.765464763494267	0.96210519583436
HROV-vOTU24869	Smoking_Status	Former_Smoker	-0.393718589971945	1.31171785339461	77	69	0.764936046593523	0.96210519583436
HROV-vOTU67176	diagnosis	RA	0.181087360908287	0.602881499197482	77	39	0.76477288572668	0.96210519583436
HROV-vOTU66328	Sex	M	0.21060163949599	0.702069817883203	77	70	0.765074628485261	0.96210519583436
HROV-vOTU25354	Age	Age	-0.104397327810597	0.347045631434614	77	41	0.764432971473769	0.96210519583436
HROV-vOTU41864	diagnosis	RA	-0.251954745637247	0.839808778632197	77	33	0.765042783847788	0.96210519583436
HROV-vOTU68918	Sex	M	0.303360878287256	1.01159809974193	77	67	0.765142764622962	0.96210519583436
HROV-vOTU75320	Age	Age	-0.0857957235415863	0.285283215667806	77	62	0.764492606655008	0.96210519583436
HROV-vOTU74791	Smoking_Status	Former_Smoker	0.353247300581495	1.17739359981535	77	35	0.765034886970819	0.96210519583436
HROV-vOTU34659	diagnosis	RA	-0.204373254049593	0.681377399292805	77	34	0.765098295854456	0.96210519583436
HROV-vOTU14404	diagnosis	RA	-0.0737364932834174	0.246228364035435	77	10	0.765461052836946	0.96210519583436
HROV-vOTU54766	Sex	M	-0.191782621271047	0.639801885487152	77	23	0.765241273514171	0.96210519583436
HROV-vOTU30278	Smoking_Status	Former_Smoker	-0.397800197181512	1.32778471295104	77	35	0.76535995955522	0.96210519583436
HROV-vOTU18749	Smoking_Status	Never_Smoker	0.163763495751276	0.545022805603129	77	11	0.764696049124674	0.96210519583436
HROV-vOTU33528	Age	Age	0.0823606147272244	0.274399439965097	77	27	0.764940841041418	0.96210519583436
HROV-vOTU54933	Age	Age	-0.078542648450379	0.262196785521054	77	34	0.76539095862332	0.96210519583436
HROV-vOTU19110	Smoking_Status	Former_Smoker	-0.263797006178334	0.880669984431049	77	40	0.765402230685846	0.96210519583436
HROV-vOTU56502	Smoking_Status	Former_Smoker	-0.337815532390829	1.12609948754702	77	12	0.765063395327619	0.96210519583436
HROV-vOTU28477	Age	Age	0.0671407948973779	0.224066358719698	77	10	0.765321963728736	0.96210519583436
HROV-vOTU31623	Age	Age	-0.055810176381049	0.186098217950217	77	8	0.765132476666284	0.96210519583436
HROV-vOTU42580	Smoking_Status	Former_Smoker	0.2403523130143	0.799143018844866	77	8	0.764474527269845	0.96210519583436
HROV-vOTU06760	Age	Age	0.130072674240158	0.43449640099048	77	31	0.765536750295183	0.962143165209456
HROV-vOTU06939	diagnosis	RA	0.24616148317312	0.823048640087227	77	29	0.765748919960155	0.962357305685259
HROV-vOTU73516	Age	Age	-0.0446926502090949	0.149466354871414	77	14	0.765802254010435	0.962371816537178
HROV-vOTU40888	Sex	M	0.126298576977245	0.422620327259757	77	70	0.765930183402225	0.962433279228837
HROV-vOTU69371	Sex	M	0.298885126360454	1.00033364750837	77	21	0.765976533868231	0.962433279228837
HROV-vOTU61537	Age	Age	0.0630211391732641	0.210909708650111	77	61	0.765960717918192	0.962433279228837
HROV-vOTU38073	diagnosis	RA	-0.0672144261164009	0.225591048355959	77	77	0.76661291310192	0.962497704232526
HROV-vOTU50713	Age	Age	-0.145740702089914	0.488075488333246	77	51	0.766115334831435	0.962497704232526
HROV-vOTU14873	Sex	M	-0.272116500873546	0.911996199843777	77	54	0.766288755018583	0.962497704232526
HROV-vOTU05391	diagnosis	RA	-0.182256110386531	0.611417009122406	77	29	0.766506536744666	0.962497704232526
HROV-vOTU23035	Sex	M	-0.252866073448831	0.847666507908197	77	51	0.766339037497993	0.962497704232526
HROV-vOTU71281	Age	Age	0.0605614701448542	0.203243591587211	77	22	0.766592618716873	0.962497704232526
HROV-vOTU07931	Age	Age	0.137122644858257	0.459336425077453	77	37	0.766175711656235	0.962497704232526
HROV-vOTU60532	Smoking_Status	Former_Smoker	0.435217454398059	1.46061614014254	77	31	0.766597489260568	0.962497704232526
HROV-vOTU38735	diagnosis	RA	0.178960101904274	0.600520318131929	77	43	0.766567081945815	0.962497704232526
HROV-vOTU32200	diagnosis	RA	0.105864401193678	0.35457441874963	77	11	0.766142145799528	0.962497704232526
HROV-vOTU18688	diagnosis	RA	0.152484687315433	0.511725939298654	77	22	0.766587792920852	0.962497704232526
HROV-vOTU74213	Smoking_Status	Former_Smoker	0.477901418332087	1.60365534420281	77	23	0.766567722872709	0.962497704232526
HROV-vOTU23727	Sex	M	-0.105967278257287	0.355527579493323	77	8	0.766530584486464	0.962497704232526
HROV-vOTU18026	diagnosis	RA	0.166681117600985	0.559072029667508	77	22	0.766467898372815	0.962497704232526
HROV-vOTU17427	diagnosis	RA	0.184826821971973	0.620513956071369	77	29	0.766679230373961	0.962528492995657
HROV-vOTU59588	Smoking_Status	Never_Smoker	-0.350148492885553	1.17622335917359	77	67	0.766810040653575	0.962640241823485
HROV-vOTU73146	Sex	M	-0.0979195351870706	0.329038426746089	77	9	0.766882841790018	0.962679158749816
HROV-vOTU35741	Smoking_Status	Never_Smoker	-0.300781257024029	1.01223384044243	77	67	0.767222659840744	0.962843324948631
HROV-vOTU01467	Sex	M	0.184209263741968	0.61973288746783906	77	53	0.767151380153386	0.962843324948631
HROV-vOTU60687	Sex	M	0.224615795107088	0.755867766080076	77	66	0.767209888826242	0.962843324948631
HROV-vOTU04654	Smoking_Status	Never_Smoker	0.397817499857693	1.33839587223083	77	23	0.767155349338936	0.962843324948631
HROV-vOTU35848	Smoking_Status	Never_Smoker	-0.228646724535437	0.769348585586904	77	22	0.76718525147145	0.962843324948631
HROV-vOTU63649	Age	Age	0.062989868853229	0.212155972574056	77	73	0.767406987634533	0.962969701150945
HROV-vOTU29655	diagnosis	RA	-0.155172026852767	0.522630119065239	77	9	0.76740513877066	0.962969701150945
HROV-vOTU14834	Sex	M	-0.0966062552467614	0.325991453650426	77	76	0.767830999749245	0.962992228140027
HROV-vOTU38736	Sex	M	0.182252143450027	0.614768441828917	77	63	0.767746896925195	0.962992228140027
HROV-vOTU51082	Smoking_Status	Former_Smoker	0.339892546359569	1.14652560211831	77	17	0.767748555591838	0.962992228140027
HROV-vOTU01908	Smoking_Status	Never_Smoker	0.314083735982112	1.05984194981369	77	29	0.767828244573413	0.962992228140027
HROV-vOTU22265	Sex	M	0.282392123136681	0.952470702647867	77	34	0.767726197924538	0.962992228140027
HROV-vOTU41621	Smoking_Status	Former_Smoker	0.471032895745562	1.58735102418204	77	26	0.767530244934378	0.962992228140027
HROV-vOTU28752	Sex	M	-0.189394305861884	0.639132905408539	77	32	0.7678430866407	0.962992228140027
HROV-vOTU42695	Smoking_Status	Never_Smoker	0.193430680967389	0.652095400690933	77	13	0.767615456073475	0.962992228140027
HROV-vOTU07463	Age	Age	-0.11752219321996	0.396515639924292	77	20	0.767799586398866	0.962992228140027
HROV-vOTU12769	Sex	M	-0.0989293816816633	0.333839010827735	77	9	0.767836616192674	0.962992228140027
HROV-vOTU20504	diagnosis	RA	-0.0999249299132927	0.337401385706559	77	74	0.767972127486554	0.963017109622476
HROV-vOTU29919	Smoking_Status	Never_Smoker	0.323182818863582	1.09118971985838	77	49	0.767961231832294	0.963017109622476
HROV-vOTU07547	Smoking_Status	Never_Smoker	-0.262186787266759	0.885350297038614	77	10	0.76798837322303	0.963017109622476
HROV-vOTU01838	Smoking_Status	Never_Smoker	-0.34417976454905	1.16247146904231	77	57	0.768036407481465	0.963024906860029
HROV-vOTU05939	Smoking_Status	Former_Smoker	0.392531192523511	1.32605612337412	77	30	0.768083462015391	0.963031474859236
HROV-vOTU47873	Age	Age	-0.0930034149531653	0.314322243055815	77	36	0.768181152641091	0.963101526774693
HROV-vOTU29020	Smoking_Status	Never_Smoker	-0.35858373412386	1.21215685710766	77	56	0.768228830082302	0.963108870810856
HROV-vOTU53569	diagnosis	RA	-0.0983375633737757	0.332719243562165	77	60	0.768430924105208	0.963204930177049
HROV-vOTU49421	Smoking_Status	Never_Smoker	0.472224858578861	1.59727832078847	77	52	0.768365315023065	0.963204930177049
HROV-vOTU35715	Sex	M	0.125079177299478	0.423166920254225	77	16	0.768414471192756	0.963204930177049
HROV-vOTU20399	Smoking_Status	Former_Smoker	-0.193059250222791	0.654210152457391	77	76	0.768776575106944	0.963207300293018
HROV-vOTU53239	Smoking_Status	Former_Smoker	-0.378259781484565	1.28076778182435	77	57	0.768597424754646	0.963207300293018
HROV-vOTU10328	Sex	M	-0.207638437272306	0.703892282902836	77	11	0.768865362077527	0.963207300293018
HROV-vOTU75110	diagnosis	RA	0.136591886304963	0.462703978558857	77	27	0.76869988477949	0.963207300293018
HROV-vOTU23061	Smoking_Status	Former_Smoker	0.397448145847889	1.34570974165768	77	47	0.76859261069529	0.963207300293018
HROV-vOTU08997	Smoking_Status	Never_Smoker	-0.289460477866371	0.981571485322155	77	26	0.768934703251721	0.963207300293018
HROV-vOTU37401	diagnosis	RA	-0.138149774781061	0.467929665539547	77	31	0.768675097505569	0.963207300293018
HROV-vOTU44668	Sex	M	0.265194117401379	0.898117060656246	77	44	0.768643374785064	0.963207300293018
HROV-vOTU45433	Sex	M	-0.165227925317773	0.560087241633232	77	19	0.768851811540573	0.963207300293018
HROV-vOTU50719	diagnosis	RA	0.0729482326225067	0.247235550791285	77	8	0.768812489490202	0.963207300293018
HROV-vOTU71719	Age	Age	0.0737577187323628	0.249847184920003	77	24	0.768694017461547	0.963207300293018
HROV-vOTU39614	Smoking_Status	Former_Smoker	0.407474910735134	1.38171150381119	77	20	0.768926355478049	0.963207300293018
HROV-vOTU03041	diagnosis	RA	-0.158843339808597	0.538843416652456	77	44	0.769017816862878	0.963259018946594
HROV-vOTU40089	Smoking_Status	Never_Smoker	-0.235100556221259	0.797994470616928	77	70	0.76914825974067	0.963370012608236
HROV-vOTU71347	Smoking_Status	Former_Smoker	0.644401859309335	2.18847018265378	77	51	0.769270879317562	0.963471195925792
HROV-vOTU31580	Sex	M	0.139112316285891	0.472686702311074	77	13	0.769386389046461	0.96348947002051
HROV-vOTU41561	Smoking_Status	Former_Smoker	-0.263914640137865	0.896850252770758	77	8	0.769411473988847	0.96348947002051
HROV-vOTU15270	Smoking_Status	Former_Smoker	0.260142435257407	0.884132863004642	77	16	0.769437190614827	0.96348947002051
HROV-vOTU20106	Smoking_Status	Former_Smoker	0.31357832907151	1.06581709392963	77	14	0.769452815137526	0.96348947002051
HROV-vOTU21451	Sex	M	-0.129420363296329	0.440125616535771	77	10	0.76957516350793	0.963537893638557
HROV-vOTU38452	Sex	M	0.316821634374956	1.07725636007076	77	50	0.769539198515218	0.963537893638557
HROV-vOTU66152	Smoking_Status	Never_Smoker	0.279833061926544	0.952333688891147	77	20	0.769737977627816	0.963689351713433
HROV-vOTU63649	Smoking_Status	Never_Smoker	0.207964904778181	0.708322127226271	77	73	0.769918457701742	0.963698220625654
HROV-vOTU73366	diagnosis	RA	-0.112097941430462	0.381781901304114	77	75	0.769906593173197	0.963698220625654
HROV-vOTU18429	Age	Age	0.108267623126617	0.36872023199474	77	25	0.769896644813072	0.963698220625654
HROV-vOTU30890	Sex	M	0.209960436248337	0.714860347442942	77	30	0.769837654140839	0.963698220625654
HROV-vOTU08351	diagnosis	RA	-0.112205603555207	0.382301754161889	77	9	0.76999613364015	0.963698220625654
HROV-vOTU71160	diagnosis	RA	0.142156061643408	0.484313065764082	77	14	0.769980217375963	0.963698220625654
HROV-vOTU04356	diagnosis	RA	0.169089873727264	0.57656963861811406	77	42	0.770172204046823	0.963761457248334
HROV-vOTU59704	Sex	M	-0.223247735396133	0.761121134252886	77	39	0.770137531985079	0.963761457248334
HROV-vOTU69471	Smoking_Status	Former_Smoker	-0.377639887801527	1.28724021665087	77	19	0.770093842363589	0.963761457248334
HROV-vOTU72414	Smoking_Status	Never_Smoker	0.361461651315913	1.23280167996631	77	59	0.770221964520544	0.963771357941219
HROV-vOTU27614	Sex	M	0.17482790344872	0.596908095787798	77	75	0.77046118504901	0.963860192974916
HROV-vOTU40926	Smoking_Status	Former_Smoker	-0.404765646843763	1.38259560878241	77	43	0.770561177609137	0.963860192974916
HROV-vOTU05941	Sex	M	0.166475804580115	0.568816841638149	77	13	0.770627778256497	0.963860192974916
HROV-vOTU07693	Smoking_Status	Former_Smoker	0.390619934563022	1.33448598820213	77	23	0.770596116844191	0.963860192974916
HROV-vOTU34381	Smoking_Status	Former_Smoker	0.333817667331393	1.13974064208965	77	22	0.770461183689154	0.963860192974916
HROV-vOTU16913	Smoking_Status	Former_Smoker	0.329183849029173	1.12457044389759	77	22	0.770590231874924	0.963860192974916
HROV-vOTU30358	Age	Age	0.0880232464501073	0.300434415716099	77	13	0.770387028972993	0.963860192974916
HROV-vOTU10220	Smoking_Status	Former_Smoker	-0.35576844592964	1.21495590413863	77	16	0.770510655569806	0.963860192974916
HROV-vOTU17661	Sex	M	0.170294927247136	0.592454992821787	77	76	0.774613161431015	0.963874051728372
HROV-vOTU01894	Smoking_Status	Never_Smoker	-0.21284779799595	0.731091820137337	77	76	0.771795453129028	0.963874051728372
HROV-vOTU71363	Sex	M	0.147668080489829	0.507761242735202	77	74	0.77203538984748	0.963874051728372
HROV-vOTU36922	Smoking_Status	Former_Smoker	-0.411692412134283	1.42374388344257	77	69	0.773300186583344	0.963874051728372
HROV-vOTU02260	Sex	M	-0.191447269515022	0.655105596407439	77	73	0.770956320013442	0.963874051728372
HROV-vOTU10574	Smoking_Status	Never_Smoker	0.292777228175856	1.01307828730855	77	36	0.773425336110011	0.963874051728372
HROV-vOTU44304	diagnosis	RA	0.172559769759655	0.590235909196118	77	25	0.770866099645939	0.963874051728372
HROV-vOTU62915	Smoking_Status	Never_Smoker	0.348437108773999	1.20426022162431	77	56	0.773166663642772	0.963874051728372
HROV-vOTU19754	Sex	M	0.137665525356055	0.474239229579097	77	77	0.772442787067697	0.963874051728372
HROV-vOTU07532	diagnosis	RA	-0.108407292622962	0.373405187464429	77	73	0.772417104794481	0.963874051728372
HROV-vOTU02128	diagnosis	RA	-0.13595894410691	0.470219684045493	77	64	0.773317445069108	0.963874051728372
HROV-vOTU61744	Age	Age	-0.0647451890140429	0.222987149509353	77	24	0.772391886158812	0.963874051728372
HROV-vOTU74002	Smoking_Status	Former_Smoker	0.394770944527579	1.35020565220409	77	66	0.770850038942477	0.963874051728372
HROV-vOTU39116	diagnosis	RA	0.122257742660598	0.425329466471403	77	70	0.774610863296552	0.963874051728372
HROV-vOTU07005	Smoking_Status	Former_Smoker	-0.406972248299211	1.39282737614275	77	42	0.770992369604325	0.963874051728372
HROV-vOTU19713	Sex	M	0.147403992694951	0.509730048896285	77	76	0.773285968444725	0.963874051728372
HROV-vOTU22193	Age	Age	0.0473336551435698	0.162972456212453	77	9	0.772326599272198	0.963874051728372
HROV-vOTU55361	Smoking_Status	Never_Smoker	-0.36041796553754	1.25281321171073	77	63	0.774424469959258	0.963874051728372
HROV-vOTU19145	Smoking_Status	Former_Smoker	-0.648996027693989	2.2360970959748	77	54	0.772481657626979	0.963874051728372
HROV-vOTU55832	Smoking_Status	Former_Smoker	-0.343354173267018	1.18688619249411	77	61	0.773202609843654	0.963874051728372
HROV-vOTU61708	Sex	M	0.228729980256538	0.784053998390658	77	62	0.771345780236889	0.963874051728372
HROV-vOTU48328	Smoking_Status	Former_Smoker	0.490998617792097	1.68956193013618	77	57	0.772199033821528	0.963874051728372
HROV-vOTU75566	Sex	M	-0.189018088263013	0.653025750835095	77	14	0.773080847647848	0.963874051728372
HROV-vOTU01387	diagnosis	RA	0.121756274366568	0.420883353967563	77	65	0.773204463595578	0.963874051728372
HROV-vOTU37296	Sex	M	0.231353451292196	0.79979156184221	77	42	0.77321991310495	0.963874051728372
HROV-vOTU01981	diagnosis	RA	0.164695666410628	0.568020697667635	77	64	0.772702204173783	0.963874051728372
HROV-vOTU04023	Age	Age	-0.101347243639602	0.351633584167606	77	62	0.774019338061202	0.963874051728372
HROV-vOTU00515	Sex	M	-0.243948432202776	0.844632305245115	77	70	0.773559159334755	0.963874051728372
HROV-vOTU16260	Age	Age	0.0588036644220637	0.202826706870679	77	9	0.772721919661652	0.963874051728372
HROV-vOTU12851	Smoking_Status	Former_Smoker	0.434985545070173	1.51215745566432	77	54	0.774445830531998	0.963874051728372
HROV-vOTU63683	Smoking_Status	Never_Smoker	0.254895303483051	0.881727976305835	77	58	0.77335791293405	0.963874051728372
HROV-vOTU67283	Smoking_Status	Former_Smoker	0.398160916605871	1.37887591542486	77	60	0.773608271043577	0.963874051728372
HROV-vOTU21463	Age	Age	-0.0769967820236084	0.263819840015307	77	57	0.771249591022392	0.963874051728372
HROV-vOTU69623	Age	Age	0.107224726065526	0.371236846801244	77	65	0.773552302780025	0.963874051728372
HROV-vOTU65601	Sex	M	-0.258560204869153	0.88389150171065	77	35	0.770738545531343	0.963874051728372
HROV-vOTU00293	Smoking_Status	Never_Smoker	0.408705154418222	1.40173887216089	77	28	0.771465511452427	0.963874051728372
HROV-vOTU48475	Sex	M	-0.26559053441785	0.911023259272206	77	49	0.771496119984901	0.963874051728372
HROV-vOTU00904	Sex	M	0.338110290978197	1.17032398722585	77	50	0.773497343492901	0.963874051728372
HROV-vOTU59893	Sex	M	0.298947198873476	1.04019450703916	77	56	0.774646675482996	0.963874051728372
HROV-vOTU51101	Sex	M	-0.41043172321535	1.41883596093357	77	39	0.773215055987523	0.963874051728372
HROV-vOTU52139	Sex	M	-0.243136228334169	0.841619204380951	77	44	0.773506593263956	0.963874051728372
HROV-vOTU07406	diagnosis	RA	0.0929484861669735	0.322377734696548	77	9	0.773940562518184	0.963874051728372
HROV-vOTU43256	Smoking_Status	Former_Smoker	-0.357686829417553	1.23327909883415	77	67	0.772639340253093	0.963874051728372
HROV-vOTU37626	Sex	M	-0.116808978666871	0.406198048863181	77	15	0.774516225848396	0.963874051728372
HROV-vOTU08876	diagnosis	RA	0.0946478728889609	0.327073789901771	77	11	0.773135664240208	0.963874051728372
HROV-vOTU09277	Sex	M	-0.19123548804945	0.657644914075704	77	24	0.772060922544946	0.963874051728372
HROV-vOTU68703	diagnosis	RA	0.171907106022106	0.59522154366302	77	34	0.773566841257902	0.963874051728372
HROV-vOTU62884	Sex	M	0.128394220048779	0.443342062960721	77	8	0.772962240362117	0.963874051728372
HROV-vOTU06205	Sex	M	0.223570261765506	0.777580780517155	77	30	0.774551500395982	0.963874051728372
HROV-vOTU04512	Sex	M	0.186512536958235	0.641922811528673	77	39	0.772240285425927	0.963874051728372
HROV-vOTU44915	Age	Age	0.124257455140421	0.428197615894437	77	21	0.772518909319784	0.963874051728372
HROV-vOTU60373	Smoking_Status	Never_Smoker	0.2548635428853	0.884962184807493	77	31	0.774190571063986	0.963874051728372
HROV-vOTU09864	Smoking_Status	Never_Smoker	0.296370873567679	1.01678256478382	77	28	0.771534815085019	0.963874051728372
HROV-vOTU09573	Smoking_Status	Never_Smoker	-0.175868398310823	0.604412569394753	77	14	0.771919451190812	0.963874051728372
HROV-vOTU37217	Age	Age	-0.0458185543929907	0.159189812024696	77	18	0.774320404195243	0.963874051728372
HROV-vOTU21852	Smoking_Status	Never_Smoker	0.267485610109888	0.918198901061775	77	41	0.771659385339265	0.963874051728372
HROV-vOTU75192	Sex	M	0.177854497694718	0.610998082361129	77	15	0.771832330874619	0.963874051728372
HROV-vOTU10823	Age	Age	-0.0911521183368064	0.312280293154884	77	53	0.771220386847825	0.963874051728372
HROV-vOTU69573	Sex	M	0.155005115897985	0.532405591387359	77	15	0.771792293816486	0.963874051728372
HROV-vOTU20868	Smoking_Status	Former_Smoker	-0.338315061178089	1.16220820039873	77	46	0.771826004751231	0.963874051728372
HROV-vOTU64423	Sex	M	-0.154735928123442	0.537264199867951	77	25	0.774180329169984	0.963874051728372
HROV-vOTU09867	Smoking_Status	Never_Smoker	-0.129433279424413	0.449142087147427	77	12	0.774049382744765	0.963874051728372
HROV-vOTU14223	Age	Age	-0.0669612644127181	0.233004156767266	77	33	0.774656744396024	0.963874051728372
HROV-vOTU55142	diagnosis	RA	0.157903244519187	0.541971623853129	77	15	0.771633405778982	0.963874051728372
HROV-vOTU56818	Smoking_Status	Former_Smoker	-0.443729476444097	1.5352132000426	77	38	0.77339729081038	0.963874051728372
HROV-vOTU45433	Smoking_Status	Former_Smoker	-0.294121148021785	1.023276085012	77	19	0.774619681156031	0.963874051728372
HROV-vOTU72521	Age	Age	-0.102485024633445	0.351537233250495	77	18	0.771493077325188	0.963874051728372
HROV-vOTU23188	diagnosis	RA	-0.0964940891102001	0.335442237840617	77	14	0.7744432277677	0.963874051728372
HROV-vOTU21451	diagnosis	RA	-0.0969169948680483	0.333471172757744	77	10	0.772180943440731	0.963874051728372
HROV-vOTU11494	Smoking_Status	Former_Smoker	0.529163876583638	1.82628708989178	77	53	0.772853168567595	0.963874051728372
HROV-vOTU49646	Smoking_Status	Former_Smoker	-0.222344144085616	0.773204859000131	77	8	0.77451989731405	0.963874051728372
HROV-vOTU16406	Age	Age	-0.0633802464273169	0.220306591486924	77	19	0.774421275032938	0.963874051728372
HROV-vOTU35902	Sex	M	0.21207907588841	0.73077157963896	77	23	0.77249958265629	0.963874051728372
HROV-vOTU10512	Smoking_Status	Former_Smoker	-0.206457635594553	0.717642639159366	77	10	0.774423152537075	0.963874051728372
HROV-vOTU49935	Smoking_Status	Never_Smoker	0.217956435656085	0.756329684401142	77	11	0.774051229538048	0.963874051728372
HROV-vOTU15726	Sex	M	-0.116135839434161	0.402283523793903	77	12	0.773658650688135	0.963874051728372
HROV-vOTU63563	diagnosis	RA	0.164858812830959	0.571788860832522	77	26	0.773940969424275	0.963874051728372
HROV-vOTU59791	diagnosis	RA	-0.0549114532600707	0.191032219817757	77	9	0.774608131120008	0.963874051728372
HROV-vOTU05759	diagnosis	RA	0.145489300763821	0.500261531682203	77	32	0.772031887202284	0.963874051728372
HROV-vOTU47851	Smoking_Status	Former_Smoker	0.154247819257148	0.535719018121055	77	10	0.774241642502797	0.963874051728372
HROV-vOTU01715	diagnosis	RA	-0.279708684090387	0.95860966367406	77	28	0.771301258021073	0.963874051728372
HROV-vOTU17311	diagnosis	RA	-0.0688730411238195	0.236496291040497	77	12	0.771730247946121	0.963874051728372
HROV-vOTU72977	Smoking_Status	Never_Smoker	0.126176500385889	0.437036263868221	77	10	0.773644977927175	0.963874051728372
HROV-vOTU06299	diagnosis	RA	-0.142355478729161	0.489547182663377	77	11	0.772059592430704	0.963874051728372
HROV-vOTU62511	Sex	M	0.0965020103666542	0.335765552276907	77	10	0.774636437053134	0.963874051728372
HROV-vOTU74668	Sex	M	0.25761537972462	0.882698050612459	77	21	0.771252406909971	0.963874051728372
HROV-vOTU17675	diagnosis	RA	-0.225147737604148	0.778655729656821	77	22	0.773309770332205	0.963874051728372
HROV-vOTU22487	Smoking_Status	Former_Smoker	-0.178223009768431	0.613535051021519	77	8	0.77229166579861	0.963874051728372
HROV-vOTU07479	Smoking_Status	Former_Smoker	0.182094544881135	0.63238319872564	77	11	0.774224131628262	0.963874051728372
HROV-vOTU14957	Smoking_Status	Former_Smoker	-0.318046001694359	1.10188496502075	77	19	0.773699349846149	0.963874051728372
HROV-vOTU06411	Age	Age	0.0449366886550545	0.156040672384416	77	11	0.774200554892867	0.963874051728372
HROV-vOTU07547	Sex	M	0.197238652397418	0.684082444985802	77	10	0.773937374616431	0.963874051728372
HROV-vOTU13271	Smoking_Status	Never_Smoker	-0.236155088935046	0.821384835271031	77	15	0.77456053048928	0.963874051728372
HROV-vOTU31001	Smoking_Status	Never_Smoker	-0.180534421972503	0.622195543377651	77	10	0.772541859959038	0.963874051728372
HROV-vOTU10594	diagnosis	RA	-0.0989775089513421	0.342007966276139	77	9	0.773117799142348	0.963874051728372
HROV-vOTU57469	Smoking_Status	Former_Smoker	0.11310076505036	0.390127018060212	77	10	0.772731958231928	0.963874051728372
HROV-vOTU07508	Smoking_Status	Never_Smoker	-0.0754812000087743	0.26275322232898	77	75	0.774742116257087	0.96392819759053
HROV-vOTU34476	Smoking_Status	Never_Smoker	0.221335548756917	0.770727542102094	77	60	0.774812946775853	0.963930969696587
HROV-vOTU52078	Sex	M	0.145148906272393	0.505467735395069	77	9	0.774828055189893	0.963930969696587
HROV-vOTU04677	Smoking_Status	Former_Smoker	0.266429986456049	0.928122437721418	77	21	0.774899891178154	0.963968265210008
HROV-vOTU44304	Age	Age	0.0865706628855534	0.301977873617939	77	25	0.775193170843039	0.96397680210393
HROV-vOTU65577	Smoking_Status	Former_Smoker	0.485972823828262	1.69588253678662	77	53	0.775283470628267	0.96397680210393
HROV-vOTU40842	Age	Age	0.0709380055319241	0.247480356168544	77	64	0.775222055056283	0.96397680210393
HROV-vOTU49444	Age	Age	-0.100535907407225	0.350600516756918	77	70	0.775136261917778	0.96397680210393
HROV-vOTU10529	Smoking_Status	Never_Smoker	0.252731396432173	0.881907025753503	77	34	0.775273315652639	0.96397680210393
HROV-vOTU67877	Smoking_Status	Former_Smoker	-0.288321391947415	1.00594987768488	77	12	0.775241040023979	0.96397680210393
HROV-vOTU08968	diagnosis	RA	0.138300939448378	0.482438868823223	77	24	0.775199604837232	0.96397680210393
HROV-vOTU20694	Smoking_Status	Never_Smoker	0.153542149377358	0.535751621206926	77	10	0.775259361275964	0.96397680210393
HROV-vOTU23806	diagnosis	RA	0.123762228761547	0.431614544814897	77	13	0.775144620568653	0.96397680210393
HROV-vOTU26953	Smoking_Status	Former_Smoker	-0.312335190972898	1.09097676039069	77	76	0.775490107804946	0.964008863207698
HROV-vOTU11438	Sex	M	0.205176151573797	0.717317118138016	77	52	0.775685985414757	0.964008863207698
HROV-vOTU36831	diagnosis	RA	-0.16825220354358	0.587635542080567	77	52	0.775466331473822	0.964008863207698
HROV-vOTU70413	diagnosis	RA	-0.191116744484792	0.667980283934236	77	66	0.775625987922945	0.964008863207698
HROV-vOTU19804	diagnosis	RA	-0.127730227352334	0.44597294933682	77	35	0.775399713470491	0.964008863207698
HROV-vOTU31606	Sex	M	-0.116556768852029	0.407311185137892	77	14	0.775587759656442	0.964008863207698
HROV-vOTU50559	Smoking_Status	Former_Smoker	-0.202907229564461	0.709376806527227	77	11	0.775683547983037	0.964008863207698
HROV-vOTU15938	diagnosis	RA	-0.141600315791785	0.494992661231732	77	17	0.775660976805119	0.964008863207698
HROV-vOTU09462	Age	Age	0.0540642510340981	0.188812942859497	77	8	0.77545339563465	0.964008863207698
HROV-vOTU75179	Age	Age	0.0930458447137462	0.32537027261853	77	30	0.775734497208033	0.964017130946525
HROV-vOTU05947	Sex	M	-0.222644140444681	0.7789166488711	77	64	0.775834344387737	0.964021556510836
HROV-vOTU13318	Sex	M	0.109376950249636	0.382704767905277	77	10	0.775863636557896	0.964021556510836
HROV-vOTU42674	Age	Age	0.0310310458163634	0.108554454914854	77	10	0.775820045735684	0.964021556510836
HROV-vOTU47777	Age	Age	-0.0857926633126593	0.300303284186205	77	71	0.775949900601346	0.9640767269556
HROV-vOTU41415	Smoking_Status	Former_Smoker	-0.660099821084317	2.31186810993296	77	29	0.776072068006933	0.964176497070705
HROV-vOTU23121	Smoking_Status	Former_Smoker	-0.40303404575931	1.41317585702459	77	22	0.776323239327144	0.964280470400957
HROV-vOTU53334	Sex	M	0.228393544925298	0.800665831679478	77	72	0.776279642442256	0.964280470400957
HROV-vOTU03985	diagnosis	RA	-0.193079188723818	0.676984835671894	77	42	0.776317727946975	0.964280470400957
HROV-vOTU36687	diagnosis	RA	0.109386572416406	0.383434104546861	77	24	0.776259222655503	0.964280470400957
HROV-vOTU27630	diagnosis	RA	-0.164328312947873	0.576449261137844	77	16	0.776420528666073	0.964320544585869
HROV-vOTU28139	Smoking_Status	Former_Smoker	-0.205356768456114	0.720435471383861	77	9	0.776439246993303	0.964320544585869
HROV-vOTU34402	Smoking_Status	Never_Smoker	0.378429420721721	1.3298239361806	77	63	0.776801137764814	0.964326991541378
HROV-vOTU02986	Smoking_Status	Never_Smoker	-0.333623933599464	1.17100987076854	77	57	0.7765480400839	0.964326991541378
HROV-vOTU19145	Smoking_Status	Never_Smoker	0.450376307346334	1.58401833708139	77	54	0.776988782242372	0.964326991541378
HROV-vOTU03179	Sex	M	0.101967377475665	0.358560485285686	77	77	0.776947063389765	0.964326991541378
HROV-vOTU27624	Age	Age	0.0913723826952908	0.321009643084283	77	55	0.776748066683817	0.964326991541378
HROV-vOTU15004	Smoking_Status	Former_Smoker	0.449135744549182	1.57889844357897	77	33	0.776884789785505	0.964326991541378
HROV-vOTU68967	diagnosis	RA	0.145087690853301	0.509883808027953	77	18	0.776816837694835	0.964326991541378
HROV-vOTU55046	Age	Age	0.0549238624920381	0.193073145109336	77	13	0.776876903600705	0.964326991541378
HROV-vOTU69926	Smoking_Status	Never_Smoker	0.227888136345852	0.799816001008884	77	8	0.776530526847183	0.964326991541378
HROV-vOTU33484	Age	Age	-0.0492322401160382	0.172825367702564	77	10	0.776575336878166	0.964326991541378
HROV-vOTU71449	Smoking_Status	Never_Smoker	0.269497460333719	0.946764589933571	77	12	0.776740164765507	0.964326991541378
HROV-vOTU15676	Smoking_Status	Never_Smoker	0.130944370568315	0.460380021910687	77	8	0.776911310483871	0.964326991541378
HROV-vOTU12508	Smoking_Status	Former_Smoker	-0.341341893301873	1.19985201506236	77	10	0.77686555239248	0.964326991541378
HROV-vOTU30335	Sex	M	0.238998586559952	0.841248587589179	77	29	0.777160766259024	0.96448846510456
HROV-vOTU53530	Smoking_Status	Never_Smoker	-0.231080705125127	0.819516710804987	77	76	0.778785318760019	0.964592665030021
HROV-vOTU60555	Smoking_Status	Never_Smoker	0.222381751669592	0.787666120171584	77	71	0.778511901189537	0.964592665030021
HROV-vOTU59503	diagnosis	RA	0.163014539188468	0.578761597073639	77	76	0.77902281860892	0.964592665030021
HROV-vOTU66220	Smoking_Status	Never_Smoker	-0.317293800429367	1.12085422714026	77	55	0.777937611437405	0.964592665030021
HROV-vOTU38073	Smoking_Status	Former_Smoker	-0.153708161232818	0.543973015563623	77	77	0.77833183892746	0.964592665030021
HROV-vOTU07321	Sex	M	0.171834758407402	0.608778019390762	77	76	0.77856398270051	0.964592665030021
HROV-vOTU56948	Smoking_Status	Never_Smoker	-0.357721919761826	1.26989424787569	77	41	0.778997375900677	0.964592665030021
HROV-vOTU27614	Age	Age	0.065168991420049	0.231386818360675	77	75	0.779034829502123	0.964592665030021
HROV-vOTU29992	diagnosis	RA	-0.192165796261608	0.682813531641516	77	70	0.779197437775916	0.964592665030021
HROV-vOTU74737	Sex	M	0.289773333292759	1.02423706704997	77	59	0.778064235407572	0.964592665030021
HROV-vOTU46262	Smoking_Status	Never_Smoker	0.322504918772827	1.138526437003	77	53	0.777797851233749	0.964592665030021
HROV-vOTU07112	Smoking_Status	Former_Smoker	0.34948335918799	1.23129516443431	77	72	0.777363710038954	0.964592665030021
HROV-vOTU28448	Sex	M	0.22892580865056	0.80633135964226	77	70	0.777305399065025	0.964592665030021
HROV-vOTU23555	diagnosis	RA	-0.27847877340497	0.984939344932855	77	42	0.77820112639486	0.964592665030021
HROV-vOTU38046	Sex	M	-0.269125489256346	0.954256370213401	77	69	0.778743717684455	0.964592665030021
HROV-vOTU50928	Smoking_Status	Former_Smoker	-0.266093815741607	0.93801770944741	77	44	0.777483692338883	0.964592665030021
HROV-vOTU71847	Sex	M	0.239770150238971	0.846409408953961	77	66	0.777787190650519	0.964592665030021
HROV-vOTU12710	Smoking_Status	Former_Smoker	-0.327726549568648	1.15725481627964	77	28	0.777852912176734	0.964592665030021
HROV-vOTU31171	Smoking_Status	Never_Smoker	-0.284038361770645	1.0063649126534	77	62	0.778579139537299	0.964592665030021
HROV-vOTU09277	Smoking_Status	Former_Smoker	-0.338707686655625	1.20151337681089	77	24	0.778839570326657	0.964592665030021
HROV-vOTU15775	diagnosis	RA	-0.141405435880347	0.501579876948663	77	55	0.778824917519007	0.964592665030021
HROV-vOTU41142	Sex	M	0.158859352286215	0.560799694145313	77	18	0.777791977611096	0.964592665030021
HROV-vOTU16495	Sex	M	0.0969596217764648	0.343954060178185	77	11	0.77884252976765	0.964592665030021
HROV-vOTU31923	Age	Age	0.0650409897011298	0.23013943241001	77	14	0.778293815048681	0.964592665030021
HROV-vOTU02230	Sex	M	-0.155537636752505	0.552332534617327	77	12	0.779068267508057	0.964592665030021
HROV-vOTU01022	Sex	M	-0.202933149200718	0.718144567437999	77	55	0.778321135435385	0.964592665030021
HROV-vOTU38546	Smoking_Status	Never_Smoker	-0.111954978649303	0.397056788617292	77	12	0.778792798065573	0.964592665030021
HROV-vOTU10154	Smoking_Status	Former_Smoker	-0.255740094517775	0.908117647814956	77	28	0.779057453624127	0.964592665030021
HROV-vOTU72168	Smoking_Status	Never_Smoker	0.158732460168389	0.56278382600163	77	13	0.778726669744918	0.964592665030021
HROV-vOTU47874	Sex	M	0.2675307569953	0.950674324827755	77	61	0.779213284421125	0.964592665030021
HROV-vOTU53048	Age	Age	0.0663418258700476	0.235712622887087	77	22	0.77918228712823	0.964592665030021
HROV-vOTU60699	Smoking_Status	Former_Smoker	0.265794001735987	0.939358067373962	77	21	0.778036342612227	0.964592665030021
HROV-vOTU73490	Smoking_Status	Never_Smoker	0.12006777727978	0.426523718275122	77	10	0.779143325713178	0.964592665030021
HROV-vOTU04671	diagnosis	RA	0.174731512720232	0.616871288204154	77	43	0.77780608833287	0.964592665030021
HROV-vOTU74797	Sex	M	-0.121769091400193	0.431217913523978	77	12	0.778470551324846	0.964592665030021
HROV-vOTU24074	Smoking_Status	Former_Smoker	0.292826957632399	1.03477051792353	77	25	0.778009976819644	0.964592665030021
HROV-vOTU56492	Smoking_Status	Former_Smoker	0.412429272295906	1.46019819829209	77	21	0.778422186436042	0.964592665030021
HROV-vOTU39614	Sex	M	-0.213622762625902	0.756275844063568	77	20	0.778407474417053	0.964592665030021
HROV-vOTU73713	diagnosis	RA	-0.067064308285087	0.236449656587886	77	11	0.777519080069102	0.964592665030021
HROV-vOTU21259	Age	Age	-0.0550322133247653	0.195516423973158	77	21	0.779167855205514	0.964592665030021
HROV-vOTU28313	Age	Age	0.0563834523786433	0.200184959180963	77	13	0.779025995488223	0.964592665030021
HROV-vOTU53736	Age	Age	0.0371548439526512	0.131264263421095	77	11	0.777959265496499	0.964592665030021
HROV-vOTU62933	Age	Age	-0.0517999668766215	0.184009323833016	77	8	0.77914017296969	0.964592665030021
HROV-vOTU02547	Smoking_Status	Never_Smoker	-0.127848872888658	0.454146684300384	77	9	0.779134675882225	0.964592665030021
HROV-vOTU37315	Sex	M	-0.151823408109527	0.536544094662653	77	18	0.778026737013191	0.964592665030021
HROV-vOTU03678	Age	Age	-0.0575281803143519	0.203815504101478	77	12	0.778568267566533	0.964592665030021
HROV-vOTU42090	Smoking_Status	Former_Smoker	-0.219398335831078	0.778215389703774	77	8	0.778821192549879	0.964592665030021
HROV-vOTU28665	Age	Age	0.0838415421374076	0.29817716349618	77	34	0.77938994288053	0.964620049387376
HROV-vOTU20938	Smoking_Status	Former_Smoker	-0.320715272955268	1.1400493718881901	77	35	0.779285517960072	0.964620049387376
HROV-vOTU07537	Smoking_Status	Former_Smoker	0.362111209149808	1.28790368595402	77	56	0.779402947416426	0.964620049387376
HROV-vOTU23838	diagnosis	RA	0.100916057864992	0.358884366713977	77	16	0.779379627432275	0.964620049387376
HROV-vOTU30941	Smoking_Status	Never_Smoker	0.318530503715534	1.13391352303565	77	72	0.779594491134062	0.964637052524163
HROV-vOTU30121	diagnosis	RA	-0.166635086684006	0.59345354834943	77	63	0.77968903268642	0.964637052524163
HROV-vOTU21612	Smoking_Status	Never_Smoker	-0.265176692407114	0.944371474832846	77	13	0.779682726317079	0.964637052524163
HROV-vOTU63903	Smoking_Status	Former_Smoker	0.473063378059105	1.68611693379625	77	52	0.779860893212117	0.964637052524163
HROV-vOTU23555	Sex	M	-0.36469176925715	1.29995355476749	77	42	0.779877432954728	0.964637052524163
HROV-vOTU69003	Smoking_Status	Former_Smoker	-0.197853970785564	0.704632073795042	77	9	0.779687727709256	0.964637052524163
HROV-vOTU35445	Age	Age	-0.122310658655805	0.435716500307394	77	48	0.779748010163476	0.964637052524163
HROV-vOTU25655	Smoking_Status	Never_Smoker	0.128672401235425	0.458470676997032	77	9	0.779790697919396	0.964637052524163
HROV-vOTU51026	Sex	M	-0.278645255748445	0.991672285573108	77	66	0.779538953921563	0.964637052524163
HROV-vOTU20449	diagnosis	RA	0.105842234199528	0.377220147907204	77	9	0.779844862510242	0.964637052524163
HROV-vOTU46426	Smoking_Status	Former_Smoker	0.256324251844815	0.912174887215978	77	21	0.779525060653383	0.964637052524163
HROV-vOTU51830	Sex	M	0.0889237760094009	0.317159755714672	77	16	0.780004876067568	0.964691063629026
HROV-vOTU53720	Sex	M	-0.222289265264843	0.792732566269367	77	58	0.779979240957151	0.964691063629026
HROV-vOTU67651	Smoking_Status	Former_Smoker	-0.388818768134117	1.39461471009245	77	56	0.781208652400034	0.964792534889417
HROV-vOTU39112	Sex	M	-0.270465316377842	0.96995730576512	77	39	0.781176272207849	0.964792534889417
HROV-vOTU73341	Smoking_Status	Former_Smoker	0.228751620946124	0.816444298911294	77	76	0.780153888941235	0.964792534889417
HROV-vOTU61820	Smoking_Status	Never_Smoker	0.328044692832234	1.17225572297893	77	42	0.780413502065829	0.964792534889417
HROV-vOTU75400	Sex	M	0.324332312263949	1.16351924921578	77	21	0.781246105458658	0.964792534889417
HROV-vOTU04421	Age	Age	-0.0443657854732803	0.158855205810687	77	75	0.780838496952081	0.964792534889417
HROV-vOTU07037	Age	Age	0.104422763940915	0.374048475556869	77	33	0.780926665709157	0.964792534889417
HROV-vOTU46902	Smoking_Status	Never_Smoker	-0.312057689424672	1.11991808162816	77	38	0.781328521085098	0.964792534889417
HROV-vOTU16572	Age	Age	-0.123413118322619	0.442938732371715	77	49	0.781343706826857	0.964792534889417
HROV-vOTU26508	Sex	M	-0.198697595955511	0.712294282862823	77	72	0.781090769083931	0.964792534889417
HROV-vOTU05314	Smoking_Status	Former_Smoker	0.307599733241114	1.10294591003984	77	43	0.78114055259048	0.964792534889417
HROV-vOTU47931	Sex	M	0.285344196681123	1.02035515959572	77	60	0.780557712928982	0.964792534889417
HROV-vOTU26676	Smoking_Status	Former_Smoker	-0.527671764584593	1.8897856875236	77	32	0.780885390730672	0.964792534889417
HROV-vOTU04797	Age	Age	-0.0958940071898689	0.344053834062911	77	32	0.781271410261106	0.964792534889417
HROV-vOTU71552	Sex	M	-0.111946386807337	0.400162989744505	77	12	0.780481191170297	0.964792534889417
HROV-vOTU39364	Smoking_Status	Never_Smoker	-0.119544862964842	0.428348132463623	77	9	0.780992123559311	0.964792534889417
HROV-vOTU52059	Smoking_Status	Never_Smoker	-0.130591554092345	0.467048946713639	77	8	0.780589688909523	0.964792534889417
HROV-vOTU22959	Age	Age	-0.0562477300458871	0.201799661370833	77	67	0.781261843021732	0.964792534889417
HROV-vOTU58926	Smoking_Status	Former_Smoker	-0.350657231894144	1.25293858894228	77	23	0.780392643541987	0.964792534889417
HROV-vOTU16315	Sex	M	-0.310373482291381	1.11167692147284	77	67	0.780907640067722	0.964792534889417
HROV-vOTU70764	Sex	M	0.238866080566912	0.854638131970315	77	56	0.780678467579065	0.964792534889417
HROV-vOTU17211	Sex	M	0.179028903674333	0.642273710799109	77	25	0.78125279715719	0.964792534889417
HROV-vOTU41205	diagnosis	RA	-0.179639025128876	0.641743378883397	77	47	0.780350154095284	0.964792534889417
HROV-vOTU27507	Sex	M	0.12855330135685	0.461112132548378	77	17	0.781216647361664	0.964792534889417
HROV-vOTU73713	Age	Age	0.0337923714512978	0.120972925234844	77	11	0.78079732455528	0.964792534889417
HROV-vOTU38448	diagnosis	RA	-0.146254953893582	0.523682831115131	77	15	0.780840695770995	0.964792534889417
HROV-vOTU72389	Sex	M	0.13653250888034	0.487482152184807	77	10	0.780232877051517	0.964792534889417
HROV-vOTU53278	Smoking_Status	Former_Smoker	-0.225560998689706	0.809038083114635	77	11	0.781207638964101	0.964792534889417
HROV-vOTU60377	Age	Age	-0.0504776208310768	0.180950164359994	77	8	0.781087459555992	0.964792534889417
HROV-vOTU08856	diagnosis	RA	-0.072718249167774	0.260025372598572	77	9	0.780552788622774	0.964792534889417
HROV-vOTU75566	diagnosis	RA	-0.13773486887613	0.494779796472688	77	14	0.781532792721054	0.964897371741403
HROV-vOTU48190	diagnosis	RA	0.111751436748401	0.401481067917619	77	15	0.781554301887283	0.964897371741403
HROV-vOTU52324	Smoking_Status	Former_Smoker	-0.221076224975313	0.794219040864563	77	10	0.781547589006019	0.964897371741403
HROV-vOTU15935	Age	Age	-0.0652839959467521	0.237489381729257	77	75	0.784197346512217	0.964909138145478
HROV-vOTU01894	Sex	M	0.155267803929983	0.564891751323213	77	76	0.78421979733442	0.964909138145478
HROV-vOTU66954	diagnosis	RA	0.126839882694285	0.461590496474749	77	15	0.784276552430163	0.964909138145478
HROV-vOTU35521	Sex	M	0.268334343795615	0.981499370517313	77	41	0.785345398492472	0.964909138145478
HROV-vOTU32613	Smoking_Status	Never_Smoker	0.324530736921068	1.18242356389329	77	68	0.784526355359387	0.964909138145478
HROV-vOTU52624	Smoking_Status	Former_Smoker	0.382733213776573	1.39108535993675	77	65	0.784013297344287	0.964909138145478
HROV-vOTU15831	Sex	M	-0.151401850969166	0.548703731022871	77	74	0.78340612976161506	0.964909138145478
HROV-vOTU24797	diagnosis	RA	-0.160776033736213	0.584729620506828	77	70	0.784147121781582	0.964909138145478
HROV-vOTU13785	Sex	M	-0.267648426322964	0.973594625336724	77	68	0.784185724653239	0.964909138145478
HROV-vOTU34499	Smoking_Status	Never_Smoker	0.27375969728125	0.98441593172849	77	64	0.781748816620409	0.964909138145478
HROV-vOTU01792	Sex	M	-0.229929237486458	0.839962696230276	77	51	0.785081176950246	0.964909138145478
HROV-vOTU34131	diagnosis	RA	-0.0994635836829014	0.362424934319606	77	74	0.784544117152403	0.964909138145478
HROV-vOTU59570	Smoking_Status	Never_Smoker	-0.241069225982747	0.883820608497651	77	73	0.785830921173362	0.964909138145478
HROV-vOTU61871	diagnosis	RA	-0.139620220385674	0.512343152818799	77	76	0.786018511875228	0.964909138145478
HROV-vOTU40887	Sex	M	0.1254986761533	0.459953153290274	77	37	0.785759791509001	0.964909138145478
HROV-vOTU46349	Age	Age	0.114414322407042	0.418635875596875	77	45	0.785413956540338	0.964909138145478
HROV-vOTU45672	Smoking_Status	Never_Smoker	0.413149713937237	1.50150761555213	77	42	0.783995097050136	0.964909138145478
HROV-vOTU36805	Age	Age	-0.0357447267964601	0.12972917281376	77	77	0.783706754817184	0.964909138145478
HROV-vOTU42180	Smoking_Status	Never_Smoker	0.241667639951367	0.87094654132705	77	48	0.782220199722135	0.964909138145478
HROV-vOTU28719	diagnosis	RA	0.205075075003062	0.739669068515005	77	27	0.782391900165092	0.964909138145478
HROV-vOTU20894	Age	Age	0.0627290458321092	0.229620556181075	77	22	0.78550356204515	0.964909138145478
HROV-vOTU34262	diagnosis	RA	-0.245885237825585	0.894606340217915	77	27	0.784227397479005	0.964909138145478
HROV-vOTU03660	diagnosis	RA	0.128911334252693	0.468556606443746	77	74	0.784019760913967	0.964909138145478
HROV-vOTU46624	Sex	M	-0.184514129725094	0.676440920204756	77	70	0.785820289762233	0.964909138145478
HROV-vOTU30486	Smoking_Status	Never_Smoker	0.37942486369316	1.38667618056994	77	50	0.785169677663859	0.964909138145478
HROV-vOTU35660	Age	Age	0.0910598167442233	0.333945447381578	77	46	0.785891697560388	0.964909138145478
HROV-vOTU43245	diagnosis	RA	-0.106738194400683	0.383732439332107	77	75	0.781699631568284	0.964909138145478
HROV-vOTU55957	Smoking_Status	Former_Smoker	-0.102457913089997	0.37017590297071	77	76	0.782751927601525	0.964909138145478
HROV-vOTU03559	Age	Age	-0.0909971861632451	0.3336150184378	77	66	0.785828651175173	0.964909138145478
HROV-vOTU44417	Sex	M	0.157206193183803	0.574121763799531	77	77	0.785017752097528	0.964909138145478
HROV-vOTU36786	Smoking_Status	Never_Smoker	-0.248768663877162	0.89710787401726	77	15	0.782354998372367	0.964909138145478
HROV-vOTU06026	Sex	M	-0.178257697919659	0.64843069604996	77	72	0.78418659585514106	0.964909138145478
HROV-vOTU23255	Smoking_Status	Former_Smoker	-0.494682449645595	1.78094311615242	77	55	0.782000515256265	0.964909138145478
HROV-vOTU24821	Age	Age	-0.0387274704015213	0.140660678558642	77	9	0.783865864347825	0.964909138145478
HROV-vOTU29891	diagnosis	RA	-0.178741715524774	0.646490363721272	77	23	0.782982602742748	0.964909138145478
HROV-vOTU33222	Sex	M	0.250878601007774	0.920921400823587	77	45	0.786088808071448	0.964909138145478
HROV-vOTU21435	Smoking_Status	Never_Smoker	0.264170717323573	0.96077460299696	77	71	0.78414860192183	0.964909138145478
HROV-vOTU01908	diagnosis	RA	-0.171509867244149	0.620463251119971	77	29	0.783026821177331	0.964909138145478
HROV-vOTU10023	Smoking_Status	Former_Smoker	0.236875161839338	0.863887122850593	77	53	0.784729511387884	0.964909138145478
HROV-vOTU01037	Smoking_Status	Former_Smoker	0.230921863887417	0.844512561898106	77	9	0.785310358970047	0.964909138145478
HROV-vOTU74367	Age	Age	0.0542407787877033	0.196308673367351	77	74	0.783117655721201	0.964909138145478
HROV-vOTU48334	Sex	M	0.270496115400779	0.975673704111509	77	61	0.782401170109172	0.964909138145478
HROV-vOTU14148	Sex	M	-0.300792901464535	1.09020792696573	77	68	0.783423151825649	0.964909138145478
HROV-vOTU00059	diagnosis	RA	-0.151520567852712	0.549285389641203	77	14	0.783464314570056	0.964909138145478
HROV-vOTU31580	Smoking_Status	Never_Smoker	0.166874169821277	0.611758590451767	77	13	0.785815825030293	0.964909138145478
HROV-vOTU27520	Smoking_Status	Never_Smoker	0.326246233958253	1.19538109961409	77	52	0.785705151033891	0.964909138145478
HROV-vOTU70617	Smoking_Status	Never_Smoker	0.217765820277383	0.793414366440371	77	72	0.784523020334082	0.964909138145478
HROV-vOTU47801	diagnosis	RA	-0.12154266573401	0.44601936398417	77	23	0.786024440599843	0.964909138145478
HROV-vOTU52590	diagnosis	RA	0.159661189192452	0.578305319981789	77	48	0.783285124436822	0.964909138145478
HROV-vOTU37886	Age	Age	0.0898793828820762	0.326935532705437	77	31	0.784180187569771	0.964909138145478
HROV-vOTU34645	Sex	M	-0.207145585770242	0.755039354996099	77	65	0.784611783597418	0.964909138145478
HROV-vOTU63664	diagnosis	RA	0.169715576116065	0.610792995306394	77	34	0.78192656405673	0.964909138145478
HROV-vOTU07931	diagnosis	RA	0.248680923656907	0.897803700762198	77	37	0.782594086054466	0.964909138145478
HROV-vOTU01038	Smoking_Status	Never_Smoker	-0.137600481293781	0.49537675546517	77	9	0.781996664680561	0.964909138145478
HROV-vOTU48217	Sex	M	0.0931442945831949	0.340011220657716	77	10	0.784922481693405	0.964909138145478
HROV-vOTU19773	Smoking_Status	Former_Smoker	-0.295875468096636	1.06495896944007	77	23	0.781951790546278	0.964909138145478
HROV-vOTU66687	Age	Age	-0.0721930189529	0.263152965578621	77	23	0.784621046253787	0.964909138145478
HROV-vOTU08460	Sex	M	0.193711284911874	0.699554147821921	77	8	0.78265626383187	0.964909138145478
HROV-vOTU29160	diagnosis	RA	-0.103981646056563	0.376042184855349	77	14	0.782955208938221	0.964909138145478
HROV-vOTU08851	Sex	M	0.339972273772339	1.23118800693635	77	49	0.783247700898278	0.964909138145478
HROV-vOTU74563	Smoking_Status	Never_Smoker	-0.350737336265028	1.28222211827966	77	26	0.785233327803991	0.964909138145478
HROV-vOTU34386	Sex	M	0.178870459847968	0.653866948157213	77	23	0.785218620341493	0.964909138145478
HROV-vOTU04013	Age	Age	0.0518711162596731	0.188490901100059	77	15	0.783968293868606	0.964909138145478
HROV-vOTU08786	Age	Age	0.0824331464185358	0.299793564493595	77	15	0.784140651906551	0.964909138145478
HROV-vOTU23903	Smoking_Status	Former_Smoker	0.449068204058566	1.64007526631488	77	32	0.785026011068757	0.964909138145478
HROV-vOTU56910	Smoking_Status	Never_Smoker	0.235814430146452	0.849715680509664	77	52	0.782186124565705	0.964909138145478
HROV-vOTU64896	Smoking_Status	Former_Smoker	0.226359258189898	0.828729781273381	77	19	0.785538521753258	0.964909138145478
HROV-vOTU04737	Age	Age	-0.0630922158507986	0.227678623529926	77	20	0.782500201865452	0.964909138145478
HROV-vOTU04734	Sex	M	-0.200663493561425	0.732846847172866	77	42	0.785022817210815	0.964909138145478
HROV-vOTU23188	Sex	M	0.12063018977	0.442727089483665	77	14	0.786050926113225	0.964909138145478
HROV-vOTU74803	Age	Age	-0.0508758436411844	0.185899997772682	77	34	0.785130364484059	0.964909138145478
HROV-vOTU18362	Smoking_Status	Former_Smoker	0.569603172957492	2.08138841081	77	54	0.785136621412404	0.964909138145478
HROV-vOTU48740	Sex	M	-0.083928631175354	0.307310154791035	77	8	0.785563600172364	0.964909138145478
HROV-vOTU07429	Smoking_Status	Never_Smoker	0.105269163145252	0.379743977925981	77	13	0.782423701392357	0.964909138145478
HROV-vOTU21643	diagnosis	RA	-0.0847123596715398	0.30866788248882	77	18	0.78453961825421	0.964909138145478
HROV-vOTU32022	Sex	M	0.215939373134349	0.792017636789057	77	52	0.785917781733415	0.964909138145478
HROV-vOTU51288	diagnosis	RA	-0.141344888389541	0.509577988310628	77	51	0.782297160143424	0.964909138145478
HROV-vOTU73417	Smoking_Status	Former_Smoker	0.281314690792781	1.01710780066932	77	19	0.782903920158138	0.964909138145478
HROV-vOTU75872	Sex	M	0.143081202332171	0.524905859272098	77	18	0.785963838146036	0.964909138145478
HROV-vOTU46374	Smoking_Status	Former_Smoker	0.294289630295847	1.06022751241305	77	21	0.782147449320879	0.964909138145478
HROV-vOTU11220	Age	Age	0.0555172052480977	0.202665880872445	77	21	0.784930232432753	0.964909138145478
HROV-vOTU62662	diagnosis	RA	-0.132541859221519	0.477322676605119	77	35	0.782066749495796	0.964909138145478
HROV-vOTU11476	diagnosis	RA	0.105754168427881	0.380757710614481	77	17	0.782014044348171	0.964909138145478
HROV-vOTU23838	Sex	M	-0.130269756498522	0.473666739642853	77	16	0.784096493023481	0.964909138145478
HROV-vOTU07118	Smoking_Status	Never_Smoker	0.327719410234288	1.19795800181818	77	23	0.785213155554651	0.964909138145478
HROV-vOTU74463	Smoking_Status	Former_Smoker	-0.275364328948001	1.00553547104839	77	15	0.784996205518356	0.964909138145478
HROV-vOTU63352	Sex	M	-0.17647973933988	0.639776380858528	77	20	0.783467662939558	0.964909138145478
HROV-vOTU40268	Age	Age	0.0809079703020407	0.291829018341753	77	17	0.782398045930777	0.964909138145478
HROV-vOTU20279	Smoking_Status	Never_Smoker	0.234316645890651	0.858486408449551	77	28	0.785690429575647	0.964909138145478
HROV-vOTU44531	Age	Age	-0.0648942613693302	0.237757971352644	77	14	0.785689713170395	0.964909138145478
HROV-vOTU07216	diagnosis	RA	-0.138900652610304	0.506950962990361	77	26	0.78488611128117	0.964909138145478
HROV-vOTU08866	diagnosis	RA	0.186262148395135	0.671119660566639	77	17	0.782172490821796	0.964909138145478
HROV-vOTU65289	diagnosis	RA	0.0945412461991439	0.345346365107275	77	16	0.785065624872473	0.964909138145478
HROV-vOTU08031	Age	Age	-0.0398852750674637	0.144251292676024	77	9	0.782968475581257	0.964909138145478
HROV-vOTU48096	Smoking_Status	Never_Smoker	-0.205808030349934	0.750749347287289	77	12	0.784775494733461	0.964909138145478
HROV-vOTU61514	Smoking_Status	Former_Smoker	-0.189297653723748	0.682210841801502	77	21	0.78222038928127	0.964909138145478
HROV-vOTU28588	Smoking_Status	Former_Smoker	-0.240444710253344	0.867693936210574	77	16	0.782502572652662	0.964909138145478
HROV-vOTU38863	Sex	M	0.123748508904413	0.449998143070229	77	13	0.784116581266606	0.964909138145478
HROV-vOTU08391	Smoking_Status	Former_Smoker	0.224513132994105	0.821850041039857	77	8	0.785507774710591	0.964909138145478
HROV-vOTU60785	diagnosis	RA	0.0481495027590107	0.176592044905086	77	9	0.785906395286816	0.964909138145478
HROV-vOTU53736	Smoking_Status	Former_Smoker	-0.170661377907819	0.618660666523233	77	11	0.783459843787985	0.964909138145478
HROV-vOTU16271	Smoking_Status	Former_Smoker	-0.386995629856667	1.40067750817317	77	24	0.783126669367801	0.964909138145478
HROV-vOTU58307	Sex	M	-0.12514541127486	0.452462446116399	77	12	0.782900528228711	0.964909138145478
HROV-vOTU61745	Age	Age	-0.0588461552009312	0.21269904798986	77	15	0.782841992245877	0.964909138145478
HROV-vOTU03678	Sex	M	-0.143408312388073	0.525782433533472	77	12	0.78583543965856	0.964909138145478
HROV-vOTU18375	Age	Age	0.0316065049748754	0.115361417561252	77	8	0.784896948556186	0.964909138145478
HROV-vOTU20955	Smoking_Status	Former_Smoker	-0.220504951809321	0.808386536452514	77	10	0.785820521834125	0.964909138145478
HROV-vOTU04091	Smoking_Status	Former_Smoker	0.172958807699527	0.62482390535862	77	8	0.782728684041821	0.964909138145478
HROV-vOTU55466	Smoking_Status	Former_Smoker	-0.215766189847766	0.79227208251143	77	12	0.786152208647647	0.964935530840234
HROV-vOTU18116	Age	Age	0.0682463602288234	0.2507772207135	77	76	0.786304679606369	0.965044161295237
HROV-vOTU32613	Smoking_Status	Former_Smoker	-0.45420675742632	1.66918136964604	77	68	0.78632451961377	0.965044161295237
HROV-vOTU70414	Sex	M	-0.150354363684682	0.55283098676235	77	18	0.786433126530415	0.965126020675448
HROV-vOTU69936	Sex	M	-0.143391614188234	0.527416130348367	77	25	0.786506642237126	0.965164809011617
HROV-vOTU04802	Smoking_Status	Former_Smoker	0.308544051253472	1.13554287307431	77	74	0.786629681157077	0.965212933936144
HROV-vOTU41084	Sex	M	-0.15647920520227	0.575850134032732	77	11	0.786613619903552	0.965212933936144
HROV-vOTU34779	Age	Age	-0.0508417014186432	0.187235635588137	77	32	0.786764802986464	0.965222165601341
HROV-vOTU18057	Smoking_Status	Never_Smoker	0.215945290053958	0.795761902047206	77	14	0.786894530269594	0.965222165601341
HROV-vOTU59097	Age	Age	0.0847696214339054	0.312124828089063	77	21	0.786726316110161	0.965222165601341
HROV-vOTU02911	Sex	M	0.148658376167114	0.547613983220222	77	18	0.786820687117666	0.965222165601341
HROV-vOTU51625	Sex	M	-0.208469846802183	0.768348050183065	77	23	0.786930585381276	0.965222165601341
HROV-vOTU28569	Smoking_Status	Never_Smoker	0.128922125129624	0.475005231789868	77	11	0.786861757863614	0.965222165601341
HROV-vOTU25012	Age	Age	-0.0569681148764366	0.209869773772152	77	16	0.786836438502792	0.965222165601341
HROV-vOTU00352	Age	Age	-0.0888535401141433	0.328099613690181	77	65	0.787320840225796	0.965238166111263
HROV-vOTU23807	Age	Age	-0.0876564361201772	0.323378112672644	77	58	0.787127685171431	0.965238166111263
HROV-vOTU52452	Sex	M	0.346496276149113	1.27855859969344	77	58	0.787173222247194	0.965238166111263
HROV-vOTU06240	Smoking_Status	Former_Smoker	0.360497070780557	1.32945753457856	77	23	0.787054004300661	0.965238166111263
HROV-vOTU23382	Age	Age	0.0335594711664379	0.123846123674503	77	10	0.787194848079356	0.965238166111263
HROV-vOTU32579	Sex	M	0.110263728506379	0.407133908994443	77	8	0.787308237149313	0.965238166111263
HROV-vOTU61026	Sex	M	0.117304621359066	0.433134215576664	77	8	0.787309560022323	0.965238166111263
HROV-vOTU63450	Smoking_Status	Former_Smoker	-0.196703104006902	0.72614697992858	77	24	0.787264626610395	0.965238166111263
HROV-vOTU06178	Sex	M	0.133585394779778	0.492708762732204	77	8	0.787082018726072	0.965238166111263
HROV-vOTU41002	Smoking_Status	Never_Smoker	-0.23105002534482	0.853705991674814	77	66	0.787450414702791	0.965294248714818
HROV-vOTU37474	Smoking_Status	Never_Smoker	0.273071968669316	1.0089549793594	77	53	0.787446766052408	0.965294248714818
HROV-vOTU59876	diagnosis	RA	-0.116621872452659	0.431283074343967	77	8	0.78763180742462	0.965413833891585
HROV-vOTU20454	Smoking_Status	Never_Smoker	0.102532072018605	0.379142750512954	77	11	0.787613019960147	0.965413833891585
HROV-vOTU09573	Age	Age	-0.0489421632423507	0.181033080242834	77	14	0.787675869323866	0.965416459314988
HROV-vOTU48198	diagnosis	RA	0.129167604634319	0.477964411181816	77	25	0.78775558795243406	0.965462784872787
HROV-vOTU20478	diagnosis	RA	-0.167088035679076	0.618618357843569	77	37	0.787867837469792	0.965548972803816
HROV-vOTU67613	Age	Age	0.0279381714596854	0.103465451926507	77	8	0.787924980873467	0.96556762142904
HROV-vOTU74504	Smoking_Status	Former_Smoker	0.121725097159108	0.451105230023336	77	8	0.788068025835484	0.965588776068908
HROV-vOTU63450	Age	Age	-0.0415749380643771	0.154070160935628	77	24	0.788062880464314	0.965588776068908
HROV-vOTU50156	Smoking_Status	Former_Smoker	-0.368971317553782	1.36729260033673	77	12	0.788054277388973	0.965588776068908
HROV-vOTU56119	Sex	M	0.212953555826338	0.790257616567416	77	42	0.788346878866359	0.965827674236208
HROV-vOTU69097	Sex	M	0.0734410310195345	0.272534676014948	77	9	0.788346502443372	0.965827674236208
HROV-vOTU25189	Smoking_Status	Former_Smoker	0.340927749762225	1.26599089636612	77	56	0.788482090552101	0.965941940816793
HROV-vOTU27520	Smoking_Status	Former_Smoker	-0.454019596953648	1.68747301900261	77	52	0.788669253383287	0.966113563982952
HROV-vOTU05683	Smoking_Status	Former_Smoker	0.278627007275397	1.03576927181884	77	19	0.788706084083521	0.966113563982952
HROV-vOTU01210	Smoking_Status	Former_Smoker	-0.536215235547357	1.99535849405014	77	55	0.788915809077276	0.966205683205561
HROV-vOTU44787	Age	Age	-0.0837656564065187	0.311757772998387	77	31	0.78894877491028	0.966205683205561
HROV-vOTU49940	Smoking_Status	Never_Smoker	0.260742310792988	0.970428402825216	77	12	0.788949104328293	0.966205683205561
HROV-vOTU60699	diagnosis	RA	0.104732040057118	0.389561182517397	77	21	0.788827727797388	0.966205683205561
HROV-vOTU17380	Smoking_Status	Never_Smoker	0.217649750732252	0.811114299197962	77	40	0.789220146120313	0.966220637815251
HROV-vOTU53362	Smoking_Status	Never_Smoker	-0.171466092564285	0.639356899030146	77	14	0.789334370500212	0.966220637815251
HROV-vOTU40608	diagnosis	RA	0.0997155910151895	0.371780737762327	77	9	0.789314823987182	0.966220637815251
HROV-vOTU51707	Smoking_Status	Former_Smoker	-0.310203694610683	1.1555823051051	77	8	0.789139627278847	0.966220637815251
HROV-vOTU39080	Smoking_Status	Former_Smoker	-0.243772387705883	0.908990205122176	77	14	0.789338909242559	0.966220637815251
HROV-vOTU00058	Sex	M	-0.205966178649242	0.767772350813288	77	20	0.789273507034724	0.966220637815251
HROV-vOTU01715	Smoking_Status	Former_Smoker	0.6204249117381	2.31151809124271	77	28	0.789165284170627	0.966220637815251
HROV-vOTU25193	Sex	M	0.273708485507073	1.02030450663491	77	26	0.789275868356325	0.966220637815251
HROV-vOTU66452	Sex	M	-0.25549050100239	0.951261131759169	77	28	0.789031132644801	0.966220637815251
HROV-vOTU12973	Age	Age	-0.0630363244485389	0.23516582649977	77	63	0.789437654890597	0.966290151056628
HROV-vOTU13689	diagnosis	RA	0.1145375390046	0.427635507165825	77	42	0.789599699180286	0.966437131809204
HROV-vOTU37086	Sex	M	0.130185841870265	0.486432786816369	77	15	0.78975717986686	0.966578511576435
HROV-vOTU18475	Age	Age	0.0178185736068369	0.0666423573578712	77	10	0.789954753701318	0.966614843937164
HROV-vOTU40683	Smoking_Status	Never_Smoker	0.290661445942377	1.08684288736584	77	25	0.789908448394293	0.966614843937164
HROV-vOTU02175	Smoking_Status	Never_Smoker	-0.216021093098316	0.807873938064362	77	12	0.789940601764217	0.966614843937164
HROV-vOTU52056	diagnosis	RA	-0.0757121598401266	0.283057478041574	77	9	0.789875232707586	0.966614843937164
HROV-vOTU14097	Sex	M	0.209635876844274	0.785071417559191	77	53	0.790221855446081	0.966890305542623
HROV-vOTU02863	Smoking_Status	Never_Smoker	0.129040667573477	0.483673435833891	77	10	0.790401934890025	0.967059265819332
HROV-vOTU71829	Sex	M	0.109828351521751	0.411750709140868	77	12	0.790446336665996	0.967062214907453
HROV-vOTU03607	Smoking_Status	Never_Smoker	0.328199609391912	1.23107280135025	77	47	0.790552662613239	0.967089547433491
HROV-vOTU02347	Smoking_Status	Former_Smoker	-0.303149445620781	1.13702454754613	77	19	0.790537307365106	0.967089547433491
HROV-vOTU60071	Sex	M	-0.318934074680718	1.19709370417736	77	42	0.790685176375241	0.967160616958424
HROV-vOTU72289	Sex	M	0.291446472224687	1.09397242679915	77	24	0.790694750156023	0.967160616958424
HROV-vOTU69242	Age	Age	0.0290420479888001	0.10903731477772	77	9	0.79074195296546	0.967166985861944
HROV-vOTU45866	diagnosis	RA	0.172910700783341	0.650523401957003	77	12	0.791161684810308	0.967218048687833
HROV-vOTU21834	Smoking_Status	Never_Smoker	0.439568002749667	1.65373076258579	77	61	0.791160595611751	0.967218048687833
HROV-vOTU34854	Smoking_Status	Former_Smoker	0.437587868094022	1.64610178410772	77	46	0.791138377199127	0.967218048687833
HROV-vOTU03278	Sex	M	-0.108189420495049	0.4065086194172	77	13	0.79090044557499	0.967218048687833
HROV-vOTU30475	Age	Age	0.113780539159867	0.427491252829807	77	35	0.790888355972788	0.967218048687833
HROV-vOTU47446	Age	Age	-0.0545598955341831	0.205234387879772	77	14	0.791131421911343	0.967218048687833
HROV-vOTU56596	Smoking_Status	Never_Smoker	-0.338141138426103	1.27115858708814	77	35	0.791002312332116	0.967218048687833
HROV-vOTU65351	Smoking_Status	Never_Smoker	-0.18897090646172	0.71049292075475	77	15	0.791031949568767	0.967218048687833
HROV-vOTU22674	Age	Age	-0.074364437678891	0.279645867254143	77	12	0.791068729336358	0.967218048687833
HROV-vOTU07552	Sex	M	0.282576344487991	1.06562926382454	77	62	0.791644401393869	0.967264260866765
HROV-vOTU59157	Smoking_Status	Never_Smoker	0.323102092033975	1.22063944140058	77	51	0.792008235654559	0.967264260866765
HROV-vOTU15797	Smoking_Status	Former_Smoker	-0.247420533439751	0.935153956125899	77	67	0.792101635655987	0.967264260866765
HROV-vOTU36805	Smoking_Status	Former_Smoker	-0.161631318244936	0.611425641897675	77	77	0.792274891875219	0.967264260866765
HROV-vOTU23447	Sex	M	-0.193458473527287	0.734131029611402	77	24	0.792912832537999	0.967264260866765
HROV-vOTU28797	Age	Age	-0.0387853261575825	0.14657628791706	77	10	0.792077743005362	0.967264260866765
HROV-vOTU69059	Smoking_Status	Former_Smoker	-0.300452853384766	1.13157228419319	77	33	0.791379854049939	0.967264260866765
HROV-vOTU42237	Sex	M	0.23344748180455	0.889403465360842	77	45	0.79371421915584806	0.967264260866765
HROV-vOTU42257	diagnosis	RA	-0.153836599175316	0.585297869023788	77	47	0.793439171252777	0.967264260866765
HROV-vOTU19384	diagnosis	RA	0.141576641902467	0.534684061014213	77	54	0.791941814660543	0.967264260866765
HROV-vOTU19129	Smoking_Status	Former_Smoker	0.427809260837758	1.62670724316035	77	44	0.793319239473972	0.967264260866765
HROV-vOTU26597	Sex	M	0.169244555983538	0.638054447511965	77	40	0.791584755759511	0.967264260866765
HROV-vOTU49611	Sex	M	0.131062489217633	0.495094425583482	77	72	0.791990460684586	0.967264260866765
HROV-vOTU49444	Sex	M	-0.240240825920565	0.904443426476349	77	70	0.791299458974395	0.967264260866765
HROV-vOTU62491	Smoking_Status	Never_Smoker	0.27631320617449	1.04662718934959	77	69	0.79254203131535	0.967264260866765
HROV-vOTU74718	diagnosis	RA	-0.0814682277463887	0.31008167864266	77	9	0.793518405994631	0.967264260866765
HROV-vOTU64997	Sex	M	-0.11612381822207	0.442085949768391	77	12	0.793563717251903	0.967264260866765
HROV-vOTU10093	Sex	M	-0.110408272894926	0.419735514820384	77	8	0.793279666012838	0.967264260866765
HROV-vOTU29370	Age	Age	-0.0528044980700871	0.200285862942639	77	17	0.792816657781798	0.967264260866765
HROV-vOTU23941	Smoking_Status	Former_Smoker	-0.418053157469146	1.58958846360517	77	41	0.793316438735948	0.967264260866765
HROV-vOTU09380	Age	Age	0.0881319174514217	0.333751021978329	77	38	0.79249491179398	0.967264260866765
HROV-vOTU58365	Smoking_Status	Former_Smoker	0.491445235510657	1.86769871038857	77	40	0.793213439169263	0.967264260866765
HROV-vOTU02230	Age	Age	-0.0565216698680886	0.214107445960366	77	12	0.792554355428801	0.967264260866765
HROV-vOTU08400	Age	Age	-0.0530972437530161	0.200358890829181	77	15	0.791769121364132	0.967264260866765
HROV-vOTU72645	Smoking_Status	Former_Smoker	-0.393364234163255	1.49916428754918	77	43	0.793781370983317	0.967264260866765
HROV-vOTU60030	Age	Age	-0.0500321607657576	0.189177538970274	77	11	0.792182466257408	0.967264260866765
HROV-vOTU03587	Sex	M	0.229158167924274	0.869180542332074	77	40	0.792814457002037	0.967264260866765
HROV-vOTU41535	diagnosis	RA	0.0995201476419147	0.378908669876342	77	14	0.793581420572021	0.967264260866765
HROV-vOTU05763	diagnosis	RA	-0.211431955870075	0.80201117875929	77	47	0.792830830543166	0.967264260866765
HROV-vOTU31463	Smoking_Status	Former_Smoker	-0.349220393206504	1.32996565054553	77	39	0.793635877135105	0.967264260866765
HROV-vOTU73771	Sex	M	0.1831031647647	0.692542494064355	77	37	0.792243332307742	0.967264260866765
HROV-vOTU49325	Smoking_Status	Former_Smoker	0.313164530310292	1.1915057502302	77	30	0.793442099843562	0.967264260866765
HROV-vOTU65507	Age	Age	0.0667360146140753	0.252479566736524	77	40	0.792297235607674	0.967264260866765
HROV-vOTU60366	Smoking_Status	Former_Smoker	-0.232791059103377	0.885152840484794	77	11	0.793315870112661	0.967264260866765
HROV-vOTU20731	diagnosis	RA	0.135687083889215	0.514222555105972	77	24	0.792645693365261	0.967264260866765
HROV-vOTU42183	Sex	M	-0.172576404230519	0.651351264695609	77	26	0.791814627533614	0.967264260866765
HROV-vOTU48539	Smoking_Status	Never_Smoker	-0.140545442256877	0.532794768812523	77	15	0.792706574228725	0.967264260866765
HROV-vOTU46268	Sex	M	0.195822081706344	0.738870675766952	77	26	0.791755134103799	0.967264260866765
HROV-vOTU26634	Smoking_Status	Former_Smoker	0.200739187914648	0.764943218841276	77	9	0.793754778040629	0.967264260866765
HROV-vOTU51360	diagnosis	RA	-0.104910443048413	0.396968768975489	77	21	0.79233069906002	0.967264260866765
HROV-vOTU63584	diagnosis	RA	0.0915512713767111	0.346884536351955	77	19	0.792602762565361	0.967264260866765
HROV-vOTU33217	Age	Age	-0.0522359266909552	0.199100045803341	77	21	0.793803496759959	0.967264260866765
HROV-vOTU44375	Sex	M	0.20086953130051	0.760331401077458	77	35	0.79240131725443	0.967264260866765
HROV-vOTU49935	diagnosis	RA	-0.116398519245302	0.442778071753593	77	11	0.793402637675486	0.967264260866765
HROV-vOTU59097	Smoking_Status	Never_Smoker	-0.27418636585619	1.0420867228473	77	21	0.793225679305362	0.967264260866765
HROV-vOTU67206	Smoking_Status	Never_Smoker	-0.197970282073613	0.754547192021268	77	22	0.793796237042567	0.967264260866765
HROV-vOTU47851	Age	Age	-0.0299399852275252	0.113666127684378	77	10	0.793003011303712	0.967264260866765
HROV-vOTU16567	diagnosis	RA	-0.11979263279482	0.453994293181658	77	10	0.792649270407824	0.967264260866765
HROV-vOTU60104	diagnosis	RA	-0.164286012953936	0.622561670025739	77	38	0.792631318658854	0.967264260866765
HROV-vOTU15867	Smoking_Status	Never_Smoker	-0.147790348758816	0.560342005917343	77	17	0.79273637178559	0.967264260866765
HROV-vOTU14008	Age	Age	-0.0403046375147834	0.152894818525605	77	11	0.792843854635306	0.967264260866765
HROV-vOTU09885	diagnosis	RA	0.0531820370725007	0.200582204114207	77	9	0.79167114697842	0.967264260866765
HROV-vOTU25193	Smoking_Status	Former_Smoker	0.492021126088041	1.86409031211812	77	26	0.792585335807317	0.967264260866765
HROV-vOTU54685	Sex	M	0.172085496789929	0.651877229482424	77	12	0.792556573432557	0.967264260866765
HROV-vOTU11253	Sex	M	0.0837942956195894	0.318333245662249	77	8	0.793137079161398	0.967264260866765
HROV-vOTU21900	Smoking_Status	Former_Smoker	0.202253108727702	0.769370799485931	77	13	0.793403494773269	0.967264260866765
HROV-vOTU19674	Age	Age	-0.0491275126838306	0.186526055623758	77	10	0.793019420237629	0.967264260866765
HROV-vOTU66429	Sex	M	0.0826434852443156	0.314406339647702	77	8	0.793423093686471	0.967264260866765
HROV-vOTU71573	diagnosis	RA	-0.0802228172769925	0.302912640358113	77	9	0.791901510074795	0.967264260866765
HROV-vOTU32179	Smoking_Status	Former_Smoker	-0.207372280515154	0.790063711121856	77	10	0.793715048396562	0.967264260866765
HROV-vOTU16452	Smoking_Status	Never_Smoker	-0.130464058199923	0.492505604015789	77	10	0.791855090494491	0.967264260866765
HROV-vOTU14647	Sex	M	0.0592749025394857	0.225615265826301	77	9	0.793522955671754	0.967264260866765
HROV-vOTU03079	diagnosis	RA	-0.181340847615893	0.691556769066208	77	10	0.793910219687828	0.967343122554927
HROV-vOTU62383	Sex	M	0.146727814996653	0.559966087278233	77	16	0.794057174025231	0.967470993429324
HROV-vOTU08388	Sex	M	0.23633349479892	0.902348469331448	77	62	0.794149691208199	0.967532528621109
HROV-vOTU46268	Smoking_Status	Never_Smoker	0.250389164622767	0.956258090027393	77	26	0.794200896381321	0.967543728505174
HROV-vOTU23606	Sex	M	0.223737453305413	0.856627802334408	77	71	0.794706766475204	0.967571918976812
HROV-vOTU57623	diagnosis	RA	0.199359554727224	0.762238939474027	77	40	0.794429719450291	0.967571918976812
HROV-vOTU25063	diagnosis	RA	-0.0994986187213717	0.38091143971807	77	19	0.794685281407648	0.967571918976812
HROV-vOTU42209	Smoking_Status	Former_Smoker	0.548021342509847	2.09591773514024	77	50	0.794486453985735	0.967571918976812
HROV-vOTU27520	Age	Age	0.0935132769919921	0.35803941460699	77	52	0.794708654281729	0.967571918976812
HROV-vOTU38578	diagnosis	RA	-0.0900464175132545	0.34426598321201	77	12	0.794417507570802	0.967571918976812
HROV-vOTU12014	Sex	M	-0.111781114312789	0.427942880826572	77	11	0.794690089046685	0.967571918976812
HROV-vOTU26067	Smoking_Status	Former_Smoker	0.418981118899023	1.60071021201043	77	45	0.794274348416056	0.967571918976812
HROV-vOTU10154	diagnosis	RA	-0.0984864625350004	0.376605468175402	77	28	0.79445562126098	0.967571918976812
HROV-vOTU09477	Age	Age	0.0472752339995697	0.181005384284483	77	9	0.794708767238894	0.967571918976812
HROV-vOTU58363	Age	Age	-0.0714062443593707	0.273423644992907	77	21	0.794728198843481	0.967571918976812
HROV-vOTU61239	Smoking_Status	Never_Smoker	-0.133921219053261	0.51176072284193	77	10	0.794320300468613	0.967571918976812
HROV-vOTU61513	Age	Age	0.0673304867069242	0.257928431007998	77	75	0.794814820757609	0.967583990770135
HROV-vOTU63077	Smoking_Status	Never_Smoker	-0.314373113812265	1.20477566106038	77	28	0.794894827031756	0.967583990770135
HROV-vOTU17311	Sex	M	0.0814756076314765	0.31213515411792	77	12	0.794827568817245	0.967583990770135
HROV-vOTU43933	Age	Age	0.0571103298477859	0.218876954263717	77	13	0.794906170445982	0.967583990770135
HROV-vOTU38654	Smoking_Status	Former_Smoker	0.528556956278604	2.02677038496161	77	28	0.795011081043407	0.967660546294048
HROV-vOTU31267	Age	Age	-0.0623985446284359	0.239399325883063	77	63	0.795119775009909	0.967741698471526
HROV-vOTU45183	Age	Age	0.0598818977421563	0.229794968320534	77	75	0.795164257985424	0.967744694890045
HROV-vOTU26876	Age	Age	-0.0772816464300568	0.296717643152327	77	37	0.795266581019436	0.967818080790404
HROV-vOTU74913	Smoking_Status	Former_Smoker	0.342202712468487	1.31470653599196	77	26	0.795394790656975	0.967922960572266
HROV-vOTU05947	Smoking_Status	Never_Smoker	-0.262122007043187	1.00808622045646	77	64	0.795601343902506	0.967927243449513
HROV-vOTU04917	Smoking_Status	Former_Smoker	-0.499247425233557	1.92142666161417	77	69	0.795745634349238	0.967927243449513
HROV-vOTU05191	diagnosis	RA	0.131109353679291	0.504456525419265	77	34	0.795691425675135	0.967927243449513
HROV-vOTU64657	diagnosis	RA	-0.160718032308586	0.618014369485712	77	32	0.795573637923358	0.967927243449513
HROV-vOTU08111	Smoking_Status	Former_Smoker	0.343458647881018	1.32228819457791	77	69	0.795811674183549	0.967927243449513
HROV-vOTU09333	Age	Age	-0.0821906370539865	0.316297223025811	77	58	0.795729569388381	0.967927243449513
HROV-vOTU13976	Smoking_Status	Former_Smoker	-0.315414423929133	1.21304579311377	77	41	0.795602012037146	0.967927243449513
HROV-vOTU21175	Smoking_Status	Never_Smoker	0.233406768650531	0.898628487153375	77	10	0.795818599857426	0.967927243449513
HROV-vOTU01236	Age	Age	-0.0970843118763915	0.373655082890427	77	65	0.79575200491515	0.967927243449513
HROV-vOTU73417	Age	Age	-0.0560821508428089	0.21580474321248	77	19	0.795712693560219	0.967927243449513
HROV-vOTU58212	Sex	M	0.0986367855348144	0.380671657558102	77	75	0.796298220456283	0.967941431255116
HROV-vOTU39839	diagnosis	RA	0.21342122123828	0.821919530128611	77	57	0.795876016349895	0.967941431255116
HROV-vOTU06386	diagnosis	RA	0.100921311358312	0.388745819010196	77	19	0.795917885425501	0.967941431255116
HROV-vOTU72935	Smoking_Status	Never_Smoker	0.250398918995986	0.965373017938363	77	56	0.796092289592121	0.967941431255116
HROV-vOTU29849	Smoking_Status	Never_Smoker	-0.187536849358487	0.724056259967416	77	25	0.796378013838916	0.967941431255116
HROV-vOTU25387	Sex	M	0.109267944200445	0.421689778732555	77	20	0.796293025437878	0.967941431255116
HROV-vOTU56296	Sex	M	0.190162287794517	0.733216929838576	77	27	0.796113117112192	0.967941431255116
HROV-vOTU72547	Age	Age	0.0344035961600107	0.132716115795434	77	10	0.796210257401331	0.967941431255116
HROV-vOTU13371	Smoking_Status	Former_Smoker	0.232958667648148	0.8991592738785	77	24	0.796319366079953	0.967941431255116
HROV-vOTU19458	Smoking_Status	Former_Smoker	-0.169954746364666	0.656308046562698	77	12	0.796418679151246	0.967941431255116
HROV-vOTU71449	Sex	M	-0.189694827008813	0.731535345584788	77	12	0.796146034079929	0.967941431255116
HROV-vOTU47842	Age	Age	-0.0369389800534601	0.142374659783325	77	11	0.796039547720424	0.967941431255116
HROV-vOTU61873	diagnosis	RA	0.0791880035097163	0.305676991057152	77	11	0.796340271377578	0.967941431255116
HROV-vOTU61745	Smoking_Status	Former_Smoker	-0.259623852994907	1.00247037059987	77	15	0.796396922336936	0.967941431255116
HROV-vOTU51865	Sex	M	0.28703468863111	1.10957825568592	77	30	0.79662438500380806	0.968140347579825
HROV-vOTU71045	Sex	M	0.195089122130772	0.754723054954743	77	16	0.796775866988837	0.968176174518776
HROV-vOTU26876	Smoking_Status	Former_Smoker	-0.361553176274302	1.39845781401247	77	37	0.796740467720925	0.968176174518776
HROV-vOTU54353	Smoking_Status	Never_Smoker	-0.170101932748042	0.658071087696128	77	17	0.796779984179521	0.968176174518776
HROV-vOTU32022	Smoking_Status	Former_Smoker	0.373813070592009	1.44701154818427	77	52	0.796896126487009	0.968266212567047
HROV-vOTU19348	Smoking_Status	Never_Smoker	0.245548915200061	0.951146644366263	77	31	0.797029566568507	0.968275091948764
HROV-vOTU70759	Sex	M	0.202972465193142	0.786089070364764	77	41	0.796995372466876	0.968275091948764
HROV-vOTU16798	Smoking_Status	Former_Smoker	0.267743915672044	1.03686939793155	77	32	0.796981577383008	0.968275091948764
HROV-vOTU08300	Smoking_Status	Former_Smoker	0.228185883500618	0.884641820674716	77	53	0.797198212433194	0.968275662271846
HROV-vOTU16677	Sex	M	0.208332038072217	0.807449950555826	77	44	0.797143808855109	0.968275662271846
HROV-vOTU54102	Smoking_Status	Former_Smoker	0.314083729879506	1.21731731157705	77	18	0.797143264808277	0.968275662271846
HROV-vOTU14600	Smoking_Status	Never_Smoker	0.117367568340473	0.454972717593047	77	10	0.797179289424574	0.968275662271846
HROV-vOTU23614	Sex	M	-0.202469079103433	0.785250756237447	77	30	0.797276254038948	0.968319382476372
HROV-vOTU73104	diagnosis	RA	0.160417473458928	0.622660834907232	77	26	0.797436034672025	0.968360236145359
HROV-vOTU34214	Sex	M	0.148893224489084	0.57769716985081	77	13	0.797356404809269	0.968360236145359
HROV-vOTU02547	Sex	M	-0.0904077334472625	0.350904918897714	77	9	0.79742873628612	0.968360236145359
HROV-vOTU47545	Smoking_Status	Never_Smoker	-0.0896902976433229	0.348219872577255	77	8	0.797485378399432	0.968369095462349
HROV-vOTU11801	diagnosis	RA	-0.113888679638697	0.442620751324265	77	8	0.797687325295373	0.968461126129603
HROV-vOTU57499	Smoking_Status	Former_Smoker	-0.194517667187226	0.755939276399141	77	9	0.797676686491818	0.968461126129603
HROV-vOTU71891	Smoking_Status	Former_Smoker	-0.191906666239833	0.7456220511871	77	21	0.797631503352497	0.968461126129603
HROV-vOTU01273	Smoking_Status	Former_Smoker	0.414269867066717	1.61049437497331	77	37	0.797744099664312	0.968478999223463
HROV-vOTU38933	Age	Age	0.0479116535506695	0.186382833159205	77	73	0.797875613886583	0.968560402484286
HROV-vOTU21802	Age	Age	0.093300072339894	0.363097356435065	77	70	0.797955860788815	0.968560402484286
HROV-vOTU43762	Sex	M	-0.291345119076023	1.13391125304887	77	28	0.797969604971845	0.968560402484286
HROV-vOTU75469	Smoking_Status	Never_Smoker	-0.160261449104779	0.623766243217576	77	13	0.797979378060653	0.968560402484286
HROV-vOTU55043	Smoking_Status	Never_Smoker	0.103573063098801	0.403250897599365	77	8	0.79804110634227	0.968584278211462
HROV-vOTU14852	diagnosis	RA	-0.170460777007849	0.663977238054449	77	55	0.798132131250532	0.96860451098103
HROV-vOTU58516	Sex	M	0.263526043700977	1.02653496443532	77	33	0.798141893395007	0.96860451098103
HROV-vOTU67350	Smoking_Status	Former_Smoker	-0.312984504188654	1.22003796431366	77	70	0.798278349436821	0.968616985644361
HROV-vOTU38393	Smoking_Status	Never_Smoker	0.0995097255210812	0.387853110779779	77	74	0.798256200164775	0.968616985644361
HROV-vOTU74463	Sex	M	-0.141237918714359	0.550376967265156	77	15	0.798214033412246	0.968616985644361
HROV-vOTU03695	Sex	M	0.237032083389314	0.925201192588469	77	39	0.798540986073489	0.968752430627267
HROV-vOTU13650	Smoking_Status	Former_Smoker	-0.195810884112043	0.764127687468313	77	13	0.798495639287021	0.968752430627267
HROV-vOTU01872	Sex	M	0.199323574641037	0.77824882487066	77	19	0.798600299412013	0.968752430627267
HROV-vOTU59060	Smoking_Status	Former_Smoker	-0.314130617400419	1.22546607774166	77	18	0.798432971409435	0.968752430627267
HROV-vOTU21098	Sex	M	0.141325609425938	0.551726293973081	77	11	0.798574449146078	0.968752430627267
HROV-vOTU43749	Age	Age	-0.0275861377998796	0.107784553877958	77	14	0.798738959986	0.968869601204971
HROV-vOTU21542	Sex	M	0.134719148207919	0.527065297521864	77	27	0.798996916338655	0.969013764311077
HROV-vOTU31606	Smoking_Status	Former_Smoker	-0.190287084650637	0.744155131429385	77	14	0.798914994947454	0.969013764311077
HROV-vOTU29201	Smoking_Status	Never_Smoker	-0.259346689209704	1.01466791053594	77	48	0.79900059360083	0.969013764311077
HROV-vOTU22962	Smoking_Status	Former_Smoker	-0.172760384163255	0.675995421782778	77	9	0.799026113081517	0.969013764311077
HROV-vOTU13492	Smoking_Status	Former_Smoker	-0.118633562309971	0.464394671906941	77	10	0.799107600831098	0.969061557955884
HROV-vOTU60533	Smoking_Status	Former_Smoker	0.476682927081905	1.86704639747615	77	55	0.799218812333756	0.969145390061415
HROV-vOTU00880	Smoking_Status	Former_Smoker	-0.395990084800371	1.55247126631552	77	60	0.799405834922573	0.969161895025276
HROV-vOTU24409	Age	Age	-0.0733815954353111	0.287956506452563	77	73	0.799586705762888	0.969161895025276
HROV-vOTU59839	Smoking_Status	Former_Smoker	0.411475932143013	1.61530253638556	77	67	0.799663295879282	0.969161895025276
HROV-vOTU71419	diagnosis	RA	-0.261167811892213	1.02465464294821	77	22	0.799549737226591	0.969161895025276
HROV-vOTU33222	Smoking_Status	Former_Smoker	-0.42843604207019	1.68251796432746	77	45	0.799737414375178	0.969161895025276
HROV-vOTU02961	Sex	M	0.187246765138872	0.734311045167553	77	45	0.799462972665676	0.969161895025276
HROV-vOTU50222	Smoking_Status	Former_Smoker	0.470934309324321	1.84730162666319	77	49	0.799513441216279	0.969161895025276
HROV-vOTU66680	Age	Age	0.0407196482495754	0.159843565977605	77	17	0.799655039640565	0.969161895025276
HROV-vOTU47271	Sex	M	0.232856227845171	0.913930638856607	77	61	0.799625359718967	0.969161895025276
HROV-vOTU55080	Sex	M	0.0883700013756836	0.346802091747839	77	8	0.799603453397306	0.969161895025276
HROV-vOTU52384	diagnosis	RA	-0.105818861676642	0.415190242418937	77	19	0.79956156254012	0.969161895025276
HROV-vOTU08459	diagnosis	RA	-0.0943509056209584	0.370483626966806	77	9	0.79971451274205	0.969161895025276
HROV-vOTU41168	Smoking_Status	Former_Smoker	0.426337034766174	1.6752530468906	77	64	0.799851804514502	0.969240217015207
HROV-vOTU52590	Sex	M	0.194210117026303	0.763265332346455	77	48	0.799886216439037	0.969240217015207
HROV-vOTU18429	Smoking_Status	Former_Smoker	-0.441885971928009	1.73781270348262	77	25	0.800016483386254	0.969347062260506
HROV-vOTU71419	Smoking_Status	Never_Smoker	0.444835626692902	1.75025994320799	77	22	0.800111175971707	0.969379211163341
HROV-vOTU01828	Smoking_Status	Former_Smoker	0.385419698510843	1.51725817721789	77	47	0.800211384430147	0.969379211163341
HROV-vOTU47224	Age	Age	-0.0713960055047886	0.280990167603953	77	61	0.800162602444214	0.969379211163341
HROV-vOTU73192	Smoking_Status	Former_Smoker	-0.381937592911536	1.50343666822451	77	34	0.800196599470228	0.969379211163341
HROV-vOTU40394	Sex	M	0.181312030357352	0.714394994444848	77	40	0.800385137449748	0.969457652510839
HROV-vOTU12221	Sex	M	-0.288848476874316	1.13819484359701	77	61	0.800400764571858	0.969457652510839
HROV-vOTU06429	diagnosis	RA	0.0768925041148496	0.302994136974171	77	23	0.800402423136825	0.969457652510839
HROV-vOTU35161	diagnosis	RA	-0.0887787358487374	0.349918178419686	77	8	0.800450680506351	0.969465115543585
HROV-vOTU62550	Smoking_Status	Never_Smoker	-0.260098672627625	1.02546370671026	77	18	0.800506694506334	0.969481971733324
HROV-vOTU66553	Sex	M	0.165582588180005	0.653148212059427	77	24	0.800603267322151	0.969515519319975
HROV-vOTU03587	diagnosis	RA	0.166940019389625	0.658554385157291	77	40	0.800618590813169	0.969515519319975
HROV-vOTU67959	Smoking_Status	Former_Smoker	0.159239001061223	0.62846788093342	77	14	0.800709516814745	0.969523780375693
HROV-vOTU46029	Sex	M	0.12510521014243	0.493752429286919	77	11	0.800709609324606	0.969523780375693
HROV-vOTU05550	Smoking_Status	Never_Smoker	0.229003433598451	0.90543457794473	77	62	0.8010601008457	0.969526507766273
HROV-vOTU50288	diagnosis	RA	-0.0948216795665953	0.375047826550457	77	17	0.801133570279683	0.969526507766273
HROV-vOTU40093	diagnosis	RA	-0.173752445348303	0.68645755652993	77	59	0.800911082505711	0.969526507766273
HROV-vOTU59505	Smoking_Status	Never_Smoker	0.196798612686833	0.776993196625018	77	23	0.80078203872143106	0.969526507766273
HROV-vOTU60831	Age	Age	-0.0552140503757033	0.218413044369735	77	57	0.801155954458958	0.969526507766273
HROV-vOTU36175	diagnosis	RA	0.0847988304902672	0.334898066382477	77	14	0.800839302650644	0.969526507766273
HROV-vOTU70988	Age	Age	-0.0654704300361379	0.259009373073824	77	23	0.801174468141669	0.969526507766273
HROV-vOTU63483	Sex	M	-0.0875674796588977	0.346445311642414	77	8	0.801184123195531	0.969526507766273
HROV-vOTU48854	Smoking_Status	Former_Smoker	0.280006132975903	1.10732987812918	77	13	0.801102409131602	0.969526507766273
HROV-vOTU24973	Age	Age	-0.0505926583074897	0.200033629999725	77	15	0.801060295841831	0.969526507766273
HROV-vOTU29143	Age	Age	-0.0814609720967469	0.32234052928169	77	11	0.801217042805372	0.969526507766273
HROV-vOTU68219	Age	Age	0.023130354852779	0.091511471138242	77	10	0.801184751840787	0.969526507766273
HROV-vOTU03800	Sex	M	0.257115097687051	1.018226124568	77	63	0.801374352368273	0.969594330191418
HROV-vOTU29342	Smoking_Status	Former_Smoker	-0.316205002713678	1.25239506598492	77	54	0.801399395362295	0.969594330191418
HROV-vOTU02549	Age	Age	-0.0504446080346429	0.199754297691897	77	11	0.801358562554349	0.969594330191418
HROV-vOTU75402	Smoking_Status	Never_Smoker	0.187676400070287	0.74398696522485	77	28	0.801570751806869	0.969609918533529
HROV-vOTU62203	Sex	M	0.156062403922082	0.618572209065913	77	20	0.801542332591776	0.969609918533529
HROV-vOTU48567	Sex	M	0.196322056934571	0.778299906945433	77	28	0.801580687753359	0.969609918533529
HROV-vOTU17233	Smoking_Status	Never_Smoker	0.10308798897382	0.408554257859727	77	15	0.801519774081153	0.969609918533529
HROV-vOTU63713	Smoking_Status	Never_Smoker	0.292939809944161	1.16172964857019	77	48	0.801647209266466	0.969639455325983
HROV-vOTU02740	Smoking_Status	Former_Smoker	0.329715895055871	1.31060754181177	77	19	0.802096446296469	0.969738658006337
HROV-vOTU12284	Age	Age	-0.068291288769371	0.271754742798515	77	35	0.802310004165384	0.969738658006337
HROV-vOTU40564	Sex	M	0.199342670222735	0.792696201547462	77	67	0.80217391921169	0.969738658006337
HROV-vOTU09505	Sex	M	-0.188643034347539	0.749891811478854	77	66	0.802107623184938	0.969738658006337
HROV-vOTU27690	Smoking_Status	Never_Smoker	-0.252612086637515	1.00587331307957	77	44	0.802433539558993	0.969738658006337
HROV-vOTU16750	Age	Age	-0.102063379289767	0.40507044866305	77	46	0.801796425652728	0.969738658006337
HROV-vOTU55704	Sex	M	0.0599518338954745	0.238297284069873	77	12	0.802089239077324	0.969738658006337
HROV-vOTU75320	Sex	M	0.184861237399389	0.735944520223502	77	62	0.802393485356875	0.969738658006337
HROV-vOTU74263	Smoking_Status	Former_Smoker	-0.225155314012249	0.897446561871818	77	15	0.802628150591737	0.969738658006337
HROV-vOTU25224	diagnosis	RA	0.12423855234913	0.49490318930812	77	13	0.802511323971073	0.969738658006337
HROV-vOTU37639	Sex	M	0.232026783113185	0.923421228601229	77	57	0.802332242104007	0.969738658006337
HROV-vOTU02754	diagnosis	RA	0.0952262264193888	0.379616131526105	77	24	0.802655592658132	0.969738658006337
HROV-vOTU02792	Sex	M	0.0864921326926804	0.343301402336458	77	23	0.801813556801404	0.969738658006337
HROV-vOTU67958	Sex	M	-0.165962278914031	0.660132368739164	77	28	0.802225246241698	0.969738658006337
HROV-vOTU63177	diagnosis	RA	-0.14561285394471	0.580417576024003	77	35	0.802634576621511	0.969738658006337
HROV-vOTU62126	diagnosis	RA	-0.164780731964786	0.655310005765059	77	52	0.80218901810203	0.969738658006337
HROV-vOTU14106	diagnosis	RA	-0.156130737030972	0.622287762737334	77	21	0.802617675181014	0.969738658006337
HROV-vOTU27244	Age	Age	-0.0652558429360744	0.259310621232384	77	9	0.802037617012449	0.969738658006337
HROV-vOTU63882	Smoking_Status	Former_Smoker	0.0851807345528739	0.339413359652823	77	8	0.802566371564269	0.969738658006337
HROV-vOTU40109	Age	Age	0.0516917442174423	0.205368728596401	77	13	0.801998452502024	0.969738658006337
HROV-vOTU65964	Smoking_Status	Former_Smoker	0.360338616361718	1.43434286924127	77	18	0.802368075195417	0.969738658006337
HROV-vOTU27389	Age	Age	-0.0349853538942217	0.139416564210571	77	11	0.802584417374672	0.969738658006337
HROV-vOTU36922	Smoking_Status	Never_Smoker	0.252679718404547	1.00855925386252	77	69	0.802896968431171	0.969786233806472
HROV-vOTU52333	Sex	M	0.260805160246871	1.04399940543744	77	56	0.803452945767586	0.969786233806472
HROV-vOTU32087	Sex	M	0.257476123319952	1.03056065262136	77	51	0.803431907839427	0.969786233806472
HROV-vOTU59175	Smoking_Status	Former_Smoker	0.366862810370788	1.467654568615	77	60	0.803335973118338	0.969786233806472
HROV-vOTU23522	Smoking_Status	Former_Smoker	-0.238465373169671	0.953689656193023	77	18	0.803274596602972	0.969786233806472
HROV-vOTU06722	Age	Age	-0.044295203213685	0.177007106969858	77	22	0.803120319204316	0.969786233806472
HROV-vOTU13413	diagnosis	RA	0.0775291978360638	0.309286741182383	77	19	0.802792520767215	0.969786233806472
HROV-vOTU08600	Age	Age	-0.0927360309625878	0.371096865538089	77	58	0.803388557164936	0.969786233806472
HROV-vOTU74110	Sex	M	0.177304012647225	0.70742263213022	77	42	0.802821134556605	0.969786233806472
HROV-vOTU15600	Smoking_Status	Former_Smoker	-0.304583759794069	1.21647851386761	77	11	0.803015414568886	0.969786233806472
HROV-vOTU59060	Age	Age	-0.0650633054224615	0.260013139264699	77	18	0.803131488212068	0.969786233806472
HROV-vOTU15709	Sex	M	0.222513620311775	0.890060543218646	77	65	0.803310605805016	0.969786233806472
HROV-vOTU20618	Age	Age	0.0461543796921133	0.184742821633027	77	24	0.803439910390419	0.969786233806472
HROV-vOTU19905	diagnosis	RA	-0.0910661550459538	0.363861263009015	77	8	0.803095826219624	0.969786233806472
HROV-vOTU56629	diagnosis	RA	-0.102393635817882	0.409750744131509	77	11	0.803392105295604	0.969786233806472
HROV-vOTU20490	Smoking_Status	Former_Smoker	0.215841300929931	0.863873937811258	77	22	0.803422701980092	0.969786233806472
HROV-vOTU63780	diagnosis	RA	0.0991723073186778	0.396867189786865	77	12	0.803395647502636	0.969786233806472
HROV-vOTU46545	Smoking_Status	Former_Smoker	0.115555077600771	0.461597702054258	77	8	0.80304956140515	0.969786233806472
HROV-vOTU59948	Age	Age	0.0287244854035875	0.115018203931946	77	9	0.803510653443176	0.969805059944255
HROV-vOTU27906	Age	Age	0.128016863712223	0.513944423340603	77	49	0.80401266628073	0.969857772474885
HROV-vOTU25214	Smoking_Status	Former_Smoker	0.164708273328779	0.660620733066328	77	76	0.803830439868423	0.969857772474885
HROV-vOTU43686	diagnosis	RA	-0.159540164533357	0.63995368215473	77	62	0.803848892046768	0.969857772474885
HROV-vOTU62915	Smoking_Status	Former_Smoker	0.422338008526242	1.70000733030259	77	56	0.804516537695138	0.969857772474885
HROV-vOTU27744	Smoking_Status	Never_Smoker	0.23890398710905	0.961530358333036	77	62	0.804494044866677	0.969857772474885
HROV-vOTU35660	Sex	M	-0.213904342133394	0.861478378525557	77	46	0.804619729410335	0.969857772474885
HROV-vOTU22577	diagnosis	RA	-0.134024529427756	0.538868517805683	77	61	0.804299497551684	0.969857772474885
HROV-vOTU04024	Smoking_Status	Never_Smoker	-0.331604308866049	1.335979644027	77	26	0.804687962454058	0.969857772474885
HROV-vOTU73925	diagnosis	RA	-0.142760039189951	0.573927146176999	77	41	0.804278133206646	0.969857772474885
HROV-vOTU11096	Smoking_Status	Never_Smoker	0.22627203786703	0.907389751044478	77	20	0.803797794577556	0.969857772474885
HROV-vOTU53018	diagnosis	RA	-0.181767611038635	0.730918272789677	77	54	0.804323236640383	0.969857772474885
HROV-vOTU08333	diagnosis	RA	-0.203702941428318	0.818251065031327	77	31	0.804118828494131	0.969857772474885
HROV-vOTU73786	Smoking_Status	Former_Smoker	-0.185632003998384	0.746026924935349	77	17	0.804212603887124	0.969857772474885
HROV-vOTU69870	diagnosis	RA	-0.0990351142934799	0.398235946379167	77	27	0.804322765219415	0.969857772474885
HROV-vOTU33392	Smoking_Status	Former_Smoker	0.269692532637693	1.08378158202623	77	14	0.804199887426927	0.969857772474885
HROV-vOTU25387	Age	Age	0.040730862883636	0.163464789512305	77	20	0.803947093312082	0.969857772474885
HROV-vOTU60666	Sex	M	0.152418679829401	0.614136146765313	77	56	0.804708568828427	0.969857772474885
HROV-vOTU25602	Age	Age	0.0437881146879658	0.176425929820785	77	12	0.804699630358837	0.969857772474885
HROV-vOTU16798	Sex	M	0.140881364165043	0.567527502623676	77	32	0.804667563959829	0.969857772474885
HROV-vOTU51416	Age	Age	-0.0419858296432821	0.16819821438791	77	14	0.80360114193874	0.969857772474885
HROV-vOTU52384	Sex	M	0.136431256583712	0.547980984122495	77	19	0.804102190067105	0.969857772474885
HROV-vOTU64808	Sex	M	-0.255419280982019	1.02928755996108	77	38	0.804733485637107	0.969857772474885
HROV-vOTU73961	Smoking_Status	Never_Smoker	-0.248412929703202	0.997716756517863	77	18	0.804094000975095	0.969857772474885
HROV-vOTU01043	Age	Age	-0.0521386134063764	0.209182911637172	77	20	0.803887903597741	0.969857772474885
HROV-vOTU00374	Smoking_Status	Never_Smoker	0.372384363383813	1.49287534471074	77	30	0.803739893688932	0.969857772474885
HROV-vOTU00410	Smoking_Status	Former_Smoker	0.258361402527536	1.03682775034563	77	13	0.803937531837899	0.969857772474885
HROV-vOTU05001	Smoking_Status	Former_Smoker	0.144113321639829	0.580108477529607	77	9	0.804522910649176	0.969857772474885
HROV-vOTU72562	Age	Age	0.0278513108266447	0.112219336806385	77	8	0.804706628230878	0.969857772474885
HROV-vOTU08280	Age	Age	0.0680858000363494	0.274448075695094	77	36	0.804786583519531	0.969869005622461
HROV-vOTU24776	Smoking_Status	Former_Smoker	0.173294778104426	0.698684346751307	77	11	0.804827032846325	0.969869005622461
HROV-vOTU06347	Age	Age	-0.082214705304955	0.331650198861758	77	61	0.80493053631466	0.969892233104517
HROV-vOTU69811	Age	Age	0.0330505949418116	0.133316312551145	77	8	0.804918769814904	0.969892233104517
HROV-vOTU06240	Age	Age	-0.0697826735622811	0.282077515945531	77	23	0.805321732962022	0.970056714765788
HROV-vOTU30479	Sex	M	0.262847727532272	1.06280354400239	77	54	0.805377882934516	0.970056714765788
HROV-vOTU24776	Sex	M	0.0946149680312935	0.382422881054303	77	11	0.805305555193533	0.970056714765788
HROV-vOTU40926	Age	Age	0.0726349833732572	0.293352081385714	77	43	0.80515590135068	0.970056714765788
HROV-vOTU23270	Smoking_Status	Never_Smoker	0.218549093127634	0.88329433515054	77	26	0.805293441838421	0.970056714765788
HROV-vOTU58189	Sex	M	0.0589280861858791	0.238055091788276	77	10	0.805205026181634	0.970056714765788
HROV-vOTU07570	Age	Age	-0.0400896589787438	0.162121518923698	77	9	0.805404014026775	0.970056714765788
HROV-vOTU72586	Smoking_Status	Former_Smoker	0.287096963956725	1.16013442489007	77	11	0.805259747762797	0.970056714765788
HROV-vOTU21803	Smoking_Status	Never_Smoker	0.288191160658499	1.16949314957104	77	62	0.806065104957044	0.970170248182462
HROV-vOTU33881	Smoking_Status	Never_Smoker	0.481698368278256	1.9565889683447	77	49	0.806243249450044	0.970170248182462
HROV-vOTU06013	Age	Age	-0.0696015225804984	0.282119219795126	77	59	0.805844900037433	0.970170248182462
HROV-vOTU41452	Age	Age	0.0446934922217673	0.181023912399679	77	74	0.805703712391903	0.970170248182462
HROV-vOTU17949	Sex	M	0.217588292789475	0.88135466336102	77	67	0.80571402216372	0.970170248182462
HROV-vOTU02423	Smoking_Status	Never_Smoker	-0.203302366524961	0.823569269851891	77	19	0.805732653327418	0.970170248182462
HROV-vOTU23194	Sex	M	0.215258910096815	0.873908508592967	77	50	0.806147246239093	0.970170248182462
HROV-vOTU61540	Sex	M	-0.254183690027203	1.02893174289289	77	63	0.805592906312914	0.970170248182462
HROV-vOTU08460	Smoking_Status	Former_Smoker	-0.314722751575843	1.27808129953062	77	8	0.806202122806547	0.970170248182462
HROV-vOTU22948	Age	Age	0.0498462090721181	0.202482267161802	77	30	0.806256551453068	0.970170248182462
HROV-vOTU13353	Smoking_Status	Former_Smoker	-0.164450773392308	0.666276846357837	77	8	0.805759425430676	0.970170248182462
HROV-vOTU31662	Age	Age	0.0512472826842138	0.207867146495737	77	8	0.805976711465942	0.970170248182462
HROV-vOTU60600	Sex	M	0.185564339331594	0.752695905463476	77	47	0.805981097607955	0.970170248182462
HROV-vOTU40101	Smoking_Status	Former_Smoker	0.251706238786249	1.02048359313454	77	12	0.805887863041267	0.970170248182462
HROV-vOTU55100	Smoking_Status	Never_Smoker	0.144853187913457	0.588355881853324	77	20	0.806237836825066	0.970170248182462
HROV-vOTU07332	Age	Age	-0.0471637995023746	0.191205331918533	77	10	0.805878741442251	0.970170248182462
HROV-vOTU62404	Smoking_Status	Former_Smoker	-0.201382929422899	0.817132474203669	77	12	0.806044451286223	0.970170248182462
HROV-vOTU18294	Sex	M	0.100216763407666	0.405829101210696	77	12	0.805664773640657	0.970170248182462
HROV-vOTU73174	diagnosis	RA	-0.0961462124532254	0.390789283061664	77	10	0.806368232898946	0.970253939585304
HROV-vOTU03657	Smoking_Status	Former_Smoker	0.494588593712184	2.01288789940386	77	47	0.806614892090148	0.97030422028710706
HROV-vOTU08686	diagnosis	RA	0.10491855004893	0.427012760055359	77	12	0.806620598528774	0.97030422028710706
HROV-vOTU74507	diagnosis	RA	-0.144965032116211	0.590104925182143	77	39	0.806654367169551	0.97030422028710706
HROV-vOTU38546	Sex	M	0.0753466556922844	0.306793344582434	77	12	0.806704945976433	0.97030422028710706
HROV-vOTU04551	Sex	M	0.249196504523508	1.01448709226194	77	49	0.806671201801538	0.97030422028710706
HROV-vOTU45888	diagnosis	RA	-0.101564672698307	0.413375399486229	77	13	0.80662643634407	0.97030422028710706
HROV-vOTU17808	diagnosis	RA	-0.109716452274527	0.446496920393082	77	21	0.806602335218342	0.97030422028710706
HROV-vOTU21960	Smoking_Status	Former_Smoker	-0.38960213251101	1.58920422554767	77	71	0.807043250214342	0.970407040799681
HROV-vOTU23447	Smoking_Status	Never_Smoker	-0.232980768412357	0.950123965167982	77	24	0.807000500090926	0.970407040799681
HROV-vOTU02038	Sex	M	0.243901152820192	0.994445548853641	77	64	0.806959980619856	0.970407040799681
HROV-vOTU32676	Sex	M	0.121036382876049	0.493220035019535	77	73	0.806854388179169	0.970407040799681
HROV-vOTU59175	Age	Age	-0.0763460983093252	0.311399457457859	77	60	0.807031329344341	0.970407040799681
HROV-vOTU10378	diagnosis	RA	0.216142768386155	0.880976643259751	77	52	0.806897485161372	0.970407040799681
HROV-vOTU54618	Age	Age	0.0660221927810885	0.269554883688298	77	15	0.807216825595285	0.970565077449066
HROV-vOTU46129	diagnosis	RA	-0.142373168000043	0.581553725770758	77	33	0.807305729402296	0.970621297214037
HROV-vOTU36027	Smoking_Status	Former_Smoker	0.321559353350384	1.31444378711118	77	60	0.8074444545781	0.970686735341319
HROV-vOTU61873	Smoking_Status	Never_Smoker	0.127750975630641	0.522140993250465	77	11	0.807419554593851	0.970686735341319
HROV-vOTU54931	Sex	M	-0.0538178445926962	0.220076939768396	77	8	0.807517159442616	0.970723467061459
HROV-vOTU33570	Age	Age	0.0552831500932151	0.226242882724097	77	21	0.807662131038259	0.970796392370099
HROV-vOTU42454	Sex	M	0.0926882912048457	0.379254440829763	77	10	0.807628993656123	0.970796392370099
HROV-vOTU42542	Sex	M	-0.268199832380539	1.09809545863103	77	38	0.807748675724379	0.970816996878644
HROV-vOTU35510	Smoking_Status	Former_Smoker	-0.163890012680347	0.671070957139835	77	14	0.807763582031636	0.970816996878644
HROV-vOTU11570	Smoking_Status	Former_Smoker	0.250074649199294	1.04571559225547	77	76	0.811684348852637	0.970870922427101
HROV-vOTU05550	Age	Age	0.0649695193099099	0.271194907094411	77	62	0.811355726099249	0.970870922427101
HROV-vOTU04579	Sex	M	0.306495750664438	1.28096924659646	77	44	0.811586646182802	0.970870922427101
HROV-vOTU03693	Smoking_Status	Former_Smoker	-0.381944031772124	1.59511700762229	77	71	0.811449827282897	0.970870922427101
HROV-vOTU14527	diagnosis	RA	0.10933048260347	0.453880886850811	77	77	0.810342945905315	0.970870922427101
HROV-vOTU73341	Age	Age	-0.0411907450512023	0.173228985322794	77	76	0.812734988315252	0.970870922427101
HROV-vOTU73341	Smoking_Status	Never_Smoker	0.137352503531474	0.57835714871642	77	76	0.81296269934417	0.970870922427101
HROV-vOTU22969	diagnosis	RA	0.1249200418788	0.520777618674608	77	71	0.811120560861806	0.970870922427101
HROV-vOTU31336	diagnosis	RA	0.16311254549227	0.681576304685303	77	71	0.811549569045501	0.970870922427101
HROV-vOTU07934	Sex	M	0.225722633613561	0.927142825524695	77	63	0.808350760402916	0.970870922427101
HROV-vOTU22499	Smoking_Status	Former_Smoker	0.284074768352224	1.17415260563579	77	73	0.809523914672037	0.970870922427101
HROV-vOTU06013	Sex	M	0.176069249042291	0.727782366627967	77	59	0.809535150632598	0.970870922427101
HROV-vOTU03488	Sex	M	0.136603089175459	0.568891103455428	77	76	0.810927862620783	0.970870922427101
HROV-vOTU17949	Age	Age	-0.0818659047104961	0.341650335858318	77	67	0.811316064863755	0.970870922427101
HROV-vOTU70013	diagnosis	RA	0.105028813073097	0.439561502493703	77	22	0.811840488880213	0.970870922427101
HROV-vOTU11718	diagnosis	RA	0.1302782454556	0.536139864064416	77	76	0.808711445804783	0.970870922427101
HROV-vOTU48965	diagnosis	RA	-0.195256034681935	0.807500390337921	77	52	0.809629829947535	0.970870922427101
HROV-vOTU73002	Smoking_Status	Former_Smoker	0.372041170358162	1.54982566141588	77	56	0.810980464858158	0.970870922427101
HROV-vOTU67500	diagnosis	RA	-0.117345210216671	0.491161819382905	77	72	0.811860903113351	0.970870922427101
HROV-vOTU46032	Smoking_Status	Former_Smoker	-0.402699536706166	1.66688755402243	77	15	0.809796030817934	0.970870922427101
HROV-vOTU62317	Sex	M	0.177220982387083	0.745571559307159	77	67	0.81279981761629	0.970870922427101
HROV-vOTU02169	Age	Age	-0.0961987924267449	0.395346534793672	77	49	0.808453147999315	0.970870922427101
HROV-vOTU53921	Smoking_Status	Former_Smoker	-0.248238661943888	1.0386081550448	77	74	0.811785710217475	0.970870922427101
HROV-vOTU42685	diagnosis	RA	-0.135056042968518	0.556177201227574	77	19	0.808837889650026	0.970870922427101
HROV-vOTU03695	diagnosis	RA	0.166355449494173	0.700999703579544	77	39	0.813098398268159	0.970870922427101
HROV-vOTU42045	Smoking_Status	Former_Smoker	0.380306884961168	1.57023081741157	77	38	0.809324915549251	0.970870922427101
HROV-vOTU15896	diagnosis	RA	0.161630579647019	0.682136210149337	77	55	0.813379725658268	0.970870922427101
HROV-vOTU51606	Sex	M	0.0962075123428651	0.396502026990372	77	22	0.808983355651357	0.970870922427101
HROV-vOTU07508	Age	Age	0.0189545871475254	0.0786995962535625	77	75	0.810367585690309	0.970870922427101
HROV-vOTU53569	Sex	M	0.104328551429675	0.43913319701699	77	60	0.812892363249877	0.970870922427101
HROV-vOTU37640	diagnosis	RA	0.169620485243162	0.710240594547481	77	43	0.811932258092422	0.970870922427101
HROV-vOTU68597	Sex	M	-0.217016170192963	0.910570532089119	77	63	0.812311756596669	0.970870922427101
HROV-vOTU12851	diagnosis	RA	-0.149365984002462	0.627106815857659	77	54	0.812425474552132	0.970870922427101
HROV-vOTU27154	Smoking_Status	Former_Smoker	-0.385070230185205	1.57983643997099	77	37	0.808134663377072	0.970870922427101
HROV-vOTU36611	Sex	M	0.16937108016269	0.696386632023954	77	34	0.808540821903434	0.970870922427101
HROV-vOTU02236	diagnosis	RA	-0.15076849402353	0.626971412771668	77	61	0.810658074623045	0.970870922427101
HROV-vOTU04488	Smoking_Status	Never_Smoker	-0.19412670913406	0.805482824094807	77	24	0.810244588762549	0.970870922427101
HROV-vOTU00662	Sex	M	0.260310424774113	1.08683772588196	77	54	0.811398862870159	0.970870922427101
HROV-vOTU15402	Age	Age	0.0577921539465042	0.241128368878323	77	61	0.811273723573545	0.970870922427101
HROV-vOTU71569	Smoking_Status	Never_Smoker	-0.265918505572688	1.10760373625413	77	45	0.810956563328827	0.970870922427101
HROV-vOTU08015	Sex	M	0.177486808681153	0.737712427543238	77	39	0.810565654938062	0.970870922427101
HROV-vOTU44410	Smoking_Status	Former_Smoker	0.313316909056791	1.30463505837691	77	22	0.810900788456315	0.970870922427101
HROV-vOTU31990	Smoking_Status	Former_Smoker	0.410919645568797	1.71114175432155	77	66	0.810910981786586	0.970870922427101
HROV-vOTU59995	Sex	M	0.222358597525116	0.930082297345643	77	59	0.811736881885442	0.970870922427101
HROV-vOTU70315	Sex	M	-0.198348409601504	0.831439471809566	77	49	0.8121337994432	0.970870922427101
HROV-vOTU60000	Age	Age	-0.0935603467900231	0.390643267213777	77	62	0.811405411886319	0.970870922427101
HROV-vOTU09858	Smoking_Status	Former_Smoker	0.357805334887057	1.49506689844183	77	58	0.811543906961712	0.970870922427101
HROV-vOTU48360	Sex	M	0.179067326136716	0.746670343918943	77	67	0.811159951966632	0.970870922427101
HROV-vOTU19551	Smoking_Status	Never_Smoker	-0.250354690630163	1.03980456740114	77	42	0.810426582134948	0.970870922427101
HROV-vOTU29071	Smoking_Status	Never_Smoker	-0.25019612530709	1.036891726075	77	60	0.81002247265993	0.970870922427101
HROV-vOTU03969	Smoking_Status	Never_Smoker	0.266750662150035	1.0945471443433	77	73	0.808159248660899	0.970870922427101
HROV-vOTU24417	Sex	M	0.21157622011135	0.886688925207177	77	67	0.812092429541229	0.970870922427101
HROV-vOTU28595	Smoking_Status	Never_Smoker	-0.255250031905158	1.07244453040896	77	65	0.812560677022539	0.970870922427101
HROV-vOTU09277	Age	Age	-0.0620790379324447	0.254930977403184	77	24	0.808310142451495	0.970870922427101
HROV-vOTU24574	Smoking_Status	Never_Smoker	0.314678333680398	1.32133118745732	77	47	0.812448787721441	0.970870922427101
HROV-vOTU59611	diagnosis	RA	-0.171663236320577	0.712846822386235	77	40	0.810393593144394	0.970870922427101
HROV-vOTU02961	Age	Age	0.0674422874493835	0.28465001166415	77	45	0.813392938962931	0.970870922427101
HROV-vOTU55097	Age	Age	0.0495157299531798	0.20715964605814	77	8	0.811777067291259	0.970870922427101
HROV-vOTU22737	Sex	M	-0.205316669749449	0.866172504737198	77	30	0.813309137398896	0.970870922427101
HROV-vOTU04018	diagnosis	RA	0.131171134659198	0.54030890770568	77	25	0.80888305529725	0.970870922427101
HROV-vOTU61225	Smoking_Status	Never_Smoker	-0.24151809112064	1.00635648168346	77	33	0.811027553025802	0.970870922427101
HROV-vOTU75492	Smoking_Status	Never_Smoker	-0.231822805819045	0.950432336276355	77	34	0.808001632237816	0.970870922427101
HROV-vOTU64966	Smoking_Status	Former_Smoker	0.356670029077488	1.46526380704822	77	37	0.808384352425364	0.970870922427101
HROV-vOTU03489	diagnosis	RA	0.107895241584832	0.452973406629457	77	49	0.812417253709069	0.970870922427101
HROV-vOTU67503	Smoking_Status	Former_Smoker	-0.281472145064989	1.17090972787793	77	27	0.810722555634339	0.970870922427101
HROV-vOTU72962	Sex	M	0.148132366997036	0.620412038193004	77	11	0.811976030655061	0.970870922427101
HROV-vOTU40040	Sex	M	0.108100499089119	0.445395038985354	77	12	0.808932149521946	0.970870922427101
HROV-vOTU12693	Smoking_Status	Never_Smoker	0.312575551686083	1.29648726636851	77	53	0.810176997105871	0.970870922427101
HROV-vOTU25170	diagnosis	RA	0.163603576502835	0.686477738848087	77	57	0.812316915187606	0.970870922427101
HROV-vOTU28535	diagnosis	RA	0.0852175165489667	0.359342667193921	77	8	0.813224651070146	0.970870922427101
HROV-vOTU59281	diagnosis	RA	-0.137218559966927	0.571086086361567	77	63	0.810808326218283	0.970870922427101
HROV-vOTU26589	diagnosis	RA	-0.2060203813718	0.845427102701102	77	30	0.80817527249337	0.970870922427101
HROV-vOTU54931	diagnosis	RA	0.0397916039401007	0.166746293431293	77	8	0.812075585314384	0.970870922427101
HROV-vOTU18958	Smoking_Status	Former_Smoker	0.372870233572876	1.57428247618382	77	31	0.813454495100775	0.970870922427101
HROV-vOTU45720	Sex	M	0.291754962554986	1.19948506098735	77	32	0.808525880294608	0.970870922427101
HROV-vOTU35604	Age	Age	-0.038120609687027	0.156574154967019	77	10	0.808345875132333	0.970870922427101
HROV-vOTU61047	Smoking_Status	Never_Smoker	0.107184965896885	0.442842678620756	77	14	0.809448098632568	0.970870922427101
HROV-vOTU70483	Sex	M	0.130854646861118	0.552440991063537	77	16	0.813442609448943	0.970870922427101
HROV-vOTU55776	diagnosis	RA	0.0695001325735993	0.285974949210018	77	11	0.808683881368142	0.970870922427101
HROV-vOTU37096	Sex	M	0.17880681332988899	0.742440121196902	77	57	0.810375803828731	0.970870922427101
HROV-vOTU20502	diagnosis	RA	-0.230785247559921	0.968912849576435	77	56	0.812419904927918	0.970870922427101
HROV-vOTU35490	Smoking_Status	Former_Smoker	-0.170808124530815	0.721209290396046	77	15	0.813466228928692	0.970870922427101
HROV-vOTU58731	Sex	M	-0.151450110456163	0.625646141112216	77	14	0.809423828700066	0.970870922427101
HROV-vOTU37726	diagnosis	RA	-0.144694259938956	0.608306423869626	77	29	0.812671603717178	0.970870922427101
HROV-vOTU55324	diagnosis	RA	-0.0830551634168997	0.34300891488859	77	14	0.809372023733879	0.970870922427101
HROV-vOTU09477	Smoking_Status	Former_Smoker	0.20489777358064	0.853095189560454	77	9	0.810881590692573	0.970870922427101
HROV-vOTU64208	diagnosis	RA	-0.149081499784101	0.622412905060601	77	52	0.81139106471128	0.970870922427101
HROV-vOTU00799	Sex	M	0.149475882911243	0.61858486080909	77	22	0.809754369192961	0.970870922427101
HROV-vOTU01188	Sex	M	-0.0733593625153059	0.301915745730614	77	9	0.808721814085191	0.970870922427101
HROV-vOTU74692	Smoking_Status	Never_Smoker	-0.215286259982588	0.888673191694461	77	36	0.809280344407635	0.970870922427101
HROV-vOTU16562	Age	Age	0.0529599385380882	0.220264215709651	77	13	0.810683438950573	0.970870922427101
HROV-vOTU13265	Sex	M	-0.263926682137307	1.09185161207235	77	48	0.809690865097877	0.970870922427101
HROV-vOTU03404	Sex	M	0.192104637187991	0.805393626169575	77	54	0.812162831283795	0.970870922427101
HROV-vOTU08743	Smoking_Status	Former_Smoker	0.296593284419256	1.25251160895141	77	33	0.813494740107209	0.970870922427101
HROV-vOTU37747	Age	Age	0.0682293143136231	0.281220132345966	77	52	0.809000159043735	0.970870922427101
HROV-vOTU48734	Sex	M	0.135282676253234	0.560050654372618	77	17	0.809821770752055	0.970870922427101
HROV-vOTU10512	Smoking_Status	Never_Smoker	0.123764440009705	0.508367504231459	77	10	0.808355244528615	0.970870922427101
HROV-vOTU10321	Smoking_Status	Never_Smoker	-0.226445676177521	0.946594645713067	77	34	0.811623136918463	0.970870922427101
HROV-vOTU01853	diagnosis	RA	0.127363497607731	0.523598098089554	77	32	0.808515721130962	0.970870922427101
HROV-vOTU33152	Sex	M	0.0757114071152193	0.314211641813111	77	8	0.810283126822977	0.970870922427101
HROV-vOTU64068	Age	Age	-0.0616468730125774	0.260003958992425	77	31	0.813262199537197	0.970870922427101
HROV-vOTU17874	Sex	M	0.20287145043658	0.850542445747198	77	30	0.812164832725185	0.970870922427101
HROV-vOTU59771	Smoking_Status	Former_Smoker	-0.228374841291895	0.944130528267777	77	12	0.809563424849497	0.970870922427101
HROV-vOTU56629	Sex	M	-0.130124337279969	0.540801765248489	77	11	0.810547925288774	0.970870922427101
HROV-vOTU74685	Smoking_Status	Former_Smoker	-0.265621894149716	1.11804123234434	77	34	0.812892726206661	0.970870922427101
HROV-vOTU40801	Age	Age	-0.0483123863713112	0.200957159709729	77	10	0.810704178416555	0.970870922427101
HROV-vOTU11265	Sex	M	0.307188899626069	1.27086120876712	77	33	0.809696142472084	0.970870922427101
HROV-vOTU11265	Smoking_Status	Former_Smoker	-0.557027541772742	2.32185592820987	77	33	0.811094289145956	0.970870922427101
HROV-vOTU44999	Smoking_Status	Never_Smoker	0.120159155606276	0.503033880143985	77	8	0.811895376325861	0.970870922427101
HROV-vOTU72977	diagnosis	RA	-0.0620566914650505	0.255854131066117	77	10	0.809055512905037	0.970870922427101
HROV-vOTU06299	Smoking_Status	Never_Smoker	0.199954919636411	0.836218163869034	77	11	0.811702885720882	0.970870922427101
HROV-vOTU02911	Smoking_Status	Former_Smoker	0.240487218436063	1.00048751550452	77	18	0.810736096102634	0.970870922427101
HROV-vOTU23806	Age	Age	0.0524919136557969	0.220823640912146	77	13	0.812790923036077	0.970870922427101
HROV-vOTU23863	diagnosis	RA	-0.161144520172647	0.666758322936982	77	31	0.809722045562762	0.970870922427101
HROV-vOTU23940	Smoking_Status	Never_Smoker	-0.0797379892229537	0.336140974633357	77	11	0.813172431981784	0.970870922427101
HROV-vOTU10126	Smoking_Status	Former_Smoker	-0.135118888186997	0.554188309881557	77	11	0.808077983549389	0.970870922427101
HROV-vOTU66829	Sex	M	0.137386556343838	0.580052543466829	77	8	0.813453715892602	0.970870922427101
HROV-vOTU50805	Age	Age	0.041021197311974	0.171103031669141	77	12	0.811218287735991	0.970870922427101
HROV-vOTU39312	Smoking_Status	Never_Smoker	0.0770373767264194	0.316234553044783	77	10	0.808236672612705	0.970870922427101
HROV-vOTU54276	Smoking_Status	Former_Smoker	-0.196986458749347	0.816717307003267	77	14	0.810100756022032	0.970870922427101
HROV-vOTU30319	Sex	M	-0.0632537367054602	0.260639023638959	77	9	0.80894749212065	0.970870922427101
HROV-vOTU58307	diagnosis	RA	-0.0819571811850674	0.342818451974858	77	12	0.811741016488631	0.970870922427101
HROV-vOTU07570	diagnosis	RA	0.0750341811729812	0.316877329374306	77	9	0.813499617458783	0.970870922427101
HROV-vOTU69166	Smoking_Status	Former_Smoker	-0.353002034342014	1.47137064283332	77	16	0.81108843610305	0.970870922427101
HROV-vOTU34253	Sex	M	0.0781537316049221	0.325290290231605	77	9	0.810822277539057	0.970870922427101
HROV-vOTU07547	diagnosis	RA	-0.123130971980769	0.518310606385392	77	10	0.812904914728772	0.970870922427101
HROV-vOTU33455	Sex	M	0.10832832511865	0.455443645166236	77	14	0.81268070913952	0.970870922427101
HROV-vOTU34090	diagnosis	RA	0.106507553125309	0.449351364739277	77	8	0.813319881901282	0.970870922427101
HROV-vOTU34090	Smoking_Status	Never_Smoker	-0.186208366532316	0.767557829890935	77	8	0.809015900371919	0.970870922427101
HROV-vOTU02807	Smoking_Status	Former_Smoker	0.226865637566485	0.935706033693866	77	13	0.809127430596871	0.970870922427101
HROV-vOTU31635	diagnosis	RA	-0.0764823289248427	0.3201013330446	77	10	0.811846942711631	0.970870922427101
HROV-vOTU21294	Sex	M	0.144618733808287	0.607783983002802	77	10	0.812609642109618	0.970870922427101
HROV-vOTU34908	Smoking_Status	Former_Smoker	-0.167297575132123	0.69614982894983	77	12	0.810776007064615	0.970870922427101
HROV-vOTU26986	diagnosis	RA	0.060950108943832	0.256666784204005	77	8	0.812977763823496	0.970870922427101
HROV-vOTU32933	Smoking_Status	Former_Smoker	-0.186661806178261	0.771827482951786	77	10	0.809598240283785	0.970870922427101
HROV-vOTU05088	Sex	M	-0.153862200473998	0.652893257711049	77	74	0.814373321995435	0.970916046174601
HROV-vOTU67176	Age	Age	0.0726872824397394	0.308447639892338	77	39	0.814378680476403	0.970916046174601
HROV-vOTU03107	Smoking_Status	Former_Smoker	-0.262288017794985	1.10872565451486	77	13	0.813673823445806	0.970916046174601
HROV-vOTU11756	Smoking_Status	Former_Smoker	0.202614746048507	0.860141231660854	77	15	0.814452362629291	0.970916046174601
HROV-vOTU33700	Smoking_Status	Former_Smoker	0.345311069954583	1.45953439495272	77	44	0.8136562202118	0.970916046174601
HROV-vOTU62835	Sex	M	0.153327917196822	0.649922659441266	77	36	0.814176157752053	0.970916046174601
HROV-vOTU59373	Sex	M	0.21771861733106	0.924752228799439	77	47	0.81454923700128	0.970916046174601
HROV-vOTU52372	Smoking_Status	Former_Smoker	0.356004101163825	1.50801191284665	77	60	0.814054069389828	0.970916046174601
HROV-vOTU01546	Age	Age	0.0674569986229098	0.285494645824403	77	25	0.813894841905063	0.970916046174601
HROV-vOTU17004	Age	Age	-0.0426381752261362	0.18107661452409	77	10	0.814521549410481	0.970916046174601
HROV-vOTU07537	Age	Age	0.064467003638755	0.273260832378648	77	56	0.814175930687156	0.970916046174601
HROV-vOTU16410	Sex	M	0.218380355573242	0.925991945722836	77	34	0.814240473213557	0.970916046174601
HROV-vOTU67503	diagnosis	RA	-0.114356998908958	0.485587971249794	77	27	0.814496992328294	0.970916046174601
HROV-vOTU01295	Smoking_Status	Former_Smoker	-0.395351052680838	1.67541869067765	77	42	0.814134170111275	0.970916046174601
HROV-vOTU49358	Smoking_Status	Former_Smoker	0.295088919959919	1.25249680892316	77	31	0.81442091685626	0.970916046174601
HROV-vOTU08096	Smoking_Status	Former_Smoker	-0.289023407527925	1.22721723615821	77	31	0.814489974419568	0.970916046174601
HROV-vOTU53426	Smoking_Status	Former_Smoker	-0.2503193754224	1.05878173302284	77	18	0.813785909849393	0.970916046174601
HROV-vOTU40926	diagnosis	RA	-0.135095365472871	0.573376222558395	77	43	0.81441064374685	0.970916046174601
HROV-vOTU41183	Smoking_Status	Former_Smoker	-0.460207604327387	1.95114636273949	77	30	0.814216301547153	0.970916046174601
HROV-vOTU09977	Smoking_Status	Former_Smoker	0.253615153996217	1.07391158262464	77	63	0.813988327225994	0.970916046174601
HROV-vOTU52675	Sex	M	-0.0789835330153476	0.33486486733136	77	8	0.814215030008026	0.970916046174601
HROV-vOTU40204	Smoking_Status	Never_Smoker	0.248902060167108	1.05446231405972	77	13	0.814076252425527	0.970916046174601
HROV-vOTU51286	Sex	M	0.1609946072759	0.683120905331595	77	17	0.814363255751354	0.970916046174601
HROV-vOTU52078	Smoking_Status	Former_Smoker	-0.217542563588935	0.923486569461356	77	9	0.814447173760564	0.970916046174601
HROV-vOTU70799	Smoking_Status	Never_Smoker	-0.270123643625771	1.14837584971458	77	69	0.814713292010826	0.971052107823977
HROV-vOTU55389	Smoking_Status	Former_Smoker	-0.40648874857194	1.72883252825502	77	39	0.814789879791165	0.971052107823977
HROV-vOTU31353	Smoking_Status	Former_Smoker	0.246618162305769	1.04880241134654	77	23	0.814774904826392	0.971052107823977
HROV-vOTU08286	Age	Age	0.0247276270784318	0.105204467087058	77	74	0.814851540800453	0.971075342025068
HROV-vOTU03578	diagnosis	RA	-0.179822353595716	0.765702657597927	77	44	0.815004094821867	0.971156635988389
HROV-vOTU41116	Smoking_Status	Never_Smoker	0.339697254311419	1.44627319318916	77	34	0.81497977012326706	0.971156635988389
HROV-vOTU44531	diagnosis	RA	0.109060861212009	0.464713823925728	77	14	0.815129561202301	0.971255887545995
HROV-vOTU29692	Smoking_Status	Former_Smoker	-0.36106599977964	1.53928789815411	77	66	0.815220035628425	0.971263187818036
HROV-vOTU43438	Age	Age	-0.0540868309860237	0.230543923267111	77	27	0.815190333252563	0.971263187818036
HROV-vOTU28376	Smoking_Status	Former_Smoker	-0.229836206574222	0.980206769020232	77	11	0.815289344702098	0.97127517368213
HROV-vOTU07046	Smoking_Status	Former_Smoker	0.149942006618054	0.639562068428775	77	17	0.815314444534213	0.97127517368213
HROV-vOTU45083	diagnosis	RA	-0.0511752876791336	0.220159963211594	77	77	0.816860414510884	0.971345461276144
HROV-vOTU74002	Sex	M	-0.172374619552038	0.739031206198588	77	66	0.816243059144389	0.971345461276144
HROV-vOTU02808	diagnosis	RA	0.142843750515589	0.610076877965867	77	75	0.815549697926918	0.971345461276144
HROV-vOTU22200	diagnosis	RA	0.134120748056846	0.57607799557452	77	26	0.816573371172761	0.971345461276144
HROV-vOTU07138	Age	Age	0.0507325635391907	0.217164942115353	77	8	0.815957657012809	0.971345461276144
HROV-vOTU64354	Smoking_Status	Never_Smoker	-0.185323510529753	0.792809082135694	77	14	0.815847459841559	0.971345461276144
HROV-vOTU62233	diagnosis	RA	-0.146670605889834	0.631273457258449	77	26	0.816941713633261	0.971345461276144
HROV-vOTU63683	diagnosis	RA	0.120588767956567	0.516189991232486	77	58	0.815957579158465	0.971345461276144
HROV-vOTU01702	diagnosis	RA	-0.140195376985386	0.603519870469171	77	40	0.81697624323567	0.971345461276144
HROV-vOTU03452	Sex	M	0.201022757028822	0.861929667475087	77	55	0.81625848951242	0.971345461276144
HROV-vOTU46010	diagnosis	RA	0.119597998898715	0.511041653517081	77	48	0.815636838357	0.971345461276144
HROV-vOTU43813	diagnosis	RA	0.13480118262346	0.579188266871608	77	67	0.816631721082697	0.971345461276144
HROV-vOTU07478	Smoking_Status	Former_Smoker	-0.301761194602525	1.29773899877278	77	51	0.816796604303298	0.971345461276144
HROV-vOTU59361	Smoking_Status	Never_Smoker	-0.13095332375887	0.563414425988358	77	18	0.816874237390526	0.971345461276144
HROV-vOTU64997	Age	Age	-0.0398631713409128	0.17137120786385	77	12	0.816731169835094	0.971345461276144
HROV-vOTU12748	Sex	M	0.115692333229294	0.49400174227245	77	26	0.815508244822743	0.971345461276144
HROV-vOTU48081	diagnosis	RA	-0.129502248231972	0.557463130443118	77	30	0.816968364503637	0.971345461276144
HROV-vOTU20675	Smoking_Status	Never_Smoker	-0.164592933084808	0.706117206894127	77	10	0.816357737669153	0.971345461276144
HROV-vOTU50143	diagnosis	RA	-0.114257159762504	0.48890688787271	77	32	0.815891009204265	0.971345461276144
HROV-vOTU60666	Age	Age	-0.055645896753564	0.238065139412732	77	56	0.81585768328181	0.971345461276144
HROV-vOTU48533	Smoking_Status	Former_Smoker	-0.282644960947632	1.21289551336018	77	24	0.816406109450967	0.971345461276144
HROV-vOTU49670	Smoking_Status	Never_Smoker	0.256482602300595	1.09942785902776	77	26	0.816209562691844	0.971345461276144
HROV-vOTU02645	Sex	M	0.121563761330052	0.522669665283878	77	18	0.81675484942607	0.971345461276144
HROV-vOTU63604	Age	Age	-0.0303470639326118	0.130600827590166	77	12	0.816923008114756	0.971345461276144
HROV-vOTU25762	Age	Age	-0.0723719847167133	0.308961741474287	77	30	0.815470845469157	0.971345461276144
HROV-vOTU01885	Sex	M	0.0985667087162058	0.421883373993767	77	13	0.815940702327256	0.971345461276144
HROV-vOTU17211	Smoking_Status	Former_Smoker	0.274057659925926	1.17343027914036	77	25	0.816004426880693	0.971345461276144
HROV-vOTU53891	Sex	M	0.125778905400865	0.539962147392395	77	47	0.816478048414396	0.971345461276144
HROV-vOTU63483	diagnosis	RA	-0.0611037634606631	0.262492161395083	77	8	0.816599518621162	0.971345461276144
HROV-vOTU72239	Sex	M	0.203542023996239	0.871473138227712	77	50	0.815998009638765	0.971345461276144
HROV-vOTU60677	Sex	M	0.185285929667137	0.797847397300783	77	17	0.817025690472269	0.971345461276144
HROV-vOTU08022	Age	Age	0.0345342042960165	0.14825486077807	77	9	0.816479700710661	0.971345461276144
HROV-vOTU71255	Smoking_Status	Former_Smoker	0.169265113030967	0.726430294993574	77	13	0.816424515511484	0.971345461276144
HROV-vOTU30602	Age	Age	-0.0464811182153089	0.200068756390965	77	18	0.816953410185832	0.971345461276144
HROV-vOTU50048	diagnosis	RA	0.0907475408649571	0.390640908693487	77	14	0.816970026081745	0.971345461276144
HROV-vOTU59845	Age	Age	0.0611248451535177	0.261155061853739	77	14	0.815615288656408	0.971345461276144
HROV-vOTU32179	Smoking_Status	Never_Smoker	0.129977470557308	0.559669527827024	77	10	0.817019976808631	0.971345461276144
HROV-vOTU02636	Smoking_Status	Former_Smoker	0.176223694742945	0.75662609095683	77	8	0.816503564461338	0.971345461276144
HROV-vOTU15157	Smoking_Status	Former_Smoker	0.146727926001464	0.628637885456789	77	8	0.816117699475762	0.971345461276144
HROV-vOTU66180	Smoking_Status	Never_Smoker	-0.175542431078942	0.756038222514823	77	10	0.817060541721297	0.971345461276144
HROV-vOTU49140	Smoking_Status	Former_Smoker	-0.32163422809325	1.38749393865625	77	71	0.817352822579669	0.971442199721823
HROV-vOTU49378	Smoking_Status	Former_Smoker	-0.382529279481553	1.64979538950165	77	50	0.817310102574583	0.971442199721823
HROV-vOTU35516	Sex	M	0.201367778009573	0.868538146910129	77	35	0.817323946943847	0.971442199721823
HROV-vOTU40801	Sex	M	-0.120266333095751	0.51840876842985	77	10	0.817212123512497	0.971442199721823
HROV-vOTU32626	diagnosis	RA	-0.134990679187509	0.582009760166844	77	21	0.81725271063277	0.971442199721823
HROV-vOTU47530	Smoking_Status	Never_Smoker	-0.176502887284737	0.761734720491277	77	59	0.817428425336473	0.971481919470481
HROV-vOTU01894	Smoking_Status	Former_Smoker	-0.23877468919325	1.03205389586095	77	76	0.817701575000935	0.971584066148353
HROV-vOTU41365	Sex	M	-0.143215039246394	0.619575656809677	77	70	0.81786294443981	0.971584066148353
HROV-vOTU68963	Sex	M	-0.225910265482898	0.977675655987951	77	57	0.817925997689022	0.971584066148353
HROV-vOTU32166	Age	Age	0.0819009673193995	0.353962292979916	77	65	0.817682562203713	0.971584066148353
HROV-vOTU23563	Smoking_Status	Never_Smoker	-0.127886464359567	0.552710184965694	77	77	0.817684589773229	0.971584066148353
HROV-vOTU32303	Sex	M	0.200323278131905	0.866345497775333	77	51	0.817802795636388	0.971584066148353
HROV-vOTU57832	Age	Age	0.0612269322121808	0.264852042823975	77	23	0.817844453832286	0.971584066148353
HROV-vOTU37946	Age	Age	-0.040676092962225	0.17567195803585	77	9	0.817556880308278	0.971584066148353
HROV-vOTU22117	diagnosis	RA	-0.053087455774066	0.229672045992705	77	12	0.817867272088228	0.971584066148353
HROV-vOTU23857	diagnosis	RA	-0.104843720337925	0.453759952624958	77	17	0.817936251605917	0.971584066148353
HROV-vOTU09951	Sex	M	0.167951061494965	0.727111943515803	77	46	0.817991735712159	0.971599859376503
HROV-vOTU11570	Sex	M	0.132076709211294	0.57236944181331	77	76	0.818169324554341	0.97166045505809
HROV-vOTU12418	Smoking_Status	Never_Smoker	-0.263418328226896	1.14132381605915	77	48	0.818133419507585	0.97166045505809
HROV-vOTU66180	Age	Age	0.0522728453872683	0.226447852234827	77	10	0.818104288109881	0.97166045505809
HROV-vOTU23376	Sex	M	-0.0839370507275323	0.363925828378871	77	9	0.818255235638813	0.971712374401169
HROV-vOTU22053	Smoking_Status	Former_Smoker	-0.132586998639717	0.57740846980093	77	76	0.819043979014788	0.971794021594409
HROV-vOTU43434	Sex	M	-0.115082513911797	0.499836954506224	77	75	0.818567286093601	0.971794021594409
HROV-vOTU07805	Sex	M	0.236180758675024	1.02668917652025	77	46	0.818721282946038	0.971794021594409
HROV-vOTU02356	Smoking_Status	Former_Smoker	0.297310312865838	1.29813892241256	77	70	0.819505501232523	0.971794021594409
HROV-vOTU00617	diagnosis	RA	-0.11034416559159	0.481441537772799	77	34	0.819376022316206	0.971794021594409
HROV-vOTU75081	diagnosis	RA	0.143276224229577	0.625502752427428	77	23	0.819482594481539	0.971794021594409
HROV-vOTU18043	Age	Age	-0.0448022565090622	0.195616673507875	77	34	0.819503371348588	0.971794021594409
HROV-vOTU38393	diagnosis	RA	-0.0520112281761784	0.227060838754042	77	74	0.819478523905314	0.971794021594409
HROV-vOTU20020	Smoking_Status	Former_Smoker	-0.228376548469838	0.994368299246313	77	69	0.81900859402679	0.971794021594409
HROV-vOTU11457	Sex	M	0.158715862238636	0.692137763619749	77	48	0.819285309493846	0.971794021594409
HROV-vOTU00293	diagnosis	RA	-0.187971242559191	0.820619959414773	77	28	0.819480784080772	0.971794021594409
HROV-vOTU15151	Smoking_Status	Former_Smoker	0.272363118895837	1.18799457759983	77	29	0.819323708334479	0.971794021594409
HROV-vOTU51519	Sex	M	0.199684023751048	0.866463420398517	77	48	0.818398107714998	0.971794021594409
HROV-vOTU24078	diagnosis	RA	-0.104073680458134	0.4535549486347	77	38	0.819169503471825	0.971794021594409
HROV-vOTU44129	Sex	M	-0.277189999198357	1.20930056506663	77	32	0.819360706738033	0.971794021594409
HROV-vOTU47122	Smoking_Status	Former_Smoker	-0.187094449912014	0.815527683091325	77	70	0.819205823900354	0.971794021594409
HROV-vOTU36327	Sex	M	-0.14922557697966	0.649066350431211	77	16	0.818824311190875	0.971794021594409
HROV-vOTU60429	diagnosis	RA	-0.0706489851513211	0.308109353452963	77	12	0.819296240650108	0.971794021594409
HROV-vOTU24122	diagnosis	RA	0.114637201703397	0.49841931077014	77	27	0.818751953986181	0.971794021594409
HROV-vOTU19271	Sex	M	0.129040222080884	0.562114817744486	77	24	0.819092155800293	0.971794021594409
HROV-vOTU47242	Smoking_Status	Former_Smoker	0.221568437380015	0.963956066901953	77	12	0.818866725659932	0.971794021594409
HROV-vOTU71928	Smoking_Status	Former_Smoker	0.234231865567158	1.01938980415642	77	17	0.818926104652703	0.971794021594409
HROV-vOTU41868	Smoking_Status	Former_Smoker	0.246823369820993	1.07402456108041	77	16	0.818898919659739	0.971794021594409
HROV-vOTU30319	diagnosis	RA	-0.0452995554801197	0.197479077821985	77	9	0.819226002915407	0.971794021594409
HROV-vOTU58282	Sex	M	-0.124378717836524	0.541955847975183	77	14	0.819140393014767	0.971794021594409
HROV-vOTU53050	Smoking_Status	Former_Smoker	0.262563890249847	1.14345115047101	77	10	0.819044145550726	0.971794021594409
HROV-vOTU05942	diagnosis	RA	-0.06407059655373	0.279260362762204	77	9	0.819194670415563	0.971794021594409
HROV-vOTU68457	Sex	M	-0.079123231269875	0.344052366646765	77	9	0.818772962200787	0.971794021594409
HROV-vOTU47446	Sex	M	0.121179396245152	0.529442725075774	77	14	0.819619380822469	0.971879020715758
HROV-vOTU65229	Sex	M	0.181743868551159	0.79591172567833	77	45	0.820033058593152	0.971885052504367
HROV-vOTU40817	Smoking_Status	Former_Smoker	-0.261801022527601	1.14447880410489	77	76	0.819719819768129	0.971885052504367
HROV-vOTU14455	Sex	M	-0.146334050177686	0.640500779416833	77	70	0.819939040460066	0.971885052504367
HROV-vOTU31292	Smoking_Status	Former_Smoker	-0.222772561989062	0.975840304985594	77	69	0.820078619080369	0.971885052504367
HROV-vOTU73249	Sex	M	-0.197859752579314	0.866721184581096	77	69	0.820080612701944	0.971885052504367
HROV-vOTU31186	Age	Age	-0.0613005647092973	0.268057138340842	77	38	0.819771396629989	0.971885052504367
HROV-vOTU72566	Sex	M	-0.242622352491845	1.06173307804432	77	61	0.819902485400836	0.971885052504367
HROV-vOTU69548	Sex	M	-0.143458039108343	0.628367945664215	77	27	0.820067254214762	0.971885052504367
HROV-vOTU23013	diagnosis	RA	0.191311867314277	0.838076518973994	77	32	0.82008867673979	0.971885052504367
HROV-vOTU71610	Sex	M	0.162118875064433	0.709454516956197	77	18	0.819905108405052	0.971885052504367
HROV-vOTU63283	Age	Age	-0.0659723469985362	0.288859201665424	77	27	0.82000013321251	0.971885052504367
HROV-vOTU74563	Smoking_Status	Former_Smoker	-0.412808521421218	1.81006310846292	77	26	0.820252755620094	0.97202948244987
HROV-vOTU04898	diagnosis	RA	0.0701109810804916	0.30760306519422	77	9	0.820358275004433	0.972104505961003
HROV-vOTU52452	Smoking_Status	Former_Smoker	0.532232012195105	2.33591901600477	77	58	0.820420113370154	0.972127763475748
HROV-vOTU28979	Smoking_Status	Never_Smoker	-0.237832251232838	1.04435633170867	77	30	0.820509951193114	0.972184193855914
HROV-vOTU30674	diagnosis	RA	-0.234315036595355	1.02965713499159	77	44	0.820637632488107	0.972285455098318
HROV-vOTU32613	diagnosis	RA	-0.157411206208078	0.692226202957018	77	68	0.820767414987305	0.97233917526531
HROV-vOTU01844	Sex	M	-0.111717234267326	0.491180049822825	77	18	0.820730164799484	0.97233917526531
HROV-vOTU02293	Sex	M	0.141815648955097	0.62436190286066	77	76	0.82097001304111	0.972363354834765
HROV-vOTU12202	diagnosis	RA	-0.158829304868824	0.698838952551499	77	33	0.820862319507343	0.972363354834765
HROV-vOTU11502	diagnosis	RA	-0.0820991980703318	0.36137071377825	77	16	0.820930228211551	0.972363354834765
HROV-vOTU34202	Sex	M	0.0769452459620161	0.338577853548305	77	11	0.820874595043596	0.972363354834765
HROV-vOTU40101	Sex	M	0.126848473878722	0.558558779182252	77	12	0.820998933337473	0.972363354834765
HROV-vOTU26901	Smoking_Status	Former_Smoker	-0.199473022002889	0.878647315044796	77	10	0.821058375870109	0.972383749680582
HROV-vOTU74263	Sex	M	-0.111488934789673	0.491214811637194	77	15	0.821102613775892	0.972386136435377
HROV-vOTU69975	Smoking_Status	Never_Smoker	-0.232208240858008	1.02381436568448	77	50	0.821225594932788	0.972431767767088
HROV-vOTU18429	Smoking_Status	Never_Smoker	0.279235161703273	1.23104099266738	77	25	0.821208935202948	0.972431767767088
HROV-vOTU71676	Smoking_Status	Former_Smoker	0.152723787018119	0.67358152345413	77	16	0.821282177382856	0.972448768387001
HROV-vOTU69117	Smoking_Status	Former_Smoker	-0.157438291876292	0.694841573060196	77	15	0.821400206293517	0.972488523079359
HROV-vOTU41126	Smoking_Status	Never_Smoker	0.101319350549589	0.447106328780017	77	13	0.821377165663062	0.972488523079359
HROV-vOTU57502	Smoking_Status	Never_Smoker	0.207676265378286	0.918159214432051	77	26	0.821705378420679	0.972749813150418
HROV-vOTU35490	diagnosis	RA	0.0676569780885147	0.299092703589213	77	15	0.821690081735445	0.972749813150418
HROV-vOTU32378	Smoking_Status	Former_Smoker	-0.348713973635611	1.55006442831974	77	27	0.822650858978206	0.97278344994975
HROV-vOTU20894	diagnosis	RA	-0.101215193412398	0.448808702849293	77	22	0.822222907497459	0.97278344994975
HROV-vOTU35974	diagnosis	RA	-0.156674929634949	0.69470116488011	77	55	0.822216050493852	0.97278344994975
HROV-vOTU21661	diagnosis	RA	-0.144904884601943	0.642280449556476	77	34	0.822152930492723	0.97278344994975
HROV-vOTU40888	Smoking_Status	Former_Smoker	0.173819923780567	0.772124843736477	77	70	0.822533433307035	0.97278344994975
HROV-vOTU12599	Smoking_Status	Former_Smoker	0.327209119624058	1.45397694985267	77	64	0.822591327112575	0.97278344994975
HROV-vOTU00059	Sex	M	0.163335960830138	0.724963926478745	77	14	0.822391429578377	0.97278344994975
HROV-vOTU70617	Sex	M	0.138253087858385	0.61304643088375	77	72	0.82222410168877	0.97278344994975
HROV-vOTU64647	Age	Age	-0.0482791612671162	0.213934816383466	77	16	0.822104652609565	0.97278344994975
HROV-vOTU67503	Sex	M	0.144170184300547	0.640894094266825	77	27	0.822663068659198	0.97278344994975
HROV-vOTU19997	Sex	M	0.0924792886567586	0.4092129170666	77	14	0.821856110205096	0.97278344994975
HROV-vOTU29576	Smoking_Status	Never_Smoker	0.188721629417095	0.835514670832017	77	12	0.821947826457168	0.97278344994975
HROV-vOTU54940	Age	Age	0.0524250015051981	0.232493846686648	77	54	0.82224602211153	0.97278344994975
HROV-vOTU38884	Smoking_Status	Former_Smoker	0.269020304805878	1.19149661489132	77	33	0.822018472176723	0.97278344994975
HROV-vOTU72513	Smoking_Status	Former_Smoker	0.159314342346977	0.707669689241506	77	13	0.822528511815456	0.97278344994975
HROV-vOTU02347	Sex	M	0.140228697994035	0.622347137622119	77	19	0.822375835358158	0.97278344994975
HROV-vOTU03100	Smoking_Status	Never_Smoker	-0.187819678150403	0.834095211559235	77	36	0.822487862674164	0.97278344994975
HROV-vOTU63352	Age	Age	-0.0559214170955284	0.248004378352056	77	20	0.822249308281857	0.97278344994975
HROV-vOTU23940	Smoking_Status	Former_Smoker	-0.106961437474945	0.474517143911805	77	11	0.822307028550647	0.97278344994975
HROV-vOTU29218	diagnosis	RA	0.0494900308256924	0.219550671818742	77	10	0.822303959578259	0.97278344994975
HROV-vOTU20798	diagnosis	RA	-0.076878015885364	0.34030899317999	77	9	0.821923186686625	0.97278344994975
HROV-vOTU18501	diagnosis	RA	-0.055194118414107	0.245349899068832	77	11	0.822655950372127	0.97278344994975
HROV-vOTU46311	Sex	M	0.219693059952586	0.978244703030689	77	54	0.822951989689807	0.972975220625097
HROV-vOTU06176	Sex	M	0.265075182807658	1.18027097092965	77	53	0.822944570918625	0.972975220625097
HROV-vOTU15372	Sex	M	-0.202981733808385	0.903466911795322	77	67	0.822881491806708	0.972975220625097
HROV-vOTU53287	Smoking_Status	Never_Smoker	-0.100442586605715	0.447669278977397	77	14	0.823115525097143	0.973068658846425
HROV-vOTU52612	Smoking_Status	Never_Smoker	0.281295653819815	1.25360246112126	77	44	0.823098470776411	0.973068658846425
HROV-vOTU37447	Smoking_Status	Never_Smoker	0.235286101634957	1.05341994943009	77	62	0.823900988316059	0.973074784866464
HROV-vOTU67153	Smoking_Status	Never_Smoker	0.157590477787448	0.704592562601399	77	73	0.823662739878845	0.973074784866464
HROV-vOTU56918	Smoking_Status	Never_Smoker	0.327875571273358	1.46396282531335	77	43	0.823428212811323	0.973074784866464
HROV-vOTU37850	diagnosis	RA	-0.171198479082642	0.765561532195903	77	45	0.823691528367013	0.973074784866464
HROV-vOTU44598	diagnosis	RA	-0.1975393356669	0.882944279834906	77	63	0.823611483896557	0.973074784866464
HROV-vOTU20558	Sex	M	0.249901217441038	1.11549519583101	77	48	0.823379577060396	0.973074784866464
HROV-vOTU22737	Age	Age	-0.0750513978212387	0.335765089193709	77	30	0.823769965895471	0.973074784866464
HROV-vOTU68787	Smoking_Status	Former_Smoker	-0.32961054917089	1.47588500287378	77	37	0.82391938805218	0.973074784866464
HROV-vOTU52099	diagnosis	RA	0.169104679936323	0.757211793147874	77	55	0.823923504337649	0.973074784866464
HROV-vOTU61489	diagnosis	RA	0.171310100561892	0.765972181841512	77	31	0.823671500449899	0.973074784866464
HROV-vOTU19405	Sex	M	-0.121691745768449	0.542833842275054	77	19	0.82326217283044	0.973074784866464
HROV-vOTU03141	Smoking_Status	Former_Smoker	0.193757461264012	0.866284414038804	77	16	0.823660337759732	0.973074784866464
HROV-vOTU38896	Age	Age	0.0295237732102002	0.132164869975554	77	12	0.823876629636084	0.973074784866464
HROV-vOTU70060	Smoking_Status	Never_Smoker	0.146175951631581	0.65438907444242	77	13	0.82388298457041	0.973074784866464
HROV-vOTU62744	Age	Age	0.0586220624079272	0.261654114503597	77	14	0.823366439084606	0.973074784866464
HROV-vOTU14589	diagnosis	RA	-0.115131393191323	0.514038530056123	77	23	0.82342058765991	0.973074784866464
HROV-vOTU75446	Smoking_Status	Never_Smoker	0.104026775503589	0.465210575651849	77	8	0.823701204028952	0.973074784866464
HROV-vOTU56103	Smoking_Status	Former_Smoker	0.13486860651555	0.601567253380944	77	9	0.823249178620157	0.973074784866464
HROV-vOTU17386	diagnosis	RA	-0.0563793072378883	0.252384880998163	77	13	0.823876401364052	0.973074784866464
HROV-vOTU49736	Smoking_Status	Former_Smoker	0.368126958982962	1.65014471043399	77	53	0.824107850448085	0.973170877142865
HROV-vOTU68315	Smoking_Status	Never_Smoker	0.283641489846614	1.27178976996975	77	20	0.82415609544416	0.973170877142865
HROV-vOTU20962	Sex	M	0.173233475312019	0.77669300164805	77	37	0.824144949091245	0.973170877142865
HROV-vOTU10770	Sex	M	0.111114790278443	0.498267026575324	77	8	0.824173894389685	0.973170877142865
HROV-vOTU62209	Smoking_Status	Former_Smoker	0.371589068450258	1.66753162359363	77	34	0.824301587979899	0.973271754482291
HROV-vOTU38073	Age	Age	0.0256794925357808	0.115417418744577	77	77	0.824569428781112	0.973291166587465
HROV-vOTU01290	Smoking_Status	Never_Smoker	0.166755407273164	0.749460510746778	77	67	0.824563036878234	0.973291166587465
HROV-vOTU75676	Smoking_Status	Former_Smoker	0.338703081280969	1.52196673344538	77	46	0.824530135159943	0.973291166587465
HROV-vOTU50143	Sex	M	-0.143566832602603	0.645274503562212	77	32	0.824571600142772	0.973291166587465
HROV-vOTU11909	Age	Age	-0.0410299553903652	0.184304712880985	77	11	0.824470282664603	0.973291166587465
HROV-vOTU02730	Sex	M	-0.0777582550343379	0.349433718377015	77	8	0.824542964605151	0.973291166587465
HROV-vOTU69633	Age	Age	-0.0582142525562088	0.262043768411226	77	70	0.824831250607854	0.973421841036552
HROV-vOTU32053	diagnosis	RA	0.132675666189139	0.597291771532552	77	38	0.82485137767383	0.973421841036552
HROV-vOTU72559	Smoking_Status	Former_Smoker	0.305462000509393	1.37498041960067	77	43	0.824829192459315	0.973421841036552
HROV-vOTU21315	diagnosis	RA	-0.116202616131792	0.522983817263714	77	20	0.824802623144368	0.973421841036552
HROV-vOTU71472	Smoking_Status	Former_Smoker	-0.356318410730227	1.60713686464184	77	49	0.82517605195509	0.973496406622668
HROV-vOTU12841	Smoking_Status	Former_Smoker	0.395093440292719	1.78199054762008	77	46	0.825172479426461	0.973496406622668
HROV-vOTU34386	Smoking_Status	Never_Smoker	0.187788261076188	0.846244924157841	77	23	0.825022785910001	0.973496406622668
HROV-vOTU46469	Age	Age	0.0578072514402806	0.26069641149062	77	17	0.825151556487522	0.973496406622668
HROV-vOTU59140	Age	Age	0.0376527673055668	0.169862852948707	77	21	0.825210458101942	0.973496406622668
HROV-vOTU06266	Age	Age	0.0376945772396226	0.169832417234559	77	15	0.82498873680193	0.973496406622668
HROV-vOTU18375	diagnosis	RA	0.0500040464524202	0.225481590305408	77	8	0.825133027280314	0.973496406622668
HROV-vOTU38312	Smoking_Status	Never_Smoker	0.0996712809735438	0.449883188852037	77	10	0.825300768469265	0.973553075748971
HROV-vOTU07037	Smoking_Status	Never_Smoker	0.276492503149061	1.24883032364173	77	33	0.825415604008539	0.973638668321893
HROV-vOTU31896	diagnosis	RA	0.143054414118476	0.646670730241036	77	57	0.825558622395086	0.973757494174589
HROV-vOTU17409	Sex	M	-0.0725157175806924	0.328331609616648	77	9	0.8258344084671	0.973933143537347
HROV-vOTU72962	Age	Age	0.0531216644461997	0.240497940308009	77	11	0.825818290009869	0.973933143537347
HROV-vOTU36178	Smoking_Status	Former_Smoker	-0.355529207484248	1.60920375529654	77	40	0.825777283196316	0.973933143537347
HROV-vOTU34499	Smoking_Status	Former_Smoker	0.305999660738261	1.389661694337	77	64	0.82634947093514	0.973942781362702
HROV-vOTU13481	Sex	M	0.184154143336835	0.837766091273389	77	57	0.826645465631655	0.973942781362702
HROV-vOTU30612	diagnosis	RA	0.122879756037942	0.558737659473567	77	34	0.826561536254919	0.973942781362702
HROV-vOTU61207	diagnosis	RA	0.113138217564464	0.512924492254436	77	15	0.826056575155928	0.973942781362702
HROV-vOTU30007	Smoking_Status	Never_Smoker	-0.138067272551319	0.627929547321758	77	76	0.826597900767177	0.973942781362702
HROV-vOTU74408	Smoking_Status	Former_Smoker	-0.368351168183181	1.67079009669459	77	69	0.826141550435522	0.973942781362702
HROV-vOTU75309	Age	Age	0.0785493410818131	0.356950025682051	77	62	0.826458286084755	0.973942781362702
HROV-vOTU59173	Sex	M	-0.16682532180522	0.759005325363047	77	67	0.826661788237322	0.973942781362702
HROV-vOTU57885	Sex	M	0.28602094328342	1.29728666153011	77	56	0.826132995992289	0.973942781362702
HROV-vOTU18330	Smoking_Status	Former_Smoker	0.226498372874315	1.02932088640919	77	73	0.826466473204716	0.973942781362702
HROV-vOTU17933	Smoking_Status	Former_Smoker	-0.275615809831134	1.24851259512026	77	35	0.825916539062699	0.973942781362702
HROV-vOTU58106	Sex	M	0.226508238758478	1.0278279232753	77	35	0.82621106814894	0.973942781362702
HROV-vOTU67959	Age	Age	-0.0293039724227593	0.133345108131977	77	14	0.826688384284764	0.973942781362702
HROV-vOTU75872	Smoking_Status	Former_Smoker	-0.211054359555033	0.958999907067231	77	18	0.826442312353913	0.973942781362702
HROV-vOTU64100	Smoking_Status	Never_Smoker	-0.117222507095209	0.531882966200864	77	9	0.826198734003105	0.973942781362702
HROV-vOTU09655	Age	Age	0.0594243280991258	0.26938824790693	77	23	0.826044858200056	0.973942781362702
HROV-vOTU48645	Smoking_Status	Former_Smoker	0.224873936197522	1.02296414340817	77	19	0.826637613939132	0.973942781362702
HROV-vOTU06580	diagnosis	RA	-0.0856252755806631	0.388243421435922	77	15	0.826079431735558	0.973942781362702
HROV-vOTU47650	Smoking_Status	Never_Smoker	0.167957445825278	0.762693613073175	77	12	0.826334801407287	0.973942781362702
HROV-vOTU60573	Age	Age	-0.083860139276766	0.380725109399188	77	18	0.826297463955026	0.973942781362702
HROV-vOTU32153	diagnosis	RA	-0.171657227004133	0.781793985630818	77	25	0.826837367769814	0.973961160215907
HROV-vOTU52191	diagnosis	RA	0.194142901007033	0.88456108599952	77	60	0.826906426092989	0.973961160215907
HROV-vOTU75484	Smoking_Status	Never_Smoker	0.264044236246608	1.20256476536841	77	38	0.826837976060245	0.973961160215907
HROV-vOTU29201	Smoking_Status	Former_Smoker	-0.314378819876974	1.432367236549	77	48	0.826904380901622	0.973961160215907
HROV-vOTU48889	Smoking_Status	Former_Smoker	-0.227456027377337	1.03639844110366	77	13	0.826915439240192	0.973961160215907
HROV-vOTU15831	Smoking_Status	Former_Smoker	0.219435622148198	1.00247847830863	77	74	0.827361335803235	0.973964905222942
HROV-vOTU65832	Smoking_Status	Never_Smoker	-0.148555128577405	0.678365423545836	77	20	0.827286274324368	0.973964905222942
HROV-vOTU06892	Smoking_Status	Former_Smoker	0.20752103678837	0.946771318884353	77	23	0.827132397827296	0.973964905222942
HROV-vOTU11072	Sex	M	-0.202387868884659	0.924592371813805	77	41	0.827360514924307	0.973964905222942
HROV-vOTU23903	Sex	M	0.196881125803822	0.897690511325124	77	32	0.827030384717383	0.973964905222942
HROV-vOTU56910	Sex	M	0.1436949547502	0.656548692884748	77	52	0.827383821353957	0.973964905222942
HROV-vOTU53150	Sex	M	-0.119531466910164	0.545477661284194	77	15	0.827176158623519	0.973964905222942
HROV-vOTU74004	Age	Age	-0.0423605093453298	0.19337597805151	77	17	0.827233558694626	0.973964905222942
HROV-vOTU38863	Smoking_Status	Never_Smoker	0.127549801471791	0.58239469899322	77	13	0.827271237455461	0.973964905222942
HROV-vOTU12914	Sex	M	-0.109316873803704	0.499135485066659	77	11	0.827268739453159	0.973964905222942
HROV-vOTU30746	Sex	M	0.110053169771561	0.502178259906371	77	11	0.827160744039217	0.973964905222942
HROV-vOTU41480	Sex	M	0.130245018876276	0.596855582876646	77	32	0.827884751379877	0.973970351358552
HROV-vOTU07258	Sex	M	0.223407251671931	1.02219248663148	77	26	0.827622214833734	0.973970351358552
HROV-vOTU32187	diagnosis	RA	0.11339176414095	0.519355317905253	77	54	0.827796959528369	0.973970351358552
HROV-vOTU43228	Smoking_Status	Former_Smoker	-0.234519817403842	1.07239936602015	77	27	0.827521261497831	0.973970351358552
HROV-vOTU62066	Age	Age	-0.0901782402101833	0.412955487203882	77	49	0.827765124710064	0.973970351358552
HROV-vOTU53362	Age	Age	0.0417877044825984	0.191499572753489	77	14	0.827889102304511	0.973970351358552
HROV-vOTU27429	Age	Age	-0.0484808285163736	0.221971879590453	77	23	0.827736417056866	0.973970351358552
HROV-vOTU18349	diagnosis	RA	-0.0972982279160941	0.445521092700004	77	22	0.827750238216736	0.973970351358552
HROV-vOTU65044	Smoking_Status	Former_Smoker	-0.129081113301107	0.590164716023294	77	11	0.827495287918663	0.973970351358552
HROV-vOTU65281	Sex	M	-0.0710897054670572	0.325332514841169	77	8	0.827655540013767	0.973970351358552
HROV-vOTU14335	Sex	M	-0.0874264144060982	0.400663248034033	77	8	0.827895944341946	0.973970351358552
HROV-vOTU30498	Smoking_Status	Former_Smoker	-0.304932932639334	1.39461751346629	77	18	0.827550091404736	0.973970351358552
HROV-vOTU53239	diagnosis	RA	-0.115753400326818	0.531147204614414	77	57	0.828108068361565	0.974070627425652
HROV-vOTU68778	Sex	M	-0.240854765643057	1.10496818758777	77	52	0.82807433119658	0.974070627425652
HROV-vOTU32957	Sex	M	0.138186199568281	0.633809445071476	77	67	0.828035177400809	0.974070627425652
HROV-vOTU11379	Smoking_Status	Never_Smoker	-0.179493522364928	0.823883067968443	77	14	0.828160895963021	0.974083015016771
HROV-vOTU61773	Smoking_Status	Former_Smoker	0.109845731199249	0.504358417670696	77	12	0.828215123700103	0.974097048098329
HROV-vOTU07149	diagnosis	RA	-0.126874565895851	0.583295589003303	77	59	0.828432205536212	0.974132071232516
HROV-vOTU51623	Smoking_Status	Former_Smoker	-0.263609047993286	1.21233190849054	77	70	0.82848938513608394	0.974132071232516
HROV-vOTU69573	diagnosis	RA	-0.087759329561888	0.403389192249602	77	15	0.828399871558701	0.974132071232516
HROV-vOTU63816	Age	Age	0.107887520654264	0.496424222061804	77	31	0.828575072371702	0.974132071232516
HROV-vOTU74149	Smoking_Status	Former_Smoker	-0.313491232967105	1.44203942162428	77	32	0.82852455821455	0.974132071232516
HROV-vOTU46268	Smoking_Status	Former_Smoker	0.293625028547178	1.34991236405289	77	26	0.828431575802417	0.974132071232516
HROV-vOTU71160	Sex	M	0.138912597454334	0.639211434388661	77	14	0.828583288900293	0.974132071232516
HROV-vOTU60828	Age	Age	-0.0576400584317389	0.264782635064323	77	25	0.82829645759497	0.974132071232516
HROV-vOTU68660	Age	Age	0.0639620667604323	0.294426962340438	77	42	0.828642394958792	0.974151830316537
HROV-vOTU16928	Age	Age	-0.0313842165219608	0.144520986848562	77	10	0.828706275432919	0.97417719989894
HROV-vOTU20351	Smoking_Status	Former_Smoker	0.206277980060181	0.950174606730994	77	63	0.828757088853311	0.974187206834002
HROV-vOTU07429	diagnosis	RA	-0.0482363902541024	0.2223135092724	77	13	0.828850394818883	0.974218264644202
HROV-vOTU65978	Smoking_Status	Former_Smoker	-0.144144806316465	0.664409358997313	77	8	0.828868114521862	0.974218264644202
HROV-vOTU71552	Age	Age	-0.0336366884608605	0.155120095833971	77	12	0.828952673306349	0.974267928871917
HROV-vOTU36307	diagnosis	RA	-0.152582304565362	0.711124457631677	77	70	0.830721682794065	0.974288392544033
HROV-vOTU07672	Sex	M	-0.154414493072577	0.71930209530962	77	33	0.830637935705046	0.974288392544033
HROV-vOTU05109	Sex	M	-0.14453954395692	0.673946982373025	77	72	0.830797498611741	0.974288392544033
HROV-vOTU18825	Smoking_Status	Never_Smoker	0.177290845273442	0.825551118609263	77	72	0.830574342163534	0.974288392544033
HROV-vOTU04890	Sex	M	0.177874978805383	0.831449730226211	77	24	0.831212077120869	0.974288392544033
HROV-vOTU05478	diagnosis	RA	-0.0765447268012792	0.357815323823818	77	73	0.831220695914862	0.974288392544033
HROV-vOTU52476	Sex	M	0.203546378621821	0.941583519681558	77	50	0.829471585448726	0.974288392544033
HROV-vOTU43757	Smoking_Status	Never_Smoker	0.181877213663022	0.841778740793466	77	20	0.829558213516733	0.974288392544033
HROV-vOTU66742	diagnosis	RA	0.0686978997284571	0.320764422672093	77	58	0.831028908192776	0.974288392544033
HROV-vOTU19713	diagnosis	RA	0.0832498967349456	0.386208552306546	77	76	0.829951234492861	0.974288392544033
HROV-vOTU45238	Age	Age	0.066943010325615	0.311266553634044	77	57	0.830332037915201	0.974288392544033
HROV-vOTU46902	Age	Age	0.0718155040910913	0.335436802943745	77	38	0.83108626990134	0.974288392544033
HROV-vOTU69302	Smoking_Status	Never_Smoker	-0.0963707538676453	0.449579393050342	77	8	0.830882667361994	0.974288392544033
HROV-vOTU13869	Smoking_Status	Former_Smoker	-0.387551604632441	1.80949142586726	77	30	0.831022877332195	0.974288392544033
HROV-vOTU54041	Age	Age	0.048944610953098	0.228004937975464	77	27	0.830644119503309	0.974288392544033
HROV-vOTU56860	Smoking_Status	Never_Smoker	-0.136118221890677	0.63132012788205	77	23	0.829910829781749	0.974288392544033
HROV-vOTU00293	Age	Age	0.0906747602786994	0.419847499163547	77	28	0.829629855978513	0.974288392544033
HROV-vOTU55384	Smoking_Status	Former_Smoker	-0.451552066152768	2.09398896719246	77	50	0.829885069301318	0.974288392544033
HROV-vOTU49421	Sex	M	0.264275770991144	1.2341669310584	77	52	0.831057186179788	0.974288392544033
HROV-vOTU36129	Smoking_Status	Former_Smoker	0.304377108167302	1.42217136687338	77	29	0.831142725858461	0.974288392544033
HROV-vOTU08073	Age	Age	-0.0482824085641566	0.223218439385075	77	22	0.829373261610914	0.974288392544033
HROV-vOTU54798	Smoking_Status	Former_Smoker	0.242893211258746	1.12473026127181	77	65	0.82964060945645	0.974288392544033
HROV-vOTU09408	Smoking_Status	Former_Smoker	0.226993795895478	1.0585791252282	77	73	0.830824456944001	0.974288392544033
HROV-vOTU61213	Smoking_Status	Former_Smoker	0.199379913073802	0.920253054218892	77	28	0.82909643976017	0.974288392544033
HROV-vOTU01864	Smoking_Status	Former_Smoker	-0.121260226019461	0.564497216810556	77	10	0.830530464521892	0.974288392544033
HROV-vOTU28044	Smoking_Status	Never_Smoker	-0.138731335756727	0.644855035445182	77	8	0.830278303306599	0.974288392544033
HROV-vOTU21304	Smoking_Status	Never_Smoker	-0.24495642696859601	1.13130309535113	77	50	0.829198767228699	0.974288392544033
HROV-vOTU12747	Smoking_Status	Former_Smoker	0.131064591937753	0.611047863628946	77	9	0.830778624183854	0.974288392544033
HROV-vOTU39364	diagnosis	RA	0.0540484277560258	0.250767838474659	77	9	0.829970732288397	0.974288392544033
HROV-vOTU20073	Smoking_Status	Former_Smoker	0.244881904441973	1.13775290539403	77	35	0.83020277762636	0.974288392544033
HROV-vOTU22948	Smoking_Status	Former_Smoker	-0.204571888513899	0.954317733529633	77	30	0.830877261122714	0.974288392544033
HROV-vOTU36327	Smoking_Status	Never_Smoker	0.181820144271107	0.840031914813965	77	16	0.829262104265699	0.974288392544033
HROV-vOTU33387	Smoking_Status	Former_Smoker	-0.179863933647922	0.834306678999862	77	21	0.82992943629031	0.974288392544033
HROV-vOTU52059	Age	Age	0.0301109871353549	0.139890058097913	77	8	0.830191460745858	0.974288392544033
HROV-vOTU62594	Age	Age	0.0743996906899783	0.345996122936268	77	19	0.830360067066606	0.974288392544033
HROV-vOTU05157	Sex	M	-0.220974682257182	1.02946838244893	77	47	0.83065606783387	0.974288392544033
HROV-vOTU70480	diagnosis	RA	0.101805565183916	0.474586911607433	77	22	0.830761125018751	0.974288392544033
HROV-vOTU70611	Age	Age	0.0565226120506584	0.262568589902553	77	37	0.830175559599866	0.974288392544033
HROV-vOTU12315	Smoking_Status	Former_Smoker	0.242157709366124	1.12350557734779	77	11	0.829966169622739	0.974288392544033
HROV-vOTU49317	diagnosis	RA	0.12385641189619	0.577486391665955	77	17	0.830791440646074	0.974288392544033
HROV-vOTU03135	Smoking_Status	Former_Smoker	-0.275788748244474	1.28484621907125	77	14	0.830657646561448	0.974288392544033
HROV-vOTU19056	Smoking_Status	Former_Smoker	-0.395970143283324	1.83040868444439	77	35	0.829351792501011	0.974288392544033
HROV-vOTU31098	diagnosis	RA	-0.101404822668497	0.474057512432729	77	15	0.831231702653374	0.974288392544033
HROV-vOTU22105	Sex	M	-0.14059700986902	0.655793957833568	77	17	0.830855898775332	0.974288392544033
HROV-vOTU60167	Age	Age	-0.0480147840458158	0.222785058689579	77	8	0.829979330240994	0.974288392544033
HROV-vOTU53340	Smoking_Status	Former_Smoker	0.258918625956536	1.19623175476332	77	13	0.829261425169045	0.974288392544033
HROV-vOTU63385	Smoking_Status	Never_Smoker	-0.132722696469154	0.615857351054746	77	8	0.829988522114374	0.974288392544033
HROV-vOTU43081	Age	Age	-0.047801103458219	0.222069795243701	77	12	0.830187500985251	0.974288392544033
HROV-vOTU72167	Smoking_Status	Former_Smoker	-0.269569088649005	1.25145529694989	77	16	0.830069551494293	0.974288392544033
HROV-vOTU22962	Sex	M	0.0791360617405138	0.370004162795	77	9	0.831254564702462	0.974288392544033
HROV-vOTU65280	Smoking_Status	Never_Smoker	-0.108201453785735	0.501842970001895	77	8	0.829911361924085	0.974288392544033
HROV-vOTU44289	Sex	M	-0.112570224666152	0.525622270623031	77	11	0.831031778208061	0.974288392544033
HROV-vOTU21114	Smoking_Status	Former_Smoker	-0.1808176686772	0.844390032178046	77	15	0.831051699560855	0.974288392544033
HROV-vOTU21294	Smoking_Status	Former_Smoker	0.240212894435246	1.11041775000362	77	10	0.829353514404747	0.974288392544033
HROV-vOTU37886	Smoking_Status	Never_Smoker	0.233094340618161	1.09153501163364	77	31	0.831512144307291	0.974342356944994
HROV-vOTU56041	Age	Age	-0.036624942272943	0.171425246713164	77	18	0.831432625882451	0.974342356944994
HROV-vOTU31026	diagnosis	RA	-0.0818802415650255	0.383356477098002	77	12	0.831480720189678	0.974342356944994
HROV-vOTU52600	diagnosis	RA	0.109264043557177	0.511339203456855	77	35	0.831407394766373	0.974342356944994
HROV-vOTU12508	Smoking_Status	Never_Smoker	0.181544116403633	0.849957543017288	77	10	0.831477420358343	0.974342356944994
HROV-vOTU01819	Smoking_Status	Never_Smoker	0.187422322903517	0.878016955724961	77	33	0.831579230763245	0.974371390713687
HROV-vOTU26597	Age	Age	-0.0527727515093838	0.247336884174473	77	40	0.831654656624856	0.974410192413025
HROV-vOTU53278	diagnosis	RA	0.0715634037498953	0.335516182067637	77	11	0.831709359651719	0.974424711440153
HROV-vOTU14852	Sex	M	-0.186711096213729	0.876337792102742	77	55	0.831892015099645	0.974539554796522
HROV-vOTU03324	Smoking_Status	Never_Smoker	0.0780375984575005	0.366206930843779	77	11	0.831861994934984	0.974539554796522
HROV-vOTU10071	Sex	M	-0.177531504635054	0.833738919186956	77	41	0.831988514522874	0.974553455544569
HROV-vOTU27814	Smoking_Status	Former_Smoker	-0.325476553533734	1.52833026154993	77	24	0.83196674555512	0.974553455544569
HROV-vOTU19365	Sex	M	0.123906005514129	0.582347272807299	77	11	0.832116110979574	0.974588697751123
HROV-vOTU46906	Sex	M	0.20936490532674	0.985897310127124	77	19	0.832434876142412	0.974588697751123
HROV-vOTU11726	Smoking_Status	Former_Smoker	0.311052293709293	1.46298974060474	77	72	0.832237197585254	0.974588697751123
HROV-vOTU11679	diagnosis	RA	-0.0796345752810806	0.374645654194286	77	27	0.832279479817669	0.974588697751123
HROV-vOTU55191	Smoking_Status	Never_Smoker	-0.237804689077969	1.11808411504189	77	42	0.832178675147878	0.974588697751123
HROV-vOTU22418	Smoking_Status	Never_Smoker	-0.22415741600083	1.05528946390181	77	59	0.832393336003409	0.974588697751123
HROV-vOTU00724	Smoking_Status	Former_Smoker	0.28876596701023	1.35849568772889	77	46	0.832276903312263	0.974588697751123
HROV-vOTU16795	Smoking_Status	Former_Smoker	-0.187458780227147	0.882430702910677	77	14	0.83237673823389	0.974588697751123
HROV-vOTU18266	Age	Age	-0.0731002419608365	0.343645935432881	77	31	0.832155206259542	0.974588697751123
HROV-vOTU48330	Smoking_Status	Never_Smoker	0.0982768556929151	0.462804131987463	77	14	0.832441783476437	0.974588697751123
HROV-vOTU26732	Smoking_Status	Never_Smoker	0.275168832337868	1.2967030165499	77	26	0.832553955545092	0.974595874943605
HROV-vOTU18440	Smoking_Status	Former_Smoker	-0.354867981196674	1.6732485574134	77	56	0.832649758253109	0.974595874943605
HROV-vOTU47915	Smoking_Status	Former_Smoker	0.313845432094968	1.4784676012744	77	22	0.83249877978964	0.974595874943605
HROV-vOTU32179	diagnosis	RA	-0.0695065581466683	0.327647320290896	77	10	0.83260694095049	0.974595874943605
HROV-vOTU10220	Age	Age	0.0546682518508558	0.257783144259227	77	16	0.832659506530194	0.974595874943605
HROV-vOTU14756	diagnosis	RA	0.0823656584963563	0.388865392637713	77	20	0.832861958595088	0.974635243560817
HROV-vOTU07055	Age	Age	-0.0582275324518223	0.27481060300313	77	41	0.832805842119572	0.974635243560817
HROV-vOTU55389	Smoking_Status	Never_Smoker	-0.259398899128391	1.22467956844465	77	39	0.832862422634689	0.974635243560817
HROV-vOTU15594	Smoking_Status	Former_Smoker	-0.221964797160077	1.04727833985256	77	21	0.832757649986599	0.974635243560817
HROV-vOTU24409	Sex	M	0.156846882653741	0.742840802920683	77	73	0.833379244889482	0.974685450287278
HROV-vOTU33511	Smoking_Status	Former_Smoker	-0.248101044581299	1.1733340302735	77	72	0.833142210875214	0.974685450287278
HROV-vOTU20267	Smoking_Status	Never_Smoker	-0.127510297889746	0.604036603932291	77	21	0.833416328411862	0.974685450287278
HROV-vOTU27306	Smoking_Status	Former_Smoker	-0.256733471315106	1.21587115570246	77	71	0.833373652999816	0.974685450287278
HROV-vOTU13303	diagnosis	RA	-0.081416293592673	0.385134154260881	77	20	0.833182937996601	0.974685450287278
HROV-vOTU14274	Age	Age	0.0540731902071205	0.255580895355165	77	52	0.833048833458595	0.974685450287278
HROV-vOTU04448	Smoking_Status	Former_Smoker	-0.192818483840278	0.913541843208296	77	9	0.833439670735701	0.974685450287278
HROV-vOTU72250	Smoking_Status	Former_Smoker	-0.279128821093672	1.32208684065312	77	38	0.833392638351928	0.974685450287278
HROV-vOTU06205	diagnosis	RA	0.124391535251039	0.589151744526696	77	30	0.833385473088774	0.974685450287278
HROV-vOTU42430	Sex	M	-0.154037432074692	0.727661230984677	77	23	0.83295663736048	0.974685450287278
HROV-vOTU09275	Smoking_Status	Never_Smoker	0.167062150067864	0.791014251683126	77	8	0.833336301941399	0.974685450287278
HROV-vOTU12508	Sex	M	0.138601780930561	0.656735572469155	77	10	0.833455517694632	0.974685450287278
HROV-vOTU57244	Smoking_Status	Former_Smoker	0.23464670101803	1.11069510988006	77	13	0.833288728816524	0.974685450287278
HROV-vOTU63698	Age	Age	0.0570640559274405	0.270716415383302	77	20	0.833655690998486	0.974870039793599
HROV-vOTU73146	Age	Age	-0.0268656931799933	0.127549207692847	77	9	0.833779312388076	0.974965095927768
HROV-vOTU28977	Smoking_Status	Former_Smoker	-0.288295743926897	1.3696504783873	77	45	0.833889298586221	0.9750441991491
HROV-vOTU01399	Sex	M	0.195977437309575	0.931404192036586	77	63	0.833949797476339	0.975065433105553
HROV-vOTU30149	Smoking_Status	Never_Smoker	0.318488546517558	1.51597311712801	77	59	0.834200306001639	0.975209799351154
HROV-vOTU33661	Sex	M	-0.124410942836774	0.592152658619404	77	14	0.83419181365024	0.975209799351154
HROV-vOTU37715	diagnosis	RA	0.113085523960691	0.538078088810461	77	21	0.834140348258343	0.975209799351154
HROV-vOTU05478	Smoking_Status	Former_Smoker	-0.181067408232089	0.862808529566263	77	73	0.834379413889631	0.975218126767293
HROV-vOTU05711	Smoking_Status	Former_Smoker	-0.261048481666067	1.2434888691512	77	64	0.834321764343991	0.975218126767293
HROV-vOTU31580	diagnosis	RA	-0.0751925187913396	0.358141819163696	77	13	0.834306606641262	0.975218126767293
HROV-vOTU61158	Smoking_Status	Former_Smoker	0.267799285046694	1.27640750937356	77	35	0.834419157097243	0.975218126767293
HROV-vOTU02437	Sex	M	-0.0678666373811475	0.323391286145208	77	9	0.834378601380341	0.975218126767293
HROV-vOTU70738	Age	Age	-0.0348661053655364	0.166252612290631	77	74	0.834488672338329	0.975249879425136
HROV-vOTU51859	Smoking_Status	Former_Smoker	-0.248897491532465	1.19084028299819	77	75	0.835038962844212	0.975334305342327
HROV-vOTU02539	Smoking_Status	Former_Smoker	-0.266477957216247	1.27218778783066	77	68	0.834685641803866	0.975334305342327
HROV-vOTU40319	Age	Age	-0.0446586647812876	0.213458466152419	77	75	0.83487969652594	0.975334305342327
HROV-vOTU21560	diagnosis	RA	0.151918853917558	0.725346521481184	77	41	0.834702114803716	0.975334305342327
HROV-vOTU34262	Smoking_Status	Never_Smoker	-0.319056505493854	1.52811842799843	77	27	0.83520969489451	0.975334305342327
HROV-vOTU52476	Age	Age	-0.0764725997066505	0.364997587362955	77	50	0.834645960729075	0.975334305342327
HROV-vOTU15056	Smoking_Status	Never_Smoker	0.297432057680286	1.42177527405172	77	58	0.834893006552921	0.975334305342327
HROV-vOTU02356	Age	Age	0.057637484934786	0.275432492623707	77	70	0.834843168017347	0.975334305342327
HROV-vOTU19608	diagnosis	RA	0.0960814443040438	0.460510070269817	77	66	0.835325635135951	0.975334305342327
HROV-vOTU12418	Smoking_Status	Former_Smoker	-0.335865271310883	1.61116245368667	77	48	0.8354655489402	0.975334305342327
HROV-vOTU50116	diagnosis	RA	0.0791972184142622	0.379974179226285	77	70	0.835491651375662	0.975334305342327
HROV-vOTU15544	Smoking_Status	Former_Smoker	-0.284487180393962	1.36460383403226	77	61	0.835454219471201	0.975334305342327
HROV-vOTU21204	Smoking_Status	Former_Smoker	0.239368066490121	1.14804325680209	77	33	0.835434861727777	0.975334305342327
HROV-vOTU43196	Smoking_Status	Never_Smoker	-0.153114372413254	0.734703868088601	77	44	0.835511138736174	0.975334305342327
HROV-vOTU67833	Sex	M	0.203548676464947	0.977091901350937	77	50	0.835574859598534	0.975334305342327
HROV-vOTU27530	Sex	M	-0.171091179309196	0.817392607350846	77	33	0.834803046694474	0.975334305342327
HROV-vOTU70043	Smoking_Status	Former_Smoker	-0.120270329931945	0.577216950457283	77	8	0.835542563480806	0.975334305342327
HROV-vOTU17535	Age	Age	0.0382757131217399	0.183459361611599	77	24	0.835331978633154	0.975334305342327
HROV-vOTU08070	Sex	M	-0.176163051604339	0.845386557551029	77	31	0.835527614014859	0.975334305342327
HROV-vOTU18479	Age	Age	-0.0581026494734362	0.278787230138167	77	26	0.835503887836721	0.975334305342327
HROV-vOTU51920	Smoking_Status	Former_Smoker	0.257752455289322	1.23382821616995	77	30	0.835120865256689	0.975334305342327
HROV-vOTU10758	Sex	M	0.108493473779165	0.519472371628673	77	18	0.835160869705889	0.975334305342327
HROV-vOTU25614	diagnosis	RA	-0.0844020353380415	0.405160095201704	77	11	0.835577327156062	0.975334305342327
HROV-vOTU47642	Sex	M	0.084005487562582	0.402453873211303	77	11	0.835254198766934	0.975334305342327
HROV-vOTU70050	Age	Age	-0.0250662897676792	0.120427084890779	77	76	0.835711721123211	0.975359415493745
HROV-vOTU05726	Smoking_Status	Never_Smoker	0.151318137539236	0.726826396473339	77	72	0.835676521685208	0.975359415493745
HROV-vOTU30403	Smoking_Status	Former_Smoker	-0.175820149305779	0.844774476861521	77	9	0.835725894309078	0.975359415493745
HROV-vOTU29269	Smoking_Status	Former_Smoker	0.230406816614503	1.10757362263298	77	16	0.835802343599509	0.975399208122869
HROV-vOTU49019	diagnosis	RA	-0.0960078002553642	0.461773015242933	77	20	0.835893508814831	0.975456169648116
HROV-vOTU63698	Smoking_Status	Former_Smoker	-0.265060245420294	1.27591161230635	77	20	0.836025266950563	0.97556049340654
HROV-vOTU02658	Smoking_Status	Former_Smoker	0.234963445663832	1.13158166278771	77	23	0.83610324107057	0.975602049037606
HROV-vOTU34913	Smoking_Status	Never_Smoker	0.146581382052367	0.707334481606391	77	20	0.836422945236475	0.975730072609705
HROV-vOTU56004	diagnosis	RA	0.0935213979744644	0.451280867381903	77	18	0.836419200967343	0.975730072609705
HROV-vOTU59311	Age	Age	0.0485724332887241	0.234390965924708	77	26	0.836424797805506	0.975730072609705
HROV-vOTU29940	Smoking_Status	Never_Smoker	0.175041518827994	0.844423988738282	77	8	0.83637596934155	0.975730072609705
HROV-vOTU58500	Smoking_Status	Former_Smoker	-0.0900315607402705	0.434311722226929	77	8	0.836371247193414	0.975730072609705
HROV-vOTU44212	Smoking_Status	Never_Smoker	0.202556591039624	0.977991330737969	77	26	0.83651298116779	0.975754136116785
HROV-vOTU25853	diagnosis	RA	-0.124732257344076	0.602301190017252	77	27	0.836530163416839	0.975754136116785
HROV-vOTU37583	Age	Age	0.0879975212609101	0.425174598276753	77	56	0.83662730686808	0.975818023660263
HROV-vOTU34031	diagnosis	RA	0.0849768359221121	0.411276831553065	77	76	0.836900272269436	0.975842831221194
HROV-vOTU70315	Age	Age	0.0665446368857215	0.322301096934508	77	49	0.837016846725964	0.975842831221194
HROV-vOTU40750	diagnosis	RA	0.105315123028665	0.509729337867883	77	36	0.836905899496998	0.975842831221194
HROV-vOTU08296	diagnosis	RA	-0.097556150714048	0.472032656995989	77	27	0.836857216973672	0.975842831221194
HROV-vOTU14490	Age	Age	-0.0703347035775193	0.340685583191691	77	36	0.837029930001888	0.975842831221194
HROV-vOTU19199	diagnosis	RA	-0.114358125748575	0.553299562936787	77	35	0.836848296578947	0.975842831221194
HROV-vOTU63563	Smoking_Status	Former_Smoker	0.284692239701496	1.3787679660142	77	26	0.837004576972564	0.975842831221194
HROV-vOTU63882	Sex	M	-0.0384252942024704	0.185776932702565	77	8	0.836730242925521	0.975842831221194
HROV-vOTU14772	Smoking_Status	Former_Smoker	0.283945968143115	1.37527998336165	77	23	0.837019322013973	0.975842831221194
HROV-vOTU74065	Age	Age	0.0467014639880344	0.226306617084036	77	16	0.837097479743827	0.975872182156433
HROV-vOTU33597	Sex	M	-0.128268521767982	0.622657255801276	77	52	0.837379053787169	0.975918685231233
HROV-vOTU04874	diagnosis	RA	0.0494329311431645	0.23974064730374	77	77	0.837229995284076	0.975918685231233
HROV-vOTU35076	Smoking_Status	Former_Smoker	-0.311429144440749	1.5134977091773	77	41	0.837561129552554	0.975918685231233
HROV-vOTU03164	Age	Age	-0.0322512307922891	0.156631771193899	77	10	0.837454557487709	0.975918685231233
HROV-vOTU42398	diagnosis	RA	-0.150857892506288	0.732314629252446	77	45	0.837379315914024	0.975918685231233
HROV-vOTU26067	Sex	M	-0.180298934400769	0.876144161317478	77	45	0.837546342168345	0.975918685231233
HROV-vOTU12680	diagnosis	RA	-0.102156695875056	0.496178862796997	77	14	0.837468523537646	0.975918685231233
HROV-vOTU14828	diagnosis	RA	0.0710025455951526	0.34452250912246	77	26	0.837310650615087	0.975918685231233
HROV-vOTU14912	diagnosis	RA	0.0616943040361369	0.299777277633806	77	9	0.837535733434374	0.975918685231233
HROV-vOTU38477	diagnosis	RA	-0.091602040777028	0.444166793144863	77	13	0.83719882162856	0.975918685231233
HROV-vOTU12871	diagnosis	RA	0.0831474185034182	0.404275483467359	77	14	0.837637110417184	0.975957839365969
HROV-vOTU26337	Sex	M	-0.0780235179041257	0.379582591547266	77	10	0.837730002585098	0.97601669244371
HROV-vOTU22345	Sex	M	0.202553326006251	0.986569097286197	77	34	0.837916781017888	0.976184918395486
HROV-vOTU43440	Sex	M	-0.102688668125489	0.50043962458439	77	21	0.838005441914846	0.976238824791285
HROV-vOTU16293	Smoking_Status	Former_Smoker	0.390687193727978	1.90677737510877	77	49	0.838241227098092	0.976414721565377
HROV-vOTU73274	Sex	M	0.115630241084643	0.564229892710293	77	21	0.8382095874153	0.976414721565377
HROV-vOTU22698	Sex	M	0.209154293579791	1.0215818265424	77	24	0.838364402260127	0.976508809632345
HROV-vOTU24166	Age	Age	0.0316665788521825	0.154795358958366	77	10	0.838492933273853	0.976511994294001
HROV-vOTU04811	Smoking_Status	Former_Smoker	0.163755829480363	0.800079900985276	77	13	0.838412177036758	0.976511994294001
HROV-vOTU21069	Smoking_Status	Former_Smoker	0.238436154347217	1.16586536241218	77	15	0.838536743341648	0.976511994294001
HROV-vOTU65200	diagnosis	RA	-0.124675856300965	0.60961815642808	77	24	0.838536465649874	0.976511994294001
HROV-vOTU43556	Age	Age	-0.05642336823853	0.27600252494895	77	73	0.83860188841836	0.976535292623597
HROV-vOTU54747	diagnosis	RA	0.0777558613225168	0.380613364758695	77	73	0.838710623071197	0.976535292623597
HROV-vOTU01193	diagnosis	RA	0.0866091205430069	0.423968746881472	77	18	0.838717696474475	0.976535292623597
HROV-vOTU37618	Sex	M	0.112732987051712	0.551880301114988	77	28	0.838726360750966	0.976535292623597
HROV-vOTU04128	Smoking_Status	Former_Smoker	0.150832578398325	0.739016293553271	77	17	0.838859940881353	0.976548635397793
HROV-vOTU55100	Smoking_Status	Former_Smoker	-0.169586177710464	0.830559121705615	77	20	0.838794530216818	0.976548635397793
HROV-vOTU65880	Smoking_Status	Former_Smoker	-0.174366490127071	0.854349946329819	77	13	0.83886503057206	0.976548635397793
HROV-vOTU35709	diagnosis	RA	-0.0980577934470177	0.480625174600547	77	35	0.838920491893035	0.976563835841923
HROV-vOTU48425	Smoking_Status	Never_Smoker	0.120263742831736	0.590157110938274	77	16	0.839106363020782	0.976697560274513
HROV-vOTU37353	Age	Age	0.0195593706057978	0.0959899247020922	77	8	0.839120187911051	0.976697560274513
HROV-vOTU07478	diagnosis	RA	0.109553049117954	0.538185337966132	77	51	0.839279594816119	0.976720304088001
HROV-vOTU28595	Age	Age	0.0653852534301482	0.321217569852871	77	65	0.839284006040133	0.976720304088001
HROV-vOTU48081	Smoking_Status	Former_Smoker	-0.273549040946604	1.34422399444765	77	30	0.839326682604267	0.976720304088001
HROV-vOTU50443	Sex	M	0.108451821868712	0.533018280761121	77	15	0.839351781945533	0.976720304088001
HROV-vOTU30358	diagnosis	RA	0.119488559071042	0.587219117710425	77	13	0.839340331779132	0.976720304088001
HROV-vOTU20487	Sex	M	-0.209078287613517	1.02843030461972	77	54	0.839483291004722	0.9767332422599
HROV-vOTU43100	Smoking_Status	Never_Smoker	0.25533674385648	1.25770921582771	77	34	0.839702191207285	0.9767332422599
HROV-vOTU57832	Smoking_Status	Former_Smoker	-0.253553635854768	1.24827227969793	77	23	0.839619383813428	0.9767332422599
HROV-vOTU52600	Sex	M	-0.137043297904211	0.674881370762002	77	35	0.839666775628251	0.9767332422599
HROV-vOTU32626	Sex	M	0.155953030886602	0.768154567619429	77	21	0.839697776122923	0.9767332422599
HROV-vOTU49059	Smoking_Status	Former_Smoker	-0.225357417156416	1.10874940819138	77	13	0.839518135630841	0.9767332422599
HROV-vOTU00408	Age	Age	0.0278016464147626	0.136765445114393	77	10	0.839497846098301	0.9767332422599
HROV-vOTU72113	Smoking_Status	Never_Smoker	-0.126439957346653	0.622549299445054	77	14	0.839637563764372	0.9767332422599
HROV-vOTU39286	Sex	M	0.188173930295837	0.928866997023791	77	74	0.840039316837256	0.976765657800147
HROV-vOTU45549	diagnosis	RA	-0.073994776001253093	0.365225123033821	77	73	0.840026787230442	0.976765657800147
HROV-vOTU12014	diagnosis	RA	0.0657396960218448	0.324240646263238	77	11	0.839910565049336	0.976765657800147
HROV-vOTU26256	Age	Age	-0.0428798387252579	0.211761368966852	77	66	0.840111773760544	0.976765657800147
HROV-vOTU31176	Smoking_Status	Never_Smoker	0.0932543988525562	0.459946713129555	77	8	0.839909993601969	0.976765657800147
HROV-vOTU39185	Smoking_Status	Never_Smoker	-0.226742380937422	1.11942968945615	77	51	0.840064757079413	0.976765657800147
HROV-vOTU44282	Sex	M	0.109563412749387	0.540190889107672	77	15	0.839853095438844	0.976765657800147
HROV-vOTU01885	diagnosis	RA	-0.0647862077860065	0.319649523243011	77	13	0.839965716282844	0.976765657800147
HROV-vOTU25644	diagnosis	RA	-0.0643092322905411	0.317515762200391	77	18	0.840074870101323	0.976765657800147
HROV-vOTU58235	Sex	M	-0.0910867539373472	0.450460614636993	77	17	0.840332383087742	0.976824893120871
HROV-vOTU07976	Sex	M	0.177058062751371	0.875523087189541	77	39	0.840314359192264	0.976824893120871
HROV-vOTU39970	Sex	M	0.244252442709283	1.20768742845031	77	59	0.840301207734809	0.976824893120871
HROV-vOTU58937	diagnosis	RA	0.0491657535582485	0.243112859442307	77	11	0.840311942897551	0.976824893120871
HROV-vOTU20527	Smoking_Status	Never_Smoker	-0.22302370760673	1.10327421321802	77	53	0.840379817111486	0.976830726698507
HROV-vOTU07559	Smoking_Status	Former_Smoker	-0.403420008465815	1.99671428691176	77	39	0.840461739818187	0.976876646210398
HROV-vOTU34214	Age	Age	0.0452203510477436	0.22393985112788	77	13	0.840548296464263	0.976927946887307
HROV-vOTU09255	Sex	M	-0.209624646316331	1.03881923082021	77	67	0.840656962465825	0.977004937706295
HROV-vOTU56818	Age	Age	0.0657033156265635	0.325733703146887	77	38	0.840721282210965	0.977030384483955
HROV-vOTU23948	Sex	M	-0.0815845976412063	0.404928822798348	77	14	0.840900282549314	0.977189096130321
HROV-vOTU11096	Sex	M	0.141189080590711	0.701111640811356	77	20	0.840978152545294	0.9772021366065
HROV-vOTU05683	diagnosis	RA	0.0864910211303264	0.429543872948183	77	19	0.840996367674374	0.9772021366065
HROV-vOTU74323	Smoking_Status	Never_Smoker	0.211565137163612	1.05132268904555	77	35	0.841088585045804	0.977259982523831
HROV-vOTU03430	Smoking_Status	Former_Smoker	-0.314422237999089	1.56380050201194	77	40	0.841224295174835	0.977368354246617
HROV-vOTU70504	Sex	M	0.0812786303397902	0.405676939081777	77	9	0.841777226985724	0.97743166725067
HROV-vOTU52452	Age	Age	-0.0994268151153272	0.495623377465327	77	58	0.841577386044598	0.97743166725067
HROV-vOTU47485	Smoking_Status	Former_Smoker	-0.221981073050882	1.10832779586674	77	8	0.841830530608642	0.97743166725067
HROV-vOTU45052	Sex	M	-0.188131002679585	0.937705602655555	77	63	0.841562230682495	0.97743166725067
HROV-vOTU22418	Smoking_Status	Former_Smoker	-0.298424712949136	1.48971110397089	77	59	0.841799985137944	0.97743166725067
HROV-vOTU56474	diagnosis	RA	0.0859974744425305	0.429208103997373	77	12	0.841769417640666	0.97743166725067
HROV-vOTU08851	Smoking_Status	Never_Smoker	0.319916592087465	1.59342295017393	77	49	0.841449967557014	0.97743166725067
HROV-vOTU50006	Sex	M	0.0904633879523161	0.451560078381829	77	16	0.841791152327802	0.97743166725067
HROV-vOTU10154	Smoking_Status	Never_Smoker	-0.12891350463238	0.643297202503198	77	28	0.841744626764758	0.97743166725067
HROV-vOTU74439	Smoking_Status	Former_Smoker	-0.23324401591243	1.16171284521128	77	36	0.84144779879917	0.97743166725067
HROV-vOTU27507	Age	Age	0.0358215722866318	0.178746560837073	77	17	0.841737366196278	0.97743166725067
HROV-vOTU44398	Sex	M	0.118783722961371	0.592339219424057	77	18	0.841636858371508	0.97743166725067
HROV-vOTU72140	Sex	M	-0.0499561120380609	0.24938396228942	77	9	0.841804520079193	0.97743166725067
HROV-vOTU55957	diagnosis	RA	-0.030720778697807	0.153515648089182	77	76	0.841962749637866	0.9774463216086
HROV-vOTU15287	diagnosis	RA	0.11492463178362	0.574216514719408	77	69	0.841941972217552	0.9774463216086
HROV-vOTU74367	diagnosis	RA	-0.0766746944895811	0.383698404521711	77	74	0.842184281948708	0.9774463216086
HROV-vOTU03278	Smoking_Status	Former_Smoker	-0.148332587045917	0.742688848594162	77	13	0.842267575003156	0.9774463216086
HROV-vOTU48533	Sex	M	0.132748415958568	0.663874893997218	77	24	0.842083495261644	0.9774463216086
HROV-vOTU35480	Smoking_Status	Former_Smoker	-0.196256602063896	0.982524580767187	77	21	0.842249233992871	0.9774463216086
HROV-vOTU24122	Smoking_Status	Former_Smoker	0.240284469082728	1.20185023949606	77	27	0.842107799507126	0.9774463216086
HROV-vOTU64497	Smoking_Status	Never_Smoker	-0.140817366629042	0.705011205708922	77	21	0.842256634879173	0.9774463216086
HROV-vOTU38863	Smoking_Status	Former_Smoker	-0.164319650946828	0.822143951647285	77	13	0.842155750618771	0.9774463216086
HROV-vOTU26162	diagnosis	RA	0.159235210885521	0.796786937897255	77	29	0.842171790852242	0.9774463216086
HROV-vOTU16270	Smoking_Status	Never_Smoker	0.365580279502903	1.83328756867546	77	44	0.842510157716351	0.97767857161179
HROV-vOTU37008	diagnosis	RA	0.156852039003662	0.78682517077944	77	29	0.84256032707253	0.977687526199444
HROV-vOTU10396	Age	Age	-0.035757106840634	0.179472654947256	77	14	0.842648949013528	0.977712473069105
HROV-vOTU11697	Smoking_Status	Former_Smoker	0.152802393125023	0.767150159490416	77	10	0.842689806860244	0.977712473069105
HROV-vOTU14654	Sex	M	-0.0361262082223714	0.181395636648399	77	8	0.842709187599728	0.977712473069105
HROV-vOTU71573	Age	Age	0.030845143225891	0.154976872132232	77	9	0.842807658501699	0.977777460848025
HROV-vOTU13745	Smoking_Status	Former_Smoker	-0.392837820357532	1.97544450605411	77	61	0.842940256702136	0.977882032634001
HROV-vOTU08400	Smoking_Status	Never_Smoker	-0.132976136749805	0.668935378245282	77	15	0.842996952479483	0.977898545086511
HROV-vOTU15078	diagnosis	RA	0.0504497268838724	0.25387737096019	77	11	0.843052133107179	0.977913298350878
HROV-vOTU07618	Age	Age	0.084801714523676	0.427412112570979	77	38	0.843293370561478	0.977986033260078
HROV-vOTU16890	Sex	M	0.0806342354337057	0.40649789377084	77	74	0.843327774224291	0.977986033260078
HROV-vOTU40697	Smoking_Status	Former_Smoker	0.142364793397891	0.717330027774644	77	8	0.843248578222575	0.977986033260078
HROV-vOTU10057	Smoking_Status	Former_Smoker	0.378138215543299	1.90680813954439	77	56	0.8433696318083	0.977986033260078
HROV-vOTU56875	Smoking_Status	Former_Smoker	0.175117922641758	0.882329961226467	77	12	0.843242887220986	0.977986033260078
HROV-vOTU71213	Sex	M	-0.11209384754588	0.564766487732662	77	20	0.843238154455785	0.977986033260078
HROV-vOTU61513	Smoking_Status	Never_Smoker	-0.162309280829477	0.861141982981161	77	75	0.851036962129565	0.9780153012723
HROV-vOTU30807	Smoking_Status	Former_Smoker	0.321306045223852	1.64120037057858	77	57	0.845345488970927	0.9780153012723
HROV-vOTU17661	Smoking_Status	Never_Smoker	-0.150471162401706	0.766764602309983	77	76	0.844981628982817	0.9780153012723
HROV-vOTU64056	diagnosis	RA	0.0725177912865151	0.381444045239253	77	74	0.849762437888817	0.9780153012723
HROV-vOTU63649	Sex	M	0.104941495144159	0.547298322766992	77	73	0.848489594860206	0.9780153012723
HROV-vOTU48027	Smoking_Status	Former_Smoker	-0.277842795319721	1.44452141517673	77	56	0.848023052257473	0.9780153012723
HROV-vOTU58212	Age	Age	0.0276980963000746	0.147564431281842	77	75	0.851645889693912	0.9780153012723
HROV-vOTU32051	Sex	M	-0.183509792742772	0.950405972622297	77	62	0.847443141904186	0.9780153012723
HROV-vOTU39947	Sex	M	0.142858868061265	0.755618349293803	77	75	0.85058347673584	0.9780153012723
HROV-vOTU39186	Sex	M	-0.152125531070475	0.781504852938804	77	65	0.846217261348536	0.9780153012723
HROV-vOTU26953	Smoking_Status	Never_Smoker	0.150477431103325	0.772831911860763	77	76	0.846176741238083	0.9780153012723
HROV-vOTU08682	Age	Age	0.0855410464742337	0.458067412975914	77	41	0.852394438641916	0.9780153012723
HROV-vOTU09854	diagnosis	RA	-0.107266997556977	0.559938504210643	77	27	0.848626438607725	0.9780153012723
HROV-vOTU49140	diagnosis	RA	0.109811931215455	0.575407608932014	77	71	0.849194051424593	0.9780153012723
HROV-vOTU73280	Smoking_Status	Never_Smoker	-0.186592969337902	0.943743711031973	77	70	0.843832461478282	0.9780153012723
HROV-vOTU72961	Smoking_Status	Never_Smoker	0.192278281006764	0.984696368494223	77	71	0.845741994839215	0.9780153012723
HROV-vOTU66996	diagnosis	RA	-0.143430687089699	0.741395417094315	77	69	0.847150770558799	0.9780153012723
HROV-vOTU34131	Smoking_Status	Never_Smoker	-0.115666989229519	0.619074777365211	77	74	0.852320135694255	0.9780153012723
HROV-vOTU02362	Sex	M	0.0772581297051982	0.395719934234313	77	75	0.84576710998439	0.9780153012723
HROV-vOTU75645	Sex	M	-0.112248264260297	0.600906771403407	77	75	0.852351649121036	0.9780153012723
HROV-vOTU35103	diagnosis	RA	0.192672299848721	1.00668047429552	77	60	0.848763442950356	0.9780153012723
HROV-vOTU27016	Smoking_Status	Former_Smoker	0.162522483310656	0.863979342213721	77	63	0.851327632427076	0.9780153012723
HROV-vOTU28419	Age	Age	-0.0528468518195002	0.271238892431904	77	69	0.846078508656037	0.9780153012723
HROV-vOTU57374	Age	Age	0.0841093685567183	0.446295729151139	77	65	0.85105287240985406	0.9780153012723
HROV-vOTU49565	Smoking_Status	Never_Smoker	0.29457554465719	1.57678795355588	77	56	0.852334560094518	0.9780153012723
HROV-vOTU31834	Sex	M	0.0995346922966869	0.527366002454994	77	22	0.850835603396855	0.9780153012723
HROV-vOTU44501	diagnosis	RA	-0.0663249597290113	0.342285850866743	77	12	0.846908756917059	0.9780153012723
HROV-vOTU27614	Smoking_Status	Never_Smoker	-0.152414869645044	0.772527878451039	77	75	0.844161447263391	0.9780153012723
HROV-vOTU34637	diagnosis	RA	-0.0544746029653101	0.290732061810961	77	9	0.851904599779407	0.9780153012723
HROV-vOTU50713	diagnosis	RA	-0.183058324221685	0.953976118055556	77	51	0.848376247565948	0.9780153012723
HROV-vOTU08918	Smoking_Status	Former_Smoker	0.22163630256247	1.15376514285998	77	15	0.848213586558273	0.9780153012723
HROV-vOTU12112	Smoking_Status	Never_Smoker	0.146829683806529	0.76566291206027	77	71	0.848471290285711	0.9780153012723
HROV-vOTU33520	Age	Age	-0.0357115868162248	0.180624227939087	77	73	0.843835321977902	0.9780153012723
HROV-vOTU23807	Smoking_Status	Former_Smoker	0.287190932414879	1.52411108332881	77	58	0.851075757533735	0.9780153012723
HROV-vOTU09500	diagnosis	RA	0.154600243953119	0.800675566831155	77	61	0.84744192398947	0.9780153012723
HROV-vOTU03095	diagnosis	RA	0.104504574154341	0.558664965811546	77	14	0.852146114352562	0.9780153012723
HROV-vOTU57540	diagnosis	RA	0.130125417706306	0.691700395347332	77	45	0.851316123925353	0.9780153012723
HROV-vOTU60486	Age	Age	-0.0670597202894962	0.341107552591566	77	54	0.844706869295596	0.9780153012723
HROV-vOTU46389	Smoking_Status	Never_Smoker	0.240124287236703	1.25417436578779	77	26	0.848711659318608	0.9780153012723
HROV-vOTU29943	Sex	M	-0.0934070924930814	0.489459480932811	77	76	0.849197762631399	0.9780153012723
HROV-vOTU16529	Age	Age	-0.0752884525435712	0.385315299119808	77	61	0.845642303710516	0.9780153012723
HROV-vOTU40817	Smoking_Status	Never_Smoker	0.158399355731695	0.810731973744117	77	76	0.845654936952237	0.9780153012723
HROV-vOTU02488	diagnosis	RA	0.110285684929988	0.574260797933093	77	71	0.84825276047475	0.9780153012723
HROV-vOTU02748	Sex	M	0.210295962397542	1.08605576926746	77	55	0.84701635296555	0.9780153012723
HROV-vOTU44031	Sex	M	-0.142313160012705	0.760630211109695	77	34	0.852116629751071	0.9780153012723
HROV-vOTU26109	Sex	M	0.118210297509841	0.610449596565039	77	72	0.847007068820218	0.9780153012723
HROV-vOTU38772	Age	Age	-0.0541751692852856	0.280591681285041	77	70	0.847451675453256	0.9780153012723
HROV-vOTU07994	Sex	M	0.16894238238436	0.88142901715943	77	18	0.848548798313561	0.9780153012723
HROV-vOTU14934	Smoking_Status	Former_Smoker	-0.412543401542704	2.18823095589668	77	29	0.851000391242812	0.9780153012723
HROV-vOTU18513	Smoking_Status	Never_Smoker	0.238334181596331	1.20952513776689	77	62	0.844353183712824	0.9780153012723
HROV-vOTU05573	Smoking_Status	Never_Smoker	-0.22455824530335	1.18926421579042	77	30	0.850771688832713	0.9780153012723
HROV-vOTU57091	diagnosis	RA	-0.106764368141817	0.551932385857663	77	63	0.847168745189575	0.9780153012723
HROV-vOTU04691	Smoking_Status	Former_Smoker	-0.355130449731802	1.80655666315156	77	33	0.844718896263136	0.9780153012723
HROV-vOTU28448	Smoking_Status	Never_Smoker	0.202461364642266	1.04356677181745	77	70	0.8467228306812	0.9780153012723
HROV-vOTU47777	Sex	M	-0.152926153771972	0.774691759852099	77	71	0.844076555553762	0.9780153012723
HROV-vOTU75081	Sex	M	0.158246474857377	0.825557970364474	77	23	0.848536674511728	0.9780153012723
HROV-vOTU75081	Smoking_Status	Former_Smoker	0.286226318833534	1.50828953968247	77	23	0.850031787174553	0.9780153012723
HROV-vOTU03672	Smoking_Status	Former_Smoker	0.290915245685122	1.52022805745236	77	58	0.848787482385846	0.9780153012723
HROV-vOTU28082	Age	Age	0.0273974871411026	0.143842544284076	77	12	0.849485508472705	0.9780153012723
HROV-vOTU16732	Smoking_Status	Never_Smoker	-0.192600057370282	1.01722171138564	77	61	0.850367114310824	0.9780153012723
HROV-vOTU64652	Age	Age	-0.0461436313119737	0.246983856878449	77	11	0.852327905241891	0.9780153012723
HROV-vOTU32214	Smoking_Status	Former_Smoker	0.317731289194734	1.65746240157634	77	44	0.848526399368903	0.9780153012723
HROV-vOTU24222	Age	Age	-0.0499907120439878	0.254841519301483	77	37	0.845042246207583	0.9780153012723
HROV-vOTU24222	Smoking_Status	Former_Smoker	-0.225739562314596	1.20109175246788	77	37	0.851455641725485	0.9780153012723
HROV-vOTU71045	Smoking_Status	Never_Smoker	-0.188724101992939	0.9767744893672	77	16	0.847344956382102	0.9780153012723
HROV-vOTU08281	Smoking_Status	Former_Smoker	0.316291157195789	1.65344616897951	77	52	0.848842752495254	0.9780153012723
HROV-vOTU18787	Sex	M	-0.110559724980321	0.579655125344463	77	53	0.84927863021475	0.9780153012723
HROV-vOTU55384	Sex	M	0.220334190002129	1.14613887866977	77	50	0.848102691872913	0.9780153012723
HROV-vOTU03657	Sex	M	0.2118298248293	1.1017484409213	77	47	0.848081961102891	0.9780153012723
HROV-vOTU00904	Smoking_Status	Never_Smoker	0.299277341819576	1.51465177525982	77	50	0.843931851422043	0.9780153012723
HROV-vOTU65493	diagnosis	RA	0.101147193605818	0.528315175667682	77	34	0.848717651753812	0.9780153012723
HROV-vOTU37474	Smoking_Status	Former_Smoker	-0.279963156602925	1.42430251373974	77	53	0.844732194046853	0.9780153012723
HROV-vOTU43832	Age	Age	-0.0525323396521356	0.270315457578066	77	38	0.846466866664781	0.9780153012723
HROV-vOTU71472	Sex	M	-0.165253251012066	0.879661771274342	77	49	0.851522275482946	0.9780153012723
HROV-vOTU30919	Smoking_Status	Never_Smoker	-0.188813330706522	1.00494080401867	77	29	0.851502721106749	0.9780153012723
HROV-vOTU68402	Sex	M	0.143778768805938	0.767781885081117	77	32	0.851986882535366	0.9780153012723
HROV-vOTU41621	Age	Age	-0.0630727778993152	0.33679604063232	77	26	0.851980792353747	0.9780153012723
HROV-vOTU11662	Age	Age	0.0592203771964818	0.314995433422618	77	63	0.851409867377328	0.9780153012723
HROV-vOTU36085	Smoking_Status	Never_Smoker	0.186692168287152	0.955347916940777	77	50	0.845623910188965	0.9780153012723
HROV-vOTU75024	Smoking_Status	Never_Smoker	0.213430939880237	1.13616787338345	77	36	0.851528836390333	0.9780153012723
HROV-vOTU37537	Age	Age	0.054267029776505	0.275175186981462	77	68	0.844227443477736	0.9780153012723
HROV-vOTU01364	Smoking_Status	Never_Smoker	0.0719187622381891	0.38297527006049	77	11	0.851577270236072	0.9780153012723
HROV-vOTU29071	Sex	M	0.155285101618385	0.801173760862246	77	60	0.846868716605555	0.9780153012723
HROV-vOTU67096	Smoking_Status	Never_Smoker	-0.211160590665891	1.13029096707367	77	24	0.852334823779457	0.9780153012723
HROV-vOTU58235	Age	Age	-0.0338425231345066	0.174617582092072	77	17	0.846878571950964	0.9780153012723
HROV-vOTU12748	Smoking_Status	Former_Smoker	-0.169354976821266	0.902538267694877	77	26	0.851691753777537	0.9780153012723
HROV-vOTU08111	Sex	M	0.135594577511245	0.723750665527033	77	69	0.851920706107048	0.9780153012723
HROV-vOTU44598	Sex	M	-0.225491878787159	1.16533729831988	77	63	0.84712050684684	0.9780153012723
HROV-vOTU09333	Sex	M	0.15494202923217	0.815951290730019	77	58	0.849936185814816	0.9780153012723
HROV-vOTU28353	Sex	M	-0.197791394804347	1.01856179072413	77	56	0.846584046302219	0.9780153012723
HROV-vOTU06297	Age	Age	0.0406474688046997	0.217620586815905	77	64	0.852364754148784	0.9780153012723
HROV-vOTU36921	Sex	M	-0.118585284177588	0.613354418414397	77	30	0.847245573475535	0.9780153012723
HROV-vOTU70759	Smoking_Status	Former_Smoker	-0.268143989596367	1.43618009231555	77	41	0.852423321418862	0.9780153012723
HROV-vOTU66515	Smoking_Status	Former_Smoker	0.150703689391901	0.803384549765619	77	10	0.851736266688941	0.9780153012723
HROV-vOTU28977	Smoking_Status	Never_Smoker	0.185039759462955	0.970240280291582	77	45	0.84929286102742	0.9780153012723
HROV-vOTU27379	diagnosis	RA	-0.114677344038526	0.613490509407167	77	10	0.852251748153258	0.9780153012723
HROV-vOTU07154	Age	Age	0.0442292245788209	0.232494502675011	77	24	0.849665729209658	0.9780153012723
HROV-vOTU01091	diagnosis	RA	0.126905092040884	0.659668196703502	77	51	0.847995974335541	0.9780153012723
HROV-vOTU01200	diagnosis	RA	0.0881123510344693	0.466101709553037	77	27	0.850600000656807	0.9780153012723
HROV-vOTU11096	Age	Age	0.0512560974256262	0.27178051868917	77	20	0.850949289208369	0.9780153012723
HROV-vOTU58577	diagnosis	RA	-0.0749847535534802	0.384553984800222	77	20	0.845956525510817	0.9780153012723
HROV-vOTU08830	Sex	M	-0.0838081306245368	0.437549701336332	77	10	0.848649511933994	0.9780153012723
HROV-vOTU04883	Age	Age	-0.0753308152578968	0.397037296624777	77	56	0.850060263520147	0.9780153012723
HROV-vOTU42450	Sex	M	0.158308678315998	0.83892463730116	77	47	0.850862944039325	0.9780153012723
HROV-vOTU25269	Sex	M	0.119758244833245	0.632119361950733	77	43	0.850276701445291	0.9780153012723
HROV-vOTU25269	Age	Age	0.0457561825264765	0.245036194044112	77	43	0.852403042633933	0.9780153012723
HROV-vOTU38514	Age	Age	0.0606797578055074	0.312511673254032	77	26	0.846598839974579	0.9780153012723
HROV-vOTU74677	Age	Age	-0.051892715161002	0.262916228406116	77	29	0.844099169812199	0.9780153012723
HROV-vOTU59579	Smoking_Status	Never_Smoker	0.144727164195546	0.751063536286501	77	31	0.847746953833446	0.9780153012723
HROV-vOTU35590	Age	Age	0.0477402988989581	0.245095822878495	77	25	0.846119767820625	0.9780153012723
HROV-vOTU72046	Age	Age	-0.067340214521903	0.344714116331984	77	53	0.845676224932222	0.9780153012723
HROV-vOTU24068	Smoking_Status	Former_Smoker	-0.276519999141087	1.42507978038047	77	68	0.846700021413935	0.9780153012723
HROV-vOTU41116	Sex	M	-0.218684344524364	1.1174899985052	77	34	0.845409888542128	0.9780153012723
HROV-vOTU67833	Smoking_Status	Former_Smoker	0.333366103690653	1.78514113729098	77	50	0.852393189416644	0.9780153012723
HROV-vOTU04934	Smoking_Status	Former_Smoker	0.314212517923453	1.59267292648862	77	60	0.844167217036734	0.9780153012723
HROV-vOTU52184	diagnosis	RA	0.146103330145218	0.778789197957848	77	46	0.851722844039856	0.9780153012723
HROV-vOTU03587	Age	Age	0.0638885389288883	0.336931131761232	77	40	0.850148761558653	0.9780153012723
HROV-vOTU41535	Sex	M	-0.0966176556370904	0.500095437218572	77	14	0.847355179827553	0.9780153012723
HROV-vOTU31335	Age	Age	-0.0378534440332715	0.200354522272701	77	20	0.850684892015569	0.9780153012723
HROV-vOTU04797	diagnosis	RA	-0.1320775334227	0.672476182203533	77	32	0.844854452598808	0.9780153012723
HROV-vOTU03613	Smoking_Status	Never_Smoker	0.131575483304212	0.684374949582005	77	15	0.848090180343104	0.9780153012723
HROV-vOTU01261	Smoking_Status	Former_Smoker	-0.263975566111142	1.35257436420699	77	20	0.845820979936344	0.9780153012723
HROV-vOTU20224	Smoking_Status	Former_Smoker	0.0712554072361806	0.369184936877962	77	8	0.847504260736913	0.9780153012723
HROV-vOTU46594	Sex	M	-0.190897398778221	0.972417011028776	77	36	0.84492657177403	0.9780153012723
HROV-vOTU19800	Age	Age	0.0595456698882298	0.306223860387385	77	41	0.846377734519004	0.9780153012723
HROV-vOTU33387	Sex	M	0.086128229470034	0.45665537713777	77	21	0.850939207401024	0.9780153012723
HROV-vOTU50244	Smoking_Status	Never_Smoker	-0.14633103011547	0.758265138520664	77	23	0.847524548072888	0.9780153012723
HROV-vOTU14490	Smoking_Status	Never_Smoker	0.217281763746646	1.137442109566	77	36	0.849049912121203	0.9780153012723
HROV-vOTU57831	Smoking_Status	Former_Smoker	0.254467087360172	1.31664861840652	77	42	0.847300289288577	0.9780153012723
HROV-vOTU60429	Sex	M	0.0801772453281495	0.406652299290162	77	12	0.844262443209405	0.9780153012723
HROV-vOTU72168	diagnosis	RA	0.0646368278107423	0.329470523807904	77	13	0.845026632636412	0.9780153012723
HROV-vOTU49670	Smoking_Status	Former_Smoker	-0.294400472224924	1.5520195601621	77	26	0.85009438391401	0.9780153012723
HROV-vOTU37184	Sex	M	0.0954877832264012	0.493327883887756	77	27	0.847074309394417	0.9780153012723
HROV-vOTU10264	Sex	M	0.13088257743538	0.689725578483888	77	32	0.850038384282727	0.9780153012723
HROV-vOTU10940	Age	Age	-0.0679951579958259	0.355143654488844	77	52	0.84871311843826	0.9780153012723
HROV-vOTU35480	Age	Age	-0.0398673713054036	0.208467052079319	77	21	0.848882904455544	0.9780153012723
HROV-vOTU29773	Sex	M	0.101535942017568	0.533189956531594	77	26	0.849514787550616	0.9780153012723
HROV-vOTU73871	diagnosis	RA	-0.0694550789158702	0.357998226417456	77	15	0.846722406760163	0.9780153012723
HROV-vOTU25994	diagnosis	RA	-0.079678467183182	0.416885537525904	77	8	0.848970873481785	0.9780153012723
HROV-vOTU14738	Sex	M	-0.162322164150582	0.85758473728958	77	59	0.850414764704993	0.9780153012723
HROV-vOTU08567	Sex	M	0.218011576055314	1.12989703614508	77	51	0.847550428243301	0.9780153012723
HROV-vOTU70272	Sex	M	0.136660435674369	0.709588469696332	77	32	0.847829024229324	0.9780153012723
HROV-vOTU54353	Age	Age	-0.0372670746454145	0.197104828815322	77	17	0.850575546387841	0.9780153012723
HROV-vOTU56246	Smoking_Status	Never_Smoker	-0.146992765049246	0.74591234887288	77	19	0.844340191936987	0.9780153012723
HROV-vOTU68315	Smoking_Status	Former_Smoker	0.346355233956976	1.79533616798888	77	20	0.84757285743332	0.9780153012723
HROV-vOTU01788	diagnosis	RA	-0.186612279196172	0.995836355587089	77	58	0.851887381181672	0.9780153012723
HROV-vOTU04811	Smoking_Status	Never_Smoker	0.105806263460799	0.566764849599905	77	13	0.852440344873594	0.9780153012723
HROV-vOTU54933	diagnosis	RA	-0.100875289896901	0.51248111736199	77	34	0.844517400991956	0.9780153012723
HROV-vOTU07407	diagnosis	RA	-0.102067542406747	0.523839777435338	77	26	0.846070801593225	0.9780153012723
HROV-vOTU08434	Sex	M	0.0805160532127703	0.42199296935246	77	8	0.84922720344759	0.9780153012723
HROV-vOTU70158	Sex	M	-0.0591623590949246	0.306739018505533	77	9	0.847607344083023	0.9780153012723
HROV-vOTU49399	Sex	M	-0.123292827941478	0.646167558146984	77	23	0.849221921939749	0.9780153012723
HROV-vOTU35112	diagnosis	RA	-0.101114677303589	0.530174500278782	77	11	0.8492895669501	0.9780153012723
HROV-vOTU28075	diagnosis	RA	0.0619906216980133	0.328381624411349	77	18	0.850806825372044	0.9780153012723
HROV-vOTU39819	Sex	M	-0.142740129257118	0.75569937375604	77	19	0.850721989906154	0.9780153012723
HROV-vOTU29456	Smoking_Status	Never_Smoker	0.17598251496287	0.937998260355567	77	15	0.851713636299505	0.9780153012723
HROV-vOTU30360	Age	Age	-0.0493108884408677	0.262568647110985	77	23	0.851567649583898	0.9780153012723
HROV-vOTU11158	Smoking_Status	Former_Smoker	0.155192389565303	0.830867358969335	77	15	0.852363009534611	0.9780153012723
HROV-vOTU60898	Smoking_Status	Former_Smoker	0.146287302558581	0.762761360208504	77	10	0.848456921938272	0.9780153012723
HROV-vOTU37128	Smoking_Status	Former_Smoker	-0.112391707304987	0.583287479781044	77	22	0.847754487202948	0.9780153012723
HROV-vOTU66557	Smoking_Status	Former_Smoker	0.223921277177727	1.18638741108142	77	20	0.850833403216523	0.9780153012723
HROV-vOTU11960	Smoking_Status	Former_Smoker	0.138760883338622	0.742174735418896	77	10	0.852221112693928	0.9780153012723
HROV-vOTU02637	diagnosis	RA	-0.0866176813593982	0.451113931157697	77	20	0.848283696948861	0.9780153012723
HROV-vOTU08038	Smoking_Status	Never_Smoker	-0.150222855963586	0.79748709952548	77	9	0.851123778675016	0.9780153012723
HROV-vOTU06179	diagnosis	RA	0.126323642199528	0.667948831547372	77	24	0.850536992134082	0.9780153012723
HROV-vOTU40101	Age	Age	-0.0413588903401962	0.216521001632303	77	12	0.849058537536536	0.9780153012723
HROV-vOTU38660	Smoking_Status	Former_Smoker	-0.15730238895367	0.810145561246479	77	8	0.846600699824067	0.9780153012723
HROV-vOTU62481	Smoking_Status	Never_Smoker	-0.0943784350737217	0.476488102002186	77	9	0.843555604338514	0.9780153012723
HROV-vOTU64175	Smoking_Status	Never_Smoker	0.100919814863278	0.522724241066438	77	10	0.847459195511564	0.9780153012723
HROV-vOTU35173	diagnosis	RA	-0.134336054042815	0.711341118504572	77	42	0.850749953359796	0.9780153012723
HROV-vOTU17126	Smoking_Status	Never_Smoker	0.118430858156082	0.599927853611849	77	12	0.844071941821106	0.9780153012723
HROV-vOTU23074	Sex	M	-0.0935265048703281	0.478390523691764	77	12	0.845558068306882	0.9780153012723
HROV-vOTU00410	diagnosis	RA	0.0823602873984847	0.429982834576219	77	13	0.848646767566148	0.9780153012723
HROV-vOTU56248	Smoking_Status	Former_Smoker	-0.191380140201327	1.00041499698546	77	8	0.848835985261296	0.9780153012723
HROV-vOTU71692	Sex	M	0.12799552200092	0.646659481676073	77	20	0.843662774943273	0.9780153012723
HROV-vOTU10770	Smoking_Status	Former_Smoker	-0.171823389382381	0.910330916943912	77	8	0.850828599187295	0.9780153012723
HROV-vOTU05761	Smoking_Status	Former_Smoker	-0.36074270943357	1.92986230040763	77	29	0.852251256235116	0.9780153012723
HROV-vOTU66475	Sex	M	0.140198490565101	0.74958377632127	77	33	0.852166535844464	0.9780153012723
HROV-vOTU47642	Age	Age	0.0292387006144847	0.156008139136379	77	11	0.851867640351657	0.9780153012723
HROV-vOTU58966	Sex	M	-0.102834105337142	0.529274365078119	77	16	0.846501608682649	0.9780153012723
HROV-vOTU64162	diagnosis	RA	-0.0462239676536028	0.239406444967284	77	8	0.847449629992737	0.9780153012723
HROV-vOTU00388	Smoking_Status	Former_Smoker	-0.134198536853596	0.686654056214164	77	10	0.845608030366878	0.9780153012723
HROV-vOTU62337	Smoking_Status	Former_Smoker	-0.320391881034088	1.64206135228719	77	22	0.845859685920568	0.9780153012723
HROV-vOTU56612	Smoking_Status	Never_Smoker	0.142560243984887	0.756415751562259	77	15	0.851047374444336	0.9780153012723
HROV-vOTU49059	diagnosis	RA	0.0868803745612932	0.45980946517868	77	13	0.850672143873299	0.9780153012723
HROV-vOTU25012	diagnosis	RA	0.0787949839425693	0.410204480384921	77	16	0.848222322631021	0.9780153012723
HROV-vOTU25012	Smoking_Status	Former_Smoker	0.194715881436819	0.989135738403071	77	16	0.84450377748754	0.9780153012723
HROV-vOTU62744	Smoking_Status	Former_Smoker	-0.240306288622332	1.2332001464713	77	14	0.846055970340402	0.9780153012723
HROV-vOTU48330	Age	Age	0.0270881040187913	0.138618655212117	77	14	0.845626581066679	0.9780153012723
HROV-vOTU19538	Age	Age	-0.0379183610334723	0.194738200219629	77	14	0.846172515817293	0.9780153012723
HROV-vOTU71269	diagnosis	RA	-0.0952787385684551	0.509916682694696	77	18	0.852309900227336	0.9780153012723
HROV-vOTU03023	Smoking_Status	Former_Smoker	0.294212809145351	1.49462473372493	77	33	0.844509456020882	0.9780153012723
HROV-vOTU07059	Sex	M	-0.176844262575161	0.899804203377876	77	24	0.844751842271974	0.9780153012723
HROV-vOTU15817	Smoking_Status	Former_Smoker	0.190909944802767	1.01165604370137	77	9	0.85085822872862	0.9780153012723
HROV-vOTU60785	Sex	M	-0.0448899954850344	0.233071668523584	77	9	0.847820779993817	0.9780153012723
HROV-vOTU16457	Smoking_Status	Never_Smoker	0.160490218550828	0.842644563738705	77	12	0.849492091742725	0.9780153012723
HROV-vOTU39131	Smoking_Status	Former_Smoker	0.146527599995761	0.784536836209978	77	15	0.85237397004266	0.9780153012723
HROV-vOTU32102	Smoking_Status	Former_Smoker	0.130553184483351	0.685213999464275	77	8	0.849438303313154	0.9780153012723
HROV-vOTU11722	diagnosis	RA	-0.112023432694956	0.596703527202231	77	9	0.851618194901341	0.9780153012723
HROV-vOTU01395	Age	Age	0.0500750072068437	0.268226327022377	77	8	0.852436601476027	0.9780153012723
HROV-vOTU39127	diagnosis	RA	0.0399777519500037	0.201984460425547	77	9	0.843669423304699	0.9780153012723
HROV-vOTU39127	Sex	M	-0.0513934594026888	0.266585367605435	77	9	0.847678332898807	0.9780153012723
HROV-vOTU59099	Smoking_Status	Former_Smoker	0.0974317849264226	0.503815763825164	77	13	0.847207501529359	0.9780153012723
HROV-vOTU67358	Sex	M	0.0756987274076406	0.399662288876925	77	9	0.850314475673346	0.9780153012723
HROV-vOTU07677	Smoking_Status	Former_Smoker	0.276588416983812	1.39856720457061	77	24	0.843793619295851	0.9780153012723
HROV-vOTU66601	Smoking_Status	Never_Smoker	0.162750304521853	0.830774423241765	77	16	0.845246540642151	0.9780153012723
HROV-vOTU12517	Smoking_Status	Former_Smoker	0.132031615615068	0.682670577255036	77	9	0.847194353726105	0.9780153012723
HROV-vOTU14235	Smoking_Status	Former_Smoker	0.231804854107922	1.23590909202842	77	11	0.851757993882581	0.9780153012723
HROV-vOTU15078	Smoking_Status	Former_Smoker	0.116335212713551	0.612180492404416	77	11	0.849824629359506	0.9780153012723
HROV-vOTU70612	diagnosis	RA	-0.0571944004463015	0.292664437100793	77	9	0.845617235794746	0.9780153012723
HROV-vOTU12830	diagnosis	RA	0.0899040293727719	0.459933713162579	77	15	0.845582016468361	0.9780153012723
HROV-vOTU62838	Sex	M	0.0390614157823139	0.199526698857182	77	8	0.845349119161116	0.9780153012723
HROV-vOTU24413	Sex	M	-0.0620090947571161	0.314909806772669	77	8	0.844460049810326	0.9780153012723
HROV-vOTU69166	Smoking_Status	Never_Smoker	-0.194394439896554	1.04229735063235	77	16	0.852580056112217	0.978126865211933
HROV-vOTU74610	Sex	M	0.132287980421083	0.709552726821752	77	15	0.852632546305753	0.978138358227721
HROV-vOTU69838	Age	Age	0.0372580014240652	0.199965239161882	77	10	0.852723288928233	0.978145008916531
HROV-vOTU42142	diagnosis	RA	-0.0570090013761524	0.30591664550683	77	17	0.852698057148206	0.978145008916531
HROV-vOTU31632	Smoking_Status	Former_Smoker	0.223811288736168	1.20225664571259	77	66	0.852850677552014	0.978146576261546
HROV-vOTU46391	Smoking_Status	Former_Smoker	-0.235398556698674	1.26451260413972	77	30	0.852852073440376	0.978146576261546
HROV-vOTU65507	Smoking_Status	Never_Smoker	0.156952847463794	0.842949937360618	77	40	0.852823009409839	0.978146576261546
HROV-vOTU25803	Smoking_Status	Former_Smoker	-0.201527800082475	1.0834590834936	77	73	0.852971971287701	0.978235371682473
HROV-vOTU75309	Smoking_Status	Never_Smoker	-0.221202110078335	1.19174397230946	77	62	0.853278207009427	0.97824557484205
HROV-vOTU36366	Sex	M	-0.180144623617172	0.969757356913822	77	63	0.853160646092044	0.97824557484205
HROV-vOTU29071	Age	Age	-0.0577460344274703	0.310568827576892	77	60	0.85302487849964	0.97824557484205
HROV-vOTU47269	diagnosis	RA	-0.111580600029335	0.600854562556034	77	24	0.853207054990268	0.97824557484205
HROV-vOTU62508	Sex	M	0.0870385492723866	0.46892270147307	77	17	0.85327684325681	0.97824557484205
HROV-vOTU69548	Age	Age	0.0452536965220613	0.243581986461723	77	27	0.853143711965691	0.97824557484205
HROV-vOTU15109	Age	Age	0.0230905368865862	0.124391529369454	77	8	0.853265877308783	0.97824557484205
HROV-vOTU52161	Age	Age	0.0724016907431547	0.390283197696172	77	20	0.853357475792222	0.978287752874453
HROV-vOTU74685	Sex	M	0.11343207730483	0.611956674281718	77	34	0.853475457424841	0.978356514088364
HROV-vOTU23130	Smoking_Status	Former_Smoker	0.0728276722216463	0.392972424276195	77	8	0.853502419650426	0.978356514088364
HROV-vOTU35469	Age	Age	0.0402757390285795	0.217400392604128	77	8	0.853552811472228	0.978365580738871
HROV-vOTU68963	diagnosis	RA	-0.137058966486198	0.740758172962424	77	57	0.853736752450554	0.978370466280056
HROV-vOTU60665	Smoking_Status	Never_Smoker	0.151775968915716	0.820069964112371	77	75	0.853696429673675	0.978370466280056
HROV-vOTU61314	Smoking_Status	Former_Smoker	0.388962611100505	2.10079546433035	77	44	0.853639151073143	0.978370466280056
HROV-vOTU10186	Smoking_Status	Former_Smoker	0.308913998446795	1.6704465449819	77	41	0.853811968358514	0.978370466280056
HROV-vOTU02754	Smoking_Status	Former_Smoker	-0.169317212346826	0.915377331360311	77	24	0.85378003868238606	0.978370466280056
HROV-vOTU36754	diagnosis	RA	-0.0568677604329353	0.307501695237405	77	8	0.853807441516727	0.978370466280056
HROV-vOTU16249	Sex	M	0.0605145277905949	0.327367421686916	77	9	0.853872120477288	0.978390712701724
HROV-vOTU07321	Smoking_Status	Never_Smoker	-0.145324492918572	0.787890120918653	77	76	0.854188103060753	0.978509352043829
HROV-vOTU11756	Age	Age	-0.0336695299343091	0.18250037754394	77	15	0.854154867753048	0.978509352043829
HROV-vOTU60343	diagnosis	RA	-0.165123007048482	0.895160036701762	77	60	0.854176903495695	0.978509352043829
HROV-vOTU17977	Sex	M	-0.0810162009957299	0.439231709059257	77	8	0.854186434239992	0.978509352043829
HROV-vOTU23542	Smoking_Status	Never_Smoker	-0.149739461045623	0.810903373854479	77	60	0.854024054344056	0.978509352043829
HROV-vOTU32042	Smoking_Status	Never_Smoker	0.213218543951449	1.15664759136853	77	66	0.854270805314572	0.978528301144067
HROV-vOTU63778	Sex	M	-0.194681319412404	1.05622659286057	77	66	0.854289623221998	0.978528301144067
HROV-vOTU04196	Age	Age	-0.0237953890935225	0.129241608737613	77	76	0.85444765884286	0.978660644708364
HROV-vOTU15902	diagnosis	RA	-0.130104301641312	0.707258769442487	77	22	0.854572562543577	0.978755028614412
HROV-vOTU27295	Sex	M	0.0815390349766155	0.443820147137988	77	17	0.854756101306651	0.978916555427528
HROV-vOTU48171	Age	Age	0.0883303092551097	0.481272890044186	77	28	0.854901578052702	0.978937119259831
HROV-vOTU74692	Sex	M	-0.126073854015212	0.686649941611945	77	36	0.85484498769086	0.978937119259831
HROV-vOTU52384	Age	Age	-0.038998005111663	0.212420600981984	77	19	0.854859487773517	0.978937119259831
HROV-vOTU54484	Smoking_Status	Never_Smoker	0.129183769796406	0.709051815055646	77	73	0.855951021131938	0.978996118427308
HROV-vOTU33821	Sex	M	-0.148672021472475	0.815800225056607	77	46	0.855913152502416	0.978996118427308
HROV-vOTU01367	Age	Age	-0.0352855650790199	0.195127958868004	77	10	0.857013897267137	0.978996118427308
HROV-vOTU32680	diagnosis	RA	-0.114382148755116	0.63016517643974	77	23	0.856483397114957	0.978996118427308
HROV-vOTU22514	Sex	M	-0.110771827647792	0.605475483910067	77	66	0.855358556833369	0.978996118427308
HROV-vOTU69838	Smoking_Status	Never_Smoker	0.121827694883095	0.667621099024271	77	10	0.855725856671245	0.978996118427308
HROV-vOTU43245	Smoking_Status	Never_Smoker	0.12004955248423	0.655471111261459	77	75	0.855202310410433	0.978996118427308
HROV-vOTU29692	Smoking_Status	Never_Smoker	-0.199817158884767	1.09040893667484	77	66	0.855124365500327	0.978996118427308
HROV-vOTU49771	Smoking_Status	Former_Smoker	-0.234968972098171	1.29659312733153	77	59	0.856711013589675	0.978996118427308
HROV-vOTU46032	diagnosis	RA	-0.124564328454249	0.691274934683665	77	15	0.857512764541922	0.978996118427308
HROV-vOTU13759	diagnosis	RA	0.0759549127924755	0.416373006372707	77	74	0.855772713905648	0.978996118427308
HROV-vOTU00403	Age	Age	0.102453179909299	0.568701012834362	77	59	0.857545678722082	0.978996118427308
HROV-vOTU43253	diagnosis	RA	-0.15575371112829	0.856787065542159	77	38	0.856267012757343	0.978996118427308
HROV-vOTU11625	Smoking_Status	Never_Smoker	-0.195849759753194	1.07077271006588	77	32	0.855393790717394	0.978996118427308
HROV-vOTU38393	Age	Age	0.0209763956447029	0.116169396338894	77	74	0.857221636139979	0.978996118427308
HROV-vOTU37640	Smoking_Status	Former_Smoker	0.30928247595598	1.71261989696538	77	43	0.857203688248391	0.978996118427308
HROV-vOTU64911	Sex	M	-0.174752927987511	0.956231450956141	77	67	0.855513681111844	0.978996118427308
HROV-vOTU63683	Sex	M	-0.123140978360482	0.68128359120816	77	58	0.857079951165618	0.978996118427308
HROV-vOTU37690	diagnosis	RA	-0.0450707640795514	0.250256880214696	77	16	0.857588674541783	0.978996118427308
HROV-vOTU31478	diagnosis	RA	-0.0793534216405334	0.434134223922491	77	25	0.855487297700598	0.978996118427308
HROV-vOTU08281	Age	Age	0.0632711095917585	0.350819771195807	77	52	0.857389884932601	0.978996118427308
HROV-vOTU14470	Age	Age	0.100835541188856	0.553774831102376	77	57	0.856032849539251	0.978996118427308
HROV-vOTU28487	Smoking_Status	Never_Smoker	-0.193074717072745	1.06709009978737	77	48	0.856933532423159	0.978996118427308
HROV-vOTU41060	Sex	M	0.166113324129127	0.917394831227045	77	22	0.856827981415045	0.978996118427308
HROV-vOTU22382	Age	Age	0.050556208829846	0.27696226385756	77	21	0.85568054380308	0.978996118427308
HROV-vOTU49591	Sex	M	-0.096663147672386	0.535614091747469	77	16	0.857296465443543	0.978996118427308
HROV-vOTU34025	Smoking_Status	Former_Smoker	-0.171588585700448	0.947672760983373	77	17	0.856833909613703	0.978996118427308
HROV-vOTU11306	Smoking_Status	Former_Smoker	0.301537849215997	1.65559805757623	77	28	0.855997933366574	0.978996118427308
HROV-vOTU63216	Smoking_Status	Former_Smoker	0.271822714980244	1.49935823561118	77	47	0.856654380070401	0.978996118427308
HROV-vOTU34175	diagnosis	RA	-0.0806758893617597	0.443213906969025	77	20	0.856082023478958	0.978996118427308
HROV-vOTU39613	Smoking_Status	Former_Smoker	0.264165568410289	1.45806549415227	77	30	0.85674612579371	0.978996118427308
HROV-vOTU64636	diagnosis	RA	0.111391059172671	0.618100232931545	77	30	0.857497010585681	0.978996118427308
HROV-vOTU53565	Sex	M	0.084990823268105	0.468112932674824	77	12	0.856444978642285	0.978996118427308
HROV-vOTU61707	Smoking_Status	Never_Smoker	-0.155024079180446	0.85545231659089	77	17	0.856712138659473	0.978996118427308
HROV-vOTU55814	Age	Age	-0.0526625256861871	0.288552180443759	77	21	0.855705702931143	0.978996118427308
HROV-vOTU25387	Smoking_Status	Former_Smoker	-0.138751933557543	0.770424737069073	77	20	0.857588697053952	0.978996118427308
HROV-vOTU15731	Sex	M	-0.122422581600852	0.673862728811857	77	23	0.856357118978164	0.978996118427308
HROV-vOTU32970	Sex	M	0.173850759287526	0.958574334217522	77	62	0.856598729093484	0.978996118427308
HROV-vOTU15938	Smoking_Status	Former_Smoker	-0.215264271778619	1.19358747864507	77	17	0.857391083255344	0.978996118427308
HROV-vOTU58926	Sex	M	-0.124633714840563	0.685792357014075	77	23	0.856307132425	0.978996118427308
HROV-vOTU53401	Sex	M	0.140859143997381	0.775579811551523	77	25	0.856400139099872	0.978996118427308
HROV-vOTU02036	Sex	M	-0.11902642574844	0.655984859109225	77	13	0.856533804640568	0.978996118427308
HROV-vOTU02036	Smoking_Status	Never_Smoker	0.155133726893185	0.848985957938505	77	13	0.85553200879778	0.978996118427308
HROV-vOTU46602	Age	Age	-0.0608906593757062	0.336188405110695	77	19	0.85678892899872	0.978996118427308
HROV-vOTU09633	Age	Age	0.0351266510891478	0.193455696932977	77	18	0.85643392078126	0.978996118427308
HROV-vOTU19975	Age	Age	0.042233648577222	0.23393369058854	77	13	0.857245469127726	0.978996118427308
HROV-vOTU34620	Sex	M	-0.203620368979421	1.128148373899	77	37	0.857281495866508	0.978996118427308
HROV-vOTU60846	Sex	M	-0.0827088742663892	0.456097530659765	77	16	0.85661714685194	0.978996118427308
HROV-vOTU33481	Sex	M	-0.156378447461307	0.856639916550416	77	43	0.85567243046652	0.978996118427308
HROV-vOTU56302	Sex	M	-0.097754402641065	0.53669924621060106	77	14	0.855991894990828	0.978996118427308
HROV-vOTU02199	Age	Age	0.0342958266476608	0.18895713614585	77	15	0.856491852293789	0.978996118427308
HROV-vOTU30978	diagnosis	RA	0.114808998882414	0.634145361499198	77	20	0.856847890775234	0.978996118427308
HROV-vOTU47526	Smoking_Status	Former_Smoker	-0.117935842708553	0.652712177496367	77	18	0.857128949177968	0.978996118427308
HROV-vOTU01395	diagnosis	RA	0.0955642193896139	0.524266258662015	77	8	0.855881004126191	0.978996118427308
HROV-vOTU71968	diagnosis	RA	-0.0707888163733503	0.39151370993215	77	13	0.857033400035886	0.978996118427308
HROV-vOTU04409	Age	Age	-0.0302438730060299	0.166939288551906	77	8	0.856752757805395	0.978996118427308
HROV-vOTU36400	Age	Age	0.0274304665431335	0.151347006763347	77	8	0.856693864009347	0.978996118427308
HROV-vOTU54782	Smoking_Status	Former_Smoker	-0.0857635025547295	0.469591433140441	77	10	0.855605461577635	0.978996118427308
HROV-vOTU05590	Smoking_Status	Former_Smoker	0.124969330746963	0.691328349187353	77	12	0.857065497369927	0.978996118427308
HROV-vOTU06488	Age	Age	0.0491373738928215	0.269325110469744	77	8	0.855752421250888	0.978996118427308
HROV-vOTU01313	Smoking_Status	Never_Smoker	0.0912202434361342	0.499631367453498	77	9	0.8556517465788	0.978996118427308
HROV-vOTU27155	Smoking_Status	Former_Smoker	-0.098683091069276	0.545553336465123	77	9	0.856972227796674	0.978996118427308
HROV-vOTU64705	Smoking_Status	Never_Smoker	-0.215761143154156	1.19844142167062	77	26	0.857638117973622	0.979004007778563
HROV-vOTU19927	Age	Age	-0.0543054417205203	0.301811591691241	77	23	0.857718824015985	0.979015602554303
HROV-vOTU55731	Smoking_Status	Never_Smoker	0.199319629114769	1.10786616475295	77	18	0.857733296254371	0.979015602554303
HROV-vOTU22499	Age	Age	-0.0447485961077854	0.24912570858738	77	73	0.857960544931534	0.979147061968951
HROV-vOTU33520	Smoking_Status	Never_Smoker	-0.10833439954554	0.603047540025098	77	73	0.857943086607719	0.979147061968951
HROV-vOTU73063	Smoking_Status	Former_Smoker	-0.209569447369973	1.1668497409596	77	16	0.857976018694461	0.979147061968951
HROV-vOTU60948	Smoking_Status	Former_Smoker	-0.283484648145287	1.57898144851367	77	41	0.858027932167501	0.979157140171043
HROV-vOTU12354	Age	Age	-0.0575599784085099	0.320816848983353	77	64	0.858121373093272	0.979157140171043
HROV-vOTU23941	Smoking_Status	Never_Smoker	-0.201982568506582	1.12604111838264	77	41	0.85815491607522	0.979157140171043
HROV-vOTU04654	Sex	M	0.18552869643022	1.03413657136283	77	23	0.858131150340232	0.979157140171043
HROV-vOTU21801	Smoking_Status	Former_Smoker	0.226457480552406	1.26313240989856	77	41	0.85822657194638	0.979163227251032
HROV-vOTU38073	Sex	M	0.0532000718726855	0.297742075938742	77	77	0.858699124064865	0.979163227251032
HROV-vOTU64197	diagnosis	RA	-0.109453237709392	0.61094237512251	77	63	0.858326456693971	0.979163227251032
HROV-vOTU68141	Smoking_Status	Never_Smoker	-0.118198209102673	0.661579302507532	77	13	0.858712970073343	0.979163227251032
HROV-vOTU17724	Smoking_Status	Former_Smoker	0.264086085953417	1.47504100273117	77	58	0.858419019452308	0.979163227251032
HROV-vOTU46906	diagnosis	RA	0.133655237497879	0.746987496012008	77	19	0.858505670444583	0.979163227251032
HROV-vOTU12762	Age	Age	0.0759848817709988	0.425005862819683	77	33	0.858615330623428	0.979163227251032
HROV-vOTU11457	Smoking_Status	Former_Smoker	-0.226011045001686	1.26453160936233	77	48	0.858657930605719	0.979163227251032
HROV-vOTU02061	Sex	M	0.0769236068003199	0.429673715746018	77	8	0.858425654562036	0.979163227251032
HROV-vOTU37071	Smoking_Status	Never_Smoker	0.216251054281306	1.20872305058014	77	39	0.858518954970972	0.979163227251032
HROV-vOTU51438	Age	Age	-0.0352218451928815	0.196975783719533	77	20	0.858593753091026	0.979163227251032
HROV-vOTU35516	Smoking_Status	Former_Smoker	0.284266275478815	1.58681406857642	77	35	0.858335836033084	0.979163227251032
HROV-vOTU42917	Age	Age	-0.0247567312388674	0.138519642077425	77	13	0.858663736042997	0.979163227251032
HROV-vOTU44485	Sex	M	-0.124038728460959	0.694773192695331	77	71	0.858814225833981	0.979214656250563
HROV-vOTU54587	diagnosis	RA	0.0968794321256759	0.54275915277097	77	47	0.858843110794838	0.979214656250563
HROV-vOTU46906	Smoking_Status	Never_Smoker	-0.227458884339436	1.27596385898886	77	19	0.859023028664972	0.979349372139856
HROV-vOTU30549	Age	Age	0.051072046629873503	0.286543955844176	77	23	0.859046316395885	0.979349372139856
HROV-vOTU58654	Age	Age	0.0477310486822504	0.267899029262909	77	41	0.859098379003281	0.9793602449483
HROV-vOTU05340	Sex	M	0.204916252874004	1.15094433253453	77	49	0.859197124189415	0.97942433153899
HROV-vOTU04221	Smoking_Status	Never_Smoker	-0.279000556367807	1.56864215577621	77	39	0.859338474403599	0.979505517787494
HROV-vOTU08296	Sex	M	-0.110796228257775	0.623003369278653	77	27	0.859353408028498	0.979505517787494
HROV-vOTU20022	Smoking_Status	Never_Smoker	-0.10587376206141	0.59592248439418	77	24	0.859493038755871	0.979594465454329
HROV-vOTU54782	diagnosis	RA	0.0345931327737892	0.194744262436193	77	10	0.859516515998073	0.979594465454329
HROV-vOTU35482	Smoking_Status	Never_Smoker	-0.25587516018208	1.45008325076276	77	65	0.860438470145695	0.97977071661288
HROV-vOTU11599	Smoking_Status	Former_Smoker	0.230700062299011	1.3069209422113	77	71	0.860386564473336	0.97977071661288
HROV-vOTU45183	Smoking_Status	Never_Smoker	-0.134193944134855	0.767213191369747	77	75	0.861647488640001	0.97977071661288
HROV-vOTU06438	diagnosis	RA	0.109330411453459	0.620780928486523	77	66	0.860702970992442	0.97977071661288
HROV-vOTU02746	Sex	M	0.118371291329686	0.678442447613107	77	66	0.861988685640655	0.97977071661288
HROV-vOTU13522	Smoking_Status	Never_Smoker	0.132954751914936	0.753566984511351	77	74	0.86045538279812706	0.97977071661288
HROV-vOTU01773	Smoking_Status	Former_Smoker	-0.206741070429132	1.18427013159079	77	72	0.861912357156711	0.97977071661288
HROV-vOTU61960	Age	Age	-0.057254696271101	0.325670615439206	77	37	0.860947179767281	0.97977071661288
HROV-vOTU30964	Smoking_Status	Never_Smoker	0.0799222921215745	0.458620047121552	77	25	0.86215166639628	0.97977071661288
HROV-vOTU46353	diagnosis	RA	0.100678631997153	0.57331576720943	77	71	0.86110207333089	0.97977071661288
HROV-vOTU74328	Sex	M	-0.0826783374182153	0.473565892755963	77	34	0.861901237096996	0.97977071661288
HROV-vOTU33511	Age	Age	0.043916119324031	0.248952027443904	77	72	0.860478817503277	0.97977071661288
HROV-vOTU61207	Sex	M	0.118194626564055	0.676973684180439	77	15	0.86189663350282	0.97977071661288
HROV-vOTU26158	Age	Age	-0.0359776781838491	0.204807040965753	77	30	0.861056226547494	0.97977071661288
HROV-vOTU59839	Sex	M	0.15478132870456	0.884131228373955	77	67	0.861526055566958	0.97977071661288
HROV-vOTU35796	diagnosis	RA	-0.0978041999415521	0.555550516006537	77	50	0.860756495003164	0.97977071661288
HROV-vOTU10215	diagnosis	RA	-0.101471416146469	0.583106313389807	77	74	0.862345973585007	0.97977071661288
HROV-vOTU04023	Smoking_Status	Former_Smoker	0.290565424971053	1.65728174510995	77	62	0.861322136676322	0.97977071661288
HROV-vOTU69787	Smoking_Status	Former_Smoker	-0.146632615221713	0.837690229956594	77	32	0.861543318715133	0.97977071661288
HROV-vOTU49413	Age	Age	-0.0453914217526266	0.260667323098799	77	25	0.862254580757488	0.97977071661288
HROV-vOTU13420	diagnosis	RA	0.114894078542868	0.659177213182374	77	34	0.862126353759079	0.97977071661288
HROV-vOTU42154	Sex	M	-0.0506416480184754	0.286399244509409	77	8	0.860151750472231	0.97977071661288
HROV-vOTU67091	Sex	M	0.0931456409480828	0.525383145200792	77	69	0.859784722586769	0.97977071661288
HROV-vOTU29060	Sex	M	0.180470237700379	1.02500740203848	77	65	0.860742331349915	0.97977071661288
HROV-vOTU03114	Sex	M	0.111142672507916	0.630582187269832	77	23	0.860596120870187	0.97977071661288
HROV-vOTU68402	diagnosis	RA	-0.101315782625535	0.581727388774569	77	32	0.862232478734291	0.97977071661288
HROV-vOTU73023	diagnosis	RA	-0.10352246096198	0.589658728173272	77	31	0.86113674658974	0.97977071661288
HROV-vOTU21127	Sex	M	-0.171267974808168	0.97855817810008106	77	64	0.861561497403402	0.97977071661288
HROV-vOTU75110	Smoking_Status	Former_Smoker	-0.194358267228079	1.11572901657336	77	27	0.86220525415734794	0.97977071661288
HROV-vOTU09645	Age	Age	-0.055123889130557	0.313112608671663	77	37	0.86075479928923	0.97977071661288
HROV-vOTU71829	Smoking_Status	Never_Smoker	0.0939892379885642	0.532894266350153	77	12	0.860501452335054	0.97977071661288
HROV-vOTU39610	diagnosis	RA	0.0576010565272638	0.328265329648611	77	18	0.861209007618916	0.97977071661288
HROV-vOTU43100	diagnosis	RA	-0.129962426447969	0.736300680637513	77	34	0.860397947373239	0.97977071661288
HROV-vOTU21175	diagnosis	RA	-0.0928193547856091	0.526084056954169	77	10	0.860454936617363	0.97977071661288
HROV-vOTU65612	Age	Age	0.0535341540970392	0.307742764196384	77	20	0.862393929503243	0.97977071661288
HROV-vOTU61322	diagnosis	RA	-0.0798796440815744	0.459102204114174	77	15	0.862367692829381	0.97977071661288
HROV-vOTU37096	Age	Age	-0.0505119855203643	0.287801185273482	77	57	0.861178507126918	0.97977071661288
HROV-vOTU67952	diagnosis	RA	-0.0955629159568857	0.539059179452296	77	23	0.859795408243693	0.97977071661288
HROV-vOTU15698	Sex	M	-0.169410280258993	0.959979789926358	77	30	0.860424961652861	0.97977071661288
HROV-vOTU04983	Age	Age	0.0620150737733928	0.356275432631082	77	36	0.862309761159859	0.97977071661288
HROV-vOTU39185	Smoking_Status	Former_Smoker	-0.279036927100255	1.58025536645808	77	51	0.860343292324107	0.97977071661288
HROV-vOTU28224	Sex	M	-0.151197121784964	0.866040828478424	77	42	0.861903176293413	0.97977071661288
HROV-vOTU53426	diagnosis	RA	-0.0766865710917536	0.439087370694815	77	18	0.861851799788775	0.97977071661288
HROV-vOTU17607	Smoking_Status	Former_Smoker	0.265031530503011	1.51912082956026	77	54	0.861997538432284	0.97977071661288
HROV-vOTU06360	Age	Age	0.0406205081890247	0.230843659658478	77	29	0.860822012566546	0.97977071661288
HROV-vOTU22906	Smoking_Status	Never_Smoker	-0.159978258519527	0.90393254827496206	77	36	0.86002775880167	0.97977071661288
HROV-vOTU50610	Sex	M	0.174664407928209	0.992691819781629	77	56	0.860833881837104	0.97977071661288
HROV-vOTU22871	Smoking_Status	Former_Smoker	-0.209003305339587	1.19511593743478	77	14	0.86167073598339	0.97977071661288
HROV-vOTU14828	Smoking_Status	Former_Smoker	0.147023985155916	0.830755251960066	77	26	0.860030898526684	0.97977071661288
HROV-vOTU27630	Smoking_Status	Never_Smoker	0.171690045809489	0.984659619711893	77	16	0.862074960655555	0.97977071661288
HROV-vOTU29456	Age	Age	-0.049693907656921	0.280948350403485	77	15	0.860106913039327	0.97977071661288
HROV-vOTU59097	Sex	M	-0.140552679924418	0.805187772158762	77	21	0.861923064219598	0.97977071661288
HROV-vOTU14451	diagnosis	RA	0.0404731407845399	0.232140784535665	77	11	0.862088642506369	0.97977071661288
HROV-vOTU02418	Age	Age	0.0367222929835353	0.208626893566037	77	8	0.860780114160928	0.97977071661288
HROV-vOTU24645	diagnosis	RA	-0.0382088544619832	0.218486964262936	77	8	0.861672195403163	0.97977071661288
HROV-vOTU09782	Smoking_Status	Former_Smoker	0.266337953954102	1.52504420595431	77	28	0.861857387055899	0.97977071661288
HROV-vOTU74911	Age	Age	0.0506525872243205	0.287676619293038	77	30	0.860736468016693	0.97977071661288
HROV-vOTU57313	diagnosis	RA	-0.0641854219840525	0.367206322227655	77	14	0.861739083390023	0.97977071661288
HROV-vOTU58282	diagnosis	RA	-0.0723929369465532	0.410625161129455	77	14	0.860560699723868	0.97977071661288
HROV-vOTU65053	Age	Age	-0.0412907656011686	0.235166561804748	77	18	0.861122978283675	0.97977071661288
HROV-vOTU11788	diagnosis	RA	-0.0645114370513904	0.367422217824236	77	9	0.861124897212179	0.97977071661288
HROV-vOTU09705	Smoking_Status	Former_Smoker	-0.0809268034005309	0.464251749190312	77	8	0.862112723185559	0.97977071661288
HROV-vOTU18264	Smoking_Status	Never_Smoker	-0.186534737589685	1.06711298683415	77	10	0.861731816013335	0.97977071661288
HROV-vOTU42674	Smoking_Status	Former_Smoker	-0.0890563260254643	0.511627229539593	77	10	0.862309844065357	0.97977071661288
HROV-vOTU70799	Sex	M	-0.154223670563065	0.887314051469881	77	69	0.86250973964738	0.979799256944986
HROV-vOTU29861	Sex	M	0.140804157118752	0.812374960778581	77	28	0.862889876272007	0.979799256944986
HROV-vOTU56526	Age	Age	0.0420651370723369	0.242874483881267	77	76	0.862989386611982	0.979799256944986
HROV-vOTU01904	Sex	M	0.141013730542387	0.815348885890552	77	70	0.863183653543598	0.979799256944986
HROV-vOTU00572	Smoking_Status	Former_Smoker	0.274677436692784	1.58344223189782	77	42	0.862776758100677	0.979799256944986
HROV-vOTU17332	Smoking_Status	Former_Smoker	-0.326458298744979	1.88006812977337	77	64	0.862641150224205	0.979799256944986
HROV-vOTU72947	Smoking_Status	Former_Smoker	-0.221502139348828	1.27891512782478	77	25	0.862990703570635	0.979799256944986
HROV-vOTU20980	Sex	M	-0.113198331773161	0.651538088719437	77	31	0.862564084988284	0.979799256944986
HROV-vOTU56218	diagnosis	RA	-0.115322130950283	0.664140244656612	77	45	0.862641546140852	0.979799256944986
HROV-vOTU17684	Age	Age	-0.0406362167666456	0.234778714075505	77	24	0.863078633133839	0.979799256944986
HROV-vOTU27047	Age	Age	-0.0637170311560644	0.368817585684858	77	48	0.863331399508957	0.979799256944986
HROV-vOTU27588	Sex	M	-0.0763171891468077	0.439806362721085	77	20	0.862732933598234	0.979799256944986
HROV-vOTU10784	Smoking_Status	Former_Smoker	-0.17265272158898	0.997939336674831	77	12	0.863136440368832	0.979799256944986
HROV-vOTU11572	Age	Age	0.0259156697873928	0.149274593999635	77	19	0.86266543823508	0.979799256944986
HROV-vOTU13478	Smoking_Status	Never_Smoker	-0.195385507469547	1.13187262078785	77	58	0.863440118093725	0.979799256944986
HROV-vOTU09774	Age	Age	0.0310819353595226	0.179685478561649	77	12	0.863159590776291	0.979799256944986
HROV-vOTU50559	Smoking_Status	Never_Smoker	0.0868383440529969	0.502512109810472	77	11	0.863293671368535	0.979799256944986
HROV-vOTU48425	diagnosis	RA	-0.0597264664674824	0.345495665451532	77	16	0.863244048109896	0.979799256944986
HROV-vOTU59663	Age	Age	0.0481030916669199	0.278030912171121	77	21	0.863133127628533	0.979799256944986
HROV-vOTU11265	diagnosis	RA	-0.166258410274405	0.962896868025066	77	33	0.863406165921832	0.979799256944986
HROV-vOTU51131	diagnosis	RA	0.10230807138179	0.592618503126395	77	27	0.863427697749113	0.979799256944986
HROV-vOTU38991	Smoking_Status	Former_Smoker	0.205898644245155	1.1908641681065	77	14	0.863223148408217	0.979799256944986
HROV-vOTU11217	Smoking_Status	Never_Smoker	-0.0787673877602926	0.453911178989569	77	12	0.862728332616368	0.979799256944986
HROV-vOTU17522	Sex	M	-0.0838364861648674	0.484050914103622	77	9	0.862988885338602	0.979799256944986
HROV-vOTU23035	Smoking_Status	Former_Smoker	-0.267228134995695	1.54868170729748	77	51	0.863494514324022	0.979812705207047
HROV-vOTU42795	Smoking_Status	Former_Smoker	0.113221130167957	0.657219407586915	77	73	0.863713062911499	0.97991584998531
HROV-vOTU09867	Smoking_Status	Former_Smoker	-0.109243749595362	0.634036420690006	77	12	0.863692778407687	0.97991584998531
HROV-vOTU49546	Sex	M	-0.0787819660069391	0.457111497484422	77	43	0.863654778988281	0.97991584998531
HROV-vOTU47976	Age	Age	-0.0267226439853876	0.155293744574495	77	74	0.863865721333703	0.980040766616511
HROV-vOTU47801	Smoking_Status	Never_Smoker	0.130966877622995	0.761866285434918	77	23	0.864003053482663	0.980129352842531
HROV-vOTU54723	Smoking_Status	Former_Smoker	0.128986472625072	0.75048998529572	77	10	0.864028924073342	0.980129352842531
HROV-vOTU30319	Smoking_Status	Never_Smoker	0.0579141823183334	0.337323138007723	77	9	0.86417158284397	0.98024289774401
HROV-vOTU04498	Smoking_Status	Never_Smoker	0.279089935116742	1.62853907700911	77	52	0.864416860786935	0.980405354118381
HROV-vOTU66879	Smoking_Status	Former_Smoker	0.209509892914059	1.22399494989725	77	62	0.864577836295199	0.980405354118381
HROV-vOTU70245	Age	Age	0.0600713131577751	0.351786647155601	77	41	0.864897676358794	0.980405354118381
HROV-vOTU34003	diagnosis	RA	-0.123513468036637	0.723384381594184	77	29	0.86491079373092306	0.980405354118381
HROV-vOTU16656	Age	Age	-0.016337760003539	0.0956089103244329	77	8	0.864803272923467	0.980405354118381
HROV-vOTU61841	Age	Age	0.0383794032773515	0.224189790907854	77	8	0.864560089313771	0.980405354118381
HROV-vOTU63708	diagnosis	RA	0.0917555657710336	0.536826491382321	77	34	0.864771108890445	0.980405354118381
HROV-vOTU25654	Age	Age	0.0353196480975677	0.206789507944465	77	15	0.864866841089947	0.980405354118381
HROV-vOTU25472	diagnosis	RA	0.091754245966939	0.535884033673785	77	33	0.864537556412244	0.980405354118381
HROV-vOTU36113	Smoking_Status	Former_Smoker	-0.176772775639795	1.03488108823783	77	14	0.864855421659891	0.980405354118381
HROV-vOTU01875	diagnosis	RA	0.112492095599798	0.657508148071765	77	34	0.864640818675746	0.980405354118381
HROV-vOTU28484	diagnosis	RA	0.0647805450496411	0.378875300043994	77	19	0.864724907614132	0.980405354118381
HROV-vOTU54276	Sex	M	-0.0765742116959158	0.44702788462824	77	14	0.864478071901356	0.980405354118381
HROV-vOTU15676	Age	Age	-0.0235862903466487	0.13789258805821	77	8	0.864672339257564	0.980405354118381
HROV-vOTU54197	Age	Age	-0.0315002429945501	0.184552533099236	77	9	0.864957384957858	0.980409911191036
HROV-vOTU28745	Sex	M	-0.126195043051909	0.740281473771756	77	64	0.865126156712812	0.980550025598187
HROV-vOTU43813	Age	Age	0.0504992099452207	0.296325653063973	77	67	0.865166153719286	0.980550025598187
HROV-vOTU00760	Smoking_Status	Never_Smoker	-0.0930283694483444	0.546633011909608	77	10	0.865349193302068	0.980660954716397
HROV-vOTU20653	diagnosis	RA	0.0949171714456325	0.557599114887802	77	35	0.865317517617481	0.980660954716397
HROV-vOTU27519	Smoking_Status	Former_Smoker	0.122816713232498	0.721903593719474	77	25	0.865392564428832	0.980661849077204
HROV-vOTU27563	Smoking_Status	Former_Smoker	0.197483183994506	1.16234460359385	77	55	0.86557140061828	0.980816244648641
HROV-vOTU73396	Age	Age	-0.040750555722278	0.2399495594936	77	24	0.865627066095126	0.980831061853419
HROV-vOTU29947	Age	Age	0.0218632039571275	0.128832776752458	77	9	0.865726959245844	0.980895988951677
HROV-vOTU50435	Smoking_Status	Former_Smoker	-0.218672527282387	1.28981333054242	77	39	0.865855516750613	0.980919412509357
HROV-vOTU75686	diagnosis	RA	0.070444135495494	0.415568408997477	77	31	0.865875411936722	0.980919412509357
HROV-vOTU61514	Age	Age	-0.0245455457643799	0.14474801533806	77	21	0.86582715407263	0.980919412509357
HROV-vOTU64693	Smoking_Status	Former_Smoker	0.149382981430766	0.882181356663635	77	11	0.86601574480162	0.981030132945466
HROV-vOTU50600	Smoking_Status	Former_Smoker	0.231104956982368	1.37511316236165	77	73	0.867011927161973	0.981053476988354
HROV-vOTU17342	diagnosis	RA	0.097822518211285	0.579999723537138	77	60	0.866543962749675	0.981053476988354
HROV-vOTU66841	diagnosis	RA	0.079115225646472	0.467924500580466	77	63	0.866216930631272	0.981053476988354
HROV-vOTU66841	Smoking_Status	Former_Smoker	0.187047602511775	1.12831738445235	77	63	0.868804617504484	0.981053476988354
HROV-vOTU09661	Sex	M	0.159571149722746	0.960050289854192	77	61	0.868463130059227	0.981053476988354
HROV-vOTU50049	Smoking_Status	Former_Smoker	0.299015708002981	1.79476180222794	77	56	0.86815467824616	0.981053476988354
HROV-vOTU57517	Sex	M	0.119437550111798	0.719501933135053	77	50	0.868628500667087	0.981053476988354
HROV-vOTU04874	Smoking_Status	Former_Smoker	0.0967871488341561	0.578092277230847	77	77	0.867511545777383	0.981053476988354
HROV-vOTU12570	Smoking_Status	Former_Smoker	0.325494569343654	1.92889127346411	77	38	0.866475482717676	0.981053476988354
HROV-vOTU04657	Age	Age	-0.0681678745649411	0.409620005156551	77	74	0.868301540716832	0.981053476988354
HROV-vOTU71419	Sex	M	0.225478026678959	1.35237103925455	77	22	0.868058049914312	0.981053476988354
HROV-vOTU07112	Smoking_Status	Never_Smoker	-0.144450401860615	0.872231408168504	77	72	0.868934397851189	0.981053476988354
HROV-vOTU23159	Sex	M	0.126071067433598	0.750580185581774	77	71	0.867088486027075	0.981053476988354
HROV-vOTU13279	diagnosis	RA	-0.113700500710102	0.680598360442633	77	57	0.86779803213297	0.981053476988354
HROV-vOTU60379	Age	Age	0.0541700135583511	0.325709124706644	77	49	0.868382502012549	0.981053476988354
HROV-vOTU35376	diagnosis	RA	-0.0621296578795997	0.372339156278052	77	17	0.867952102404599	0.981053476988354
HROV-vOTU04717	diagnosis	RA	0.0848507949206823	0.511335769642209	77	66	0.868676196518089	0.981053476988354
HROV-vOTU11108	Sex	M	0.127309684448995	0.757464778447828	77	41	0.867003380762513	0.981053476988354
HROV-vOTU40842	Smoking_Status	Former_Smoker	-0.194519060356841	1.16639790685051	77	64	0.86802582244586	0.981053476988354
HROV-vOTU57974	diagnosis	RA	-0.0564388541223831	0.336766489832076	77	29	0.867381909297163	0.981053476988354
HROV-vOTU65493	Smoking_Status	Never_Smoker	0.15246054603273	0.902439564124215	77	34	0.866322125734584	0.981053476988354
HROV-vOTU15151	diagnosis	RA	0.0825865292314447	0.492673229248803	77	29	0.867351375912051	0.981053476988354
HROV-vOTU09913	diagnosis	RA	-0.0993504266345179	0.59826972233667	77	64	0.868579405663262	0.981053476988354
HROV-vOTU65585	Smoking_Status	Never_Smoker	0.1808805424362	1.0727981385912	77	43	0.866585716831297	0.981053476988354
HROV-vOTU47235	Age	Age	-0.0283084888923539	0.170926236212691	77	13	0.868928141225706	0.981053476988354
HROV-vOTU62884	diagnosis	RA	-0.056576577164705	0.335908186467336	77	8	0.866724922353031	0.981053476988354
HROV-vOTU30640	Age	Age	0.0536216932949056	0.322246081051359	77	16	0.868315273579037	0.981053476988354
HROV-vOTU11758	Age	Age	-0.0304439770842468	0.180606701947815	77	19	0.866618060491612	0.981053476988354
HROV-vOTU33181	Sex	M	0.0741090478107308	0.441456400086034	77	18	0.867159679035518	0.981053476988354
HROV-vOTU75192	Age	Age	0.0392848947042379	0.236848692955699	77	15	0.868734644003548	0.981053476988354
HROV-vOTU02759	Sex	M	-0.191549410403005	1.1444559975741	77	54	0.867553485473015	0.981053476988354
HROV-vOTU75616	diagnosis	RA	0.0581787669257693	0.347043409368265	77	17	0.867342159907466	0.981053476988354
HROV-vOTU14774	Smoking_Status	Former_Smoker	-0.118660596527821	0.714583067415334	77	11	0.868585073475601	0.981053476988354
HROV-vOTU06261	Sex	M	-0.130244438115346	0.782454568841022	77	14	0.868271056334802	0.981053476988354
HROV-vOTU06261	Smoking_Status	Never_Smoker	0.170280671141892	1.01266505231982	77	14	0.866942540915108	0.981053476988354
HROV-vOTU66680	Sex	M	-0.0694100480375736	0.412348115884888	77	17	0.866803242213299	0.981053476988354
HROV-vOTU58926	Age	Age	-0.044254694144174	0.26584211650895	77	23	0.868260388024995	0.981053476988354
HROV-vOTU38942	diagnosis	RA	0.0826263136226737	0.497489357701692	77	51	0.868560855832442	0.981053476988354
HROV-vOTU57826	diagnosis	RA	0.0844087648470878	0.500434741543291	77	27	0.866535123696906	0.981053476988354
HROV-vOTU17514	diagnosis	RA	0.089619165700462	0.540764330572932	77	17	0.868842923711339	0.981053476988354
HROV-vOTU07429	Age	Age	0.018908943857787	0.113740556548068	77	13	0.868435662275865	0.981053476988354
HROV-vOTU17948	Smoking_Status	Never_Smoker	0.160059444091264	0.95148670751588	77	37	0.866888196183101	0.981053476988354
HROV-vOTU55731	Age	Age	0.0557261086307367	0.331827024217709	77	18	0.867110118854024	0.981053476988354
HROV-vOTU09633	Sex	M	0.0830645155967115	0.499057260451056	77	18	0.868281542094444	0.981053476988354
HROV-vOTU73846	Smoking_Status	Former_Smoker	-0.143784925652741	0.85700365201183	77	20	0.867236228412122	0.981053476988354
HROV-vOTU07118	Age	Age	-0.0595069199405813	0.358811245914135	77	23	0.868750566432116	0.981053476988354
HROV-vOTU01659	Age	Age	0.0140700330387922	0.0836320603795357	77	9	0.866874916216466	0.981053476988354
HROV-vOTU71610	Smoking_Status	Former_Smoker	0.218367646618127	1.2961692155102	77	18	0.86669132912882	0.981053476988354
HROV-vOTU25790	Sex	M	0.0775048824384943	0.466804111528875	77	12	0.868602884588074	0.981053476988354
HROV-vOTU23984	diagnosis	RA	0.0770912561404769	0.465721133519296	77	17	0.868996533183716	0.981053476988354
HROV-vOTU58176	diagnosis	RA	0.0810910085225166	0.489940883049427	77	10	0.8690115219311	0.981053476988354
HROV-vOTU02103	Sex	M	-0.16056601044895	0.951995334866685	77	33	0.866541605674392	0.981053476988354
HROV-vOTU49930	Sex	M	0.101124944644713	0.607253658219328	77	29	0.868214522307848	0.981053476988354
HROV-vOTU49930	Age	Age	-0.0393524560679478	0.235397195824268	77	29	0.867707815847089	0.981053476988354
HROV-vOTU32362	Smoking_Status	Never_Smoker	0.078665440002122	0.473408342822617	77	8	0.868496828938572	0.981053476988354
HROV-vOTU63385	Smoking_Status	Former_Smoker	0.143885488740893	0.869381876453295	77	8	0.869018277488598	0.981053476988354
HROV-vOTU38654	diagnosis	RA	0.140324917865855	0.840521942888218	77	28	0.867884167660905	0.981053476988354
HROV-vOTU14589	Smoking_Status	Former_Smoker	0.207467970369953	1.23951323134642	77	23	0.867547995981903	0.981053476988354
HROV-vOTU04055	Smoking_Status	Former_Smoker	0.135517646525411	0.807970371194406	77	8	0.867275668467572	0.981053476988354
HROV-vOTU45031	diagnosis	RA	0.0722413987355635	0.430950122561384	77	18	0.867348687149841	0.981053476988354
HROV-vOTU05957	diagnosis	RA	-0.0481742296110261	0.289896234975915	77	12	0.868489588883699	0.981053476988354
HROV-vOTU22962	diagnosis	RA	0.0467375811875529	0.280342060213774	77	9	0.868067196361462	0.981053476988354
HROV-vOTU38189	Smoking_Status	Former_Smoker	0.0832701821216999	0.498742173975892	77	9	0.86787582608157	0.981053476988354
HROV-vOTU56723	diagnosis	RA	0.0364817810413892	0.216153852168673	77	8	0.866452017425962	0.981053476988354
HROV-vOTU23476	diagnosis	RA	-0.0707113479303752	0.426013159021353	77	14	0.868641332549481	0.981053476988354
HROV-vOTU54313	Age	Age	-0.019077959940211	0.1143315337591	77	12	0.867950400282938	0.981053476988354
HROV-vOTU12129	Smoking_Status	Former_Smoker	0.175933870296439	1.04438051322787	77	9	0.866702241324613	0.981053476988354
HROV-vOTU05049	Age	Age	-0.0226422558402861	0.13388546177869	77	11	0.866185812688403	0.981053476988354
HROV-vOTU14647	Smoking_Status	Former_Smoker	0.0693085477021007	0.412197759157062	77	9	0.866948111879863	0.981053476988354
HROV-vOTU62838	Age	Age	0.0129017159771995	0.0773449855218327	77	8	0.867995750653549	0.981053476988354
HROV-vOTU13955	Age	Age	0.0646375690273712	0.391025217022951	77	15	0.869175410951698	0.981095369277664
HROV-vOTU12004	Smoking_Status	Former_Smoker	-0.1734710219549	1.04947656674163	77	12	0.869183187988371	0.981095369277664
HROV-vOTU33455	Smoking_Status	Former_Smoker	0.137593965481648	0.832092851839116	77	14	0.869131425954662	0.981095369277664
HROV-vOTU03533	diagnosis	RA	-0.114133440686811	0.693192474751549	77	53	0.869688130919675	0.981104448024289
HROV-vOTU35796	Sex	M	-0.120616604092293	0.733232834946645	77	50	0.86980518532727	0.981104448024289
HROV-vOTU36786	Age	Age	-0.0443143896475545	0.268700900621698	77	15	0.869474909864854	0.981104448024289
HROV-vOTU38298	Smoking_Status	Never_Smoker	0.185350911758088	1.12669157241651	77	48	0.869797910644213	0.981104448024289
HROV-vOTU61483	Smoking_Status	Former_Smoker	0.192867848310057	1.16795138952166	77	43	0.869308214969585	0.981104448024289
HROV-vOTU55384	Age	Age	-0.0730475642412298	0.44429189418994	77	50	0.869872849509681	0.981104448024289
HROV-vOTU27668	diagnosis	RA	-0.0914215401971312	0.555025566548631	77	69	0.869635652000003	0.981104448024289
HROV-vOTU14287	diagnosis	RA	0.10002312628614	0.606410625484778	77	45	0.869457645031753	0.981104448024289
HROV-vOTU67925	diagnosis	RA	0.0897861273088095	0.543582401994717	77	45	0.869275775422351	0.981104448024289
HROV-vOTU56041	Smoking_Status	Never_Smoker	-0.0941682118855822	0.572335032282777	77	18	0.869778803726235	0.981104448024289
HROV-vOTU17535	Smoking_Status	Never_Smoker	0.10103778825330299	0.612513160481216	77	24	0.869447284800233	0.981104448024289
HROV-vOTU04983	Smoking_Status	Former_Smoker	0.27615026631674	1.67915920809545	77	36	0.869838332614976	0.981104448024289
HROV-vOTU69811	Smoking_Status	Former_Smoker	0.103368797006783	0.62833216468616	77	8	0.869794794618103	0.981104448024289
HROV-vOTU47637	Sex	M	0.0612388268912691	0.372005675099263	77	16	0.869712441060368	0.981104448024289
HROV-vOTU02279	Smoking_Status	Former_Smoker	0.227295318489432	1.38141819969645	77	33	0.869775439429151	0.981104448024289
HROV-vOTU35278	diagnosis	RA	0.0402911881101487	0.244331314040106	77	8	0.869488222480169	0.981104448024289
HROV-vOTU56634	Sex	M	-0.16808567839081	1.02847714378714	77	22	0.870642928927715	0.981108120233169
HROV-vOTU01559	diagnosis	RA	-0.102662517796726	0.6255342518014	77	27	0.870103203018947	0.981108120233169
HROV-vOTU03137	Smoking_Status	Never_Smoker	-0.222227957881816	1.35829431787275	77	36	0.870504493685023	0.981108120233169
HROV-vOTU03107	Age	Age	0.0385743911838672	0.235243751948627	77	13	0.870215732287196	0.981108120233169
HROV-vOTU16750	Sex	M	0.171625159934082	1.04495939692848	77	46	0.870008111161349	0.981108120233169
HROV-vOTU33173	Smoking_Status	Never_Smoker	-0.122140132772115	0.744254884625649	77	18	0.870110352262157	0.981108120233169
HROV-vOTU43762	diagnosis	RA	0.140444536990689	0.859133622654471	77	28	0.870611025809508	0.981108120233169
HROV-vOTU08820	diagnosis	RA	0.128847549494631	0.787512300439417	77	63	0.870500355074813	0.981108120233169
HROV-vOTU39637	Sex	M	-0.0964327574175761	0.588783933765618	77	22	0.870367368898859	0.981108120233169
HROV-vOTU51983	Smoking_Status	Former_Smoker	-0.2782942112274	1.70273271428892	77	33	0.870636545298264	0.981108120233169
HROV-vOTU25340	diagnosis	RA	-0.062798336036622	0.383980312052254	77	9	0.870553426771426	0.981108120233169
HROV-vOTU34003	Smoking_Status	Former_Smoker	-0.285134450828177	1.74431382067302	77	29	0.870616654160357	0.981108120233169
HROV-vOTU53637	Smoking_Status	Never_Smoker	-0.090142691991542	0.549772710637564	77	21	0.870225693286829	0.981108120233169
HROV-vOTU51830	Age	Age	0.0201906805936985	0.122944532507993	77	16	0.870019915428546	0.981108120233169
HROV-vOTU49542	Age	Age	-0.0421997721522038	0.25813797226611	77	49	0.870606869571463	0.981108120233169
HROV-vOTU66013	Smoking_Status	Former_Smoker	-0.157383100495432	0.958043118546646	77	17	0.869980969054481	0.981108120233169
HROV-vOTU63450	Sex	M	0.065039778649286	0.397454474863186	77	24	0.870478827548011	0.981108120233169
HROV-vOTU56103	diagnosis	RA	-0.0408313663088409	0.24947595462288	77	9	0.870457086717987	0.981108120233169
HROV-vOTU58420	diagnosis	RA	0.0829294495644184	0.507803800439966	77	41	0.870738304559348	0.981119582856391
HROV-vOTU74047	Age	Age	-0.0388638206290738	0.237909425094629	77	14	0.870702606376634	0.981119582856391
HROV-vOTU69623	Sex	M	0.156273023069096	0.957678924323968	77	65	0.870841133449458	0.981139440503939
HROV-vOTU71479	Age	Age	-0.0382406433497879	0.234326928920644	77	57	0.870829666134276	0.981139440503939
HROV-vOTU43692	diagnosis	RA	-0.111554350176965	0.685566766357012	77	71	0.87120237060374	0.981161096790167
HROV-vOTU69302	Sex	M	-0.0565888709002925	0.347375915998249	77	8	0.871056924540567	0.981161096790167
HROV-vOTU36611	Smoking_Status	Former_Smoker	-0.207284722904948	1.27229426686138	77	34	0.871042681685254	0.981161096790167
HROV-vOTU19767	Smoking_Status	Never_Smoker	0.0925913310666378	0.568772441983072	77	72	0.871145035007921	0.981161096790167
HROV-vOTU01546	Smoking_Status	Former_Smoker	0.219443976360336	1.34556278511182	77	25	0.870913142435001	0.981161096790167
HROV-vOTU47867	Smoking_Status	Former_Smoker	0.268646115554517	1.65118729662655	77	61	0.87121780877978	0.981161096790167
HROV-vOTU03486	Sex	M	0.0670516115880765	0.411585682801859	77	10	0.8710517345657	0.981161096790167
HROV-vOTU22834	diagnosis	RA	-0.142709604709868	0.876286460474938	77	39	0.87109347166388	0.981161096790167
HROV-vOTU63227	Smoking_Status	Former_Smoker	0.161183735141326	0.990889883781784	77	16	0.871243787640422	0.981161096790167
HROV-vOTU74783	diagnosis	RA	-0.0646700327626914	0.398045478129394	77	19	0.871398085473209	0.981286876360471
HROV-vOTU57540	Age	Age	0.0573301993176226	0.353889370865559	77	45	0.871765731329702	0.981476847250794
HROV-vOTU29848	diagnosis	RA	-0.105278406337941	0.649608875811543	77	44	0.871715554072824	0.981476847250794
HROV-vOTU70245	Sex	M	-0.146952670866459	0.907503284607638	77	41	0.871820346428164	0.981476847250794
HROV-vOTU46374	Sex	M	0.094039079349659	0.580312499851031	77	21	0.871727530461047	0.981476847250794
HROV-vOTU54557	diagnosis	RA	-0.0617460963702679	0.381318208372186	77	14	0.871822486504972	0.981476847250794
HROV-vOTU18375	Smoking_Status	Former_Smoker	0.088184104383458	0.543709076784715	77	8	0.871617035860495	0.981476847250794
HROV-vOTU35974	Smoking_Status	Never_Smoker	0.191467592722855	1.186651160718	77	55	0.872275054998415	0.981482393262277
HROV-vOTU05373	diagnosis	RA	0.138384671797711	0.859724958173942	77	65	0.872578973837458	0.981482393262277
HROV-vOTU32134	diagnosis	RA	-0.0411504027628079	0.254967838189558	77	75	0.872241094452892	0.981482393262277
HROV-vOTU46010	Age	Age	-0.0420978300761272	0.261460323668662	77	48	0.872542479359133	0.981482393262277
HROV-vOTU16750	Smoking_Status	Never_Smoker	0.218022500575	1.35240294389241	77	46	0.872384911175949	0.981482393262277
HROV-vOTU11662	Smoking_Status	Never_Smoker	-0.169476099191895	1.05167077203347	77	63	0.872433414710377	0.981482393262277
HROV-vOTU64647	Smoking_Status	Former_Smoker	0.162881966005794	1.00829466182835	77	16	0.872125324519171	0.981482393262277
HROV-vOTU04448	Smoking_Status	Never_Smoker	0.104255196286154	0.647139622844617	77	9	0.872470950908687	0.981482393262277
HROV-vOTU42430	Smoking_Status	Never_Smoker	0.1522795984967	0.941750649673722	77	23	0.872002611901455	0.981482393262277
HROV-vOTU13787	Smoking_Status	Never_Smoker	0.142852433379651	0.884906274399156	77	26	0.87221144178310706	0.981482393262277
HROV-vOTU04413	diagnosis	RA	0.0883919955640075	0.548350677427263	77	42	0.872396752187665	0.981482393262277
HROV-vOTU64636	Smoking_Status	Former_Smoker	0.239886838170248	1.4904396698304	77	30	0.872589569918086	0.981482393262277
HROV-vOTU66953	Smoking_Status	Never_Smoker	-0.142054993896083	0.883231884513031	77	58	0.872679764083006	0.981482393262277
HROV-vOTU25949	Smoking_Status	Never_Smoker	0.105381331280453	0.653676600649903	77	26	0.872383299627361	0.981482393262277
HROV-vOTU67701	Age	Age	0.0468348576748676	0.291116359594245	77	22	0.872644645918542	0.981482393262277
HROV-vOTU23303	diagnosis	RA	-0.0672933772323309	0.415857062933033	77	34	0.871908381151187	0.981482393262277
HROV-vOTU73755	diagnosis	RA	0.0793818625040399	0.493546676913562	77	21	0.872676484470146	0.981482393262277
HROV-vOTU10675	diagnosis	RA	-0.0957218131524608	0.595100159338032	77	29	0.872668405710125	0.981482393262277
HROV-vOTU31491	Sex	M	0.071794412042900893	0.444708287121051	77	12	0.872204134738024	0.981482393262277
HROV-vOTU02638	Sex	M	-0.151932718024047	0.941315525453869	77	25	0.872233105372677	0.981482393262277
HROV-vOTU00880	diagnosis	RA	-0.103513878566222	0.643825356204014	77	60	0.872723715280288	0.981483893100157
HROV-vOTU72225	Sex	M	0.0696572027986648	0.433658404400965	77	10	0.872843421550113	0.981509054193476
HROV-vOTU47526	Age	Age	0.0222396938461573	0.13848913926682	77	18	0.872873944374146	0.981509054193476
HROV-vOTU62933	diagnosis	RA	-0.057772595774844	0.359658504949123	77	8	0.872839566037994	0.981509054193476
HROV-vOTU20414	Smoking_Status	Never_Smoker	-0.152442425119753	0.962771718349718	77	75	0.874640713748632	0.981518909125318
HROV-vOTU43842	Smoking_Status	Never_Smoker	0.2446566159121	1.55563039886456	77	41	0.875477130156501	0.981518909125318
HROV-vOTU02293	Smoking_Status	Never_Smoker	0.126601400387165	0.808059028862745	77	76	0.875946866860718	0.981518909125318
HROV-vOTU04196	Smoking_Status	Never_Smoker	0.0682671997938721	0.43149712033309	77	76	0.874740373480907	0.981518909125318
HROV-vOTU35802	diagnosis	RA	-0.0880222636640038	0.55182209654506	77	53	0.87371838770568	0.981518909125318
HROV-vOTU11598	Smoking_Status	Former_Smoker	-0.25135527136818	1.58291559231616	77	67	0.87428310086667	0.981518909125318
HROV-vOTU58984	Smoking_Status	Former_Smoker	-0.319526432816781	2.06369296725837	77	65	0.877392800564001	0.981518909125318
HROV-vOTU75152	diagnosis	RA	-0.069432942756958	0.438207427577409	77	71	0.874553872100764	0.981518909125318
HROV-vOTU70050	Smoking_Status	Never_Smoker	0.0636512399873628	0.402068194972544	77	76	0.874662285656845	0.981518909125318
HROV-vOTU04890	diagnosis	RA	0.0990878486876235	0.629966778143916	77	24	0.87546228433777	0.981518909125318
HROV-vOTU17993	Sex	M	-0.143398251393024	0.928098973944832	77	67	0.877647969954273	0.981518909125318
HROV-vOTU09661	Smoking_Status	Never_Smoker	-0.193002012570377	1.24251223741322	77	61	0.877000289095025	0.981518909125318
HROV-vOTU34254	diagnosis	RA	0.0499051762499548	0.323185474915249	77	11	0.877719436237587	0.981518909125318
HROV-vOTU15990	Smoking_Status	Former_Smoker	0.282798753099369	1.81245862193236	77	44	0.876451803028279	0.981518909125318
HROV-vOTU07207	Age	Age	0.0657869649251555	0.426304749961054	77	21	0.877795963377111	0.981518909125318
HROV-vOTU08294	Sex	M	-0.188015276768344	1.19417993519386	77	65	0.875342617620848	0.981518909125318
HROV-vOTU01210	Age	Age	-0.0672475467265739	0.423364983674262	77	55	0.874245418799617	0.981518909125318
HROV-vOTU69787	Smoking_Status	Never_Smoker	-0.0920571224042917	0.593407454190499	77	32	0.877156595243938	0.981518909125318
HROV-vOTU48856	diagnosis	RA	0.138141707732683	0.873181257488146	77	45	0.874744312093583	0.981518909125318
HROV-vOTU60459	Sex	M	-0.130738264987862	0.831740325014325	77	70	0.875544097298415	0.981518909125318
HROV-vOTU08406	Smoking_Status	Former_Smoker	0.295955677549799	1.86563868031117	77	72	0.874406774022064	0.981518909125318
HROV-vOTU24166	diagnosis	RA	0.0476223874956883	0.302557860744877	77	10	0.87537695303818	0.981518909125318
HROV-vOTU67116	Age	Age	0.0361683665381937	0.22589174907149	77	12	0.873246157234111	0.981518909125318
HROV-vOTU31267	Sex	M	-0.0970336954952944	0.617577944837793	77	63	0.875596423685495	0.981518909125318
HROV-vOTU67635	Sex	M	-0.105178215591216	0.659693568308633	77	58	0.873778883262361	0.981518909125318
HROV-vOTU39607	Sex	M	0.163718383557809	1.04440218450511	77	39	0.875880489623223	0.981518909125318
HROV-vOTU23035	Smoking_Status	Never_Smoker	0.175365249519157	1.0970633730877	77	51	0.87345336333999	0.981518909125318
HROV-vOTU72414	Sex	M	-0.151428886051733	0.952547246253621	77	59	0.874141822422725	0.981518909125318
HROV-vOTU31186	diagnosis	RA	-0.0810767083608586	0.523935568091626	77	38	0.87746096465343	0.981518909125318
HROV-vOTU29426	Sex	M	-0.18422885230607	1.15368029591884	77	53	0.873580305553567	0.981518909125318
HROV-vOTU25750	Sex	M	-0.124132232851708	0.779900171188931	77	63	0.873991358661514	0.981518909125318
HROV-vOTU12943	diagnosis	RA	-0.0883440176018339	0.557291517495533	77	46	0.874494034550963	0.981518909125318
HROV-vOTU01491	diagnosis	RA	0.0995348163264777	0.621189855140246	77	50	0.873152915710423	0.981518909125318
HROV-vOTU17427	Smoking_Status	Never_Smoker	0.166627207776115	1.05992856128417	77	29	0.875528647372168	0.981518909125318
HROV-vOTU18411	Age	Age	0.0508339773132139	0.323139024859566	77	72	0.875444672599208	0.981518909125318
HROV-vOTU07688	Sex	M	-0.105691552943666	0.683983220871271	77	67	0.877635318661787	0.981518909125318
HROV-vOTU10093	Smoking_Status	Former_Smoker	-0.118707413233135	0.766854308434963	77	8	0.877419884549823	0.981518909125318
HROV-vOTU22520	Sex	M	0.0813099082991487	0.511255803459732	77	12	0.87408922442662	0.981518909125318
HROV-vOTU06722	Smoking_Status	Former_Smoker	-0.130116431280581	0.834250937180236	77	22	0.876500872863284	0.981518909125318
HROV-vOTU69959	diagnosis	RA	0.06129029248816	0.397049647198254	77	10	0.877760453147196	0.981518909125318
HROV-vOTU28292	Age	Age	-0.0457501572025456	0.29579186251283	77	36	0.877520245357915	0.981518909125318
HROV-vOTU49449	Sex	M	0.0740575439985499	0.463029735134069	77	15	0.873381527993183	0.981518909125318
HROV-vOTU13727	Smoking_Status	Former_Smoker	0.201377904279407	1.27277794570915	77	29	0.874733226967532	0.981518909125318
HROV-vOTU08951	Sex	M	0.102460770449086	0.66415000043219	77	37	0.877831753324754	0.981518909125318
HROV-vOTU02979	diagnosis	RA	0.0875512278740513	0.560686168772329	77	24	0.876357810400968	0.981518909125318
HROV-vOTU12593	diagnosis	RA	0.093649027213065	0.597173215319707	77	41	0.875831369099702	0.981518909125318
HROV-vOTU37604	Smoking_Status	Former_Smoker	0.187614729339836	1.21426038408499	77	46	0.877646421174797	0.981518909125318
HROV-vOTU52289	Age	Age	0.0308135879550163	0.199031932280124	77	21	0.877404616118052	0.981518909125318
HROV-vOTU18806	Smoking_Status	Former_Smoker	-0.14628002563161	0.920853370425599	77	25	0.874235934023168	0.981518909125318
HROV-vOTU67925	Smoking_Status	Never_Smoker	0.144710482372111	0.928518218886578	77	45	0.876592749087855	0.981518909125318
HROV-vOTU68836	Sex	M	-0.0847362560004722	0.548388403191	77	16	0.877639181737848	0.981518909125318
HROV-vOTU58365	Sex	M	-0.163425441377911	1.02227955311905	77	40	0.87344233631356	0.981518909125318
HROV-vOTU11379	Sex	M	0.0984822093613824	0.63658864226221	77	14	0.877494358066471	0.981518909125318
HROV-vOTU42023	Smoking_Status	Never_Smoker	-0.113602238514164	0.734650119661278	77	11	0.877548226226704	0.981518909125318
HROV-vOTU55544	diagnosis	RA	-0.0957158665198956	0.60379553633676	77	21	0.874494228159796	0.981518909125318
HROV-vOTU67292	Sex	M	-0.101822641584576	0.635697902954626	77	33	0.873198391453028	0.981518909125318
HROV-vOTU22902	Smoking_Status	Never_Smoker	-0.228961468459225	1.4500418194893	77	39	0.874983893035302	0.981518909125318
HROV-vOTU18567	Smoking_Status	Never_Smoker	-0.199560812887932	1.2555479245796899	77	49	0.874164873580345	0.981518909125318
HROV-vOTU18438	Smoking_Status	Former_Smoker	-0.11886444307455	0.751223242012636	77	9	0.87472642891887	0.981518909125318
HROV-vOTU37096	diagnosis	RA	0.0902981702636344	0.562526625618052	77	57	0.872925359651641	0.981518909125318
HROV-vOTU15600	diagnosis	RA	-0.0803849801727071	0.504485802409801	77	11	0.873853084976662	0.981518909125318
HROV-vOTU59729	Sex	M	-0.0889576752325578	0.563907464811148	77	19	0.875099813643905	0.981518909125318
HROV-vOTU18809	diagnosis	RA	-0.0574842935198303	0.372313620285686	77	28	0.877734373927509	0.981518909125318
HROV-vOTU73863	diagnosis	RA	-0.0554409587433777	0.357215972463495	77	16	0.877101742819548	0.981518909125318
HROV-vOTU37067	diagnosis	RA	-0.0645826263277217	0.408874309248455	77	19	0.874942781351126	0.981518909125318
HROV-vOTU36687	Sex	M	0.0795266624693821	0.506068246526145	77	24	0.875575720623304	0.981518909125318
HROV-vOTU62594	diagnosis	RA	-0.105621237466838	0.676272515442628	77	19	0.87633321020546	0.981518909125318
HROV-vOTU55043	Smoking_Status	Former_Smoker	-0.0888811050328279	0.569253612765998	77	8	0.876368750894668	0.981518909125318
HROV-vOTU22959	diagnosis	RA	-0.0611596221772341	0.394430907064996	77	67	0.877215651911225	0.981518909125318
HROV-vOTU74439	Age	Age	-0.0381543783018706	0.246486303696109	77	36	0.877423633375721	0.981518909125318
HROV-vOTU56972	Sex	M	-0.0864658925549701	0.557300142438966	77	8	0.87714220790007	0.981518909125318
HROV-vOTU56972	Age	Age	0.0341097454868727	0.216033100808782	77	8	0.874990656322304	0.981518909125318
HROV-vOTU60075	diagnosis	RA	-0.0611178195280593	0.395498953086939	77	44	0.87762758151711	0.981518909125318
HROV-vOTU15782	Age	Age	-0.0347371877403363	0.22319679359172	77	55	0.876762537757536	0.981518909125318
HROV-vOTU13265	Smoking_Status	Former_Smoker	0.318977638823848	1.99480645150468	77	48	0.873410702710635	0.981518909125318
HROV-vOTU12337	Smoking_Status	Former_Smoker	0.178280510548161	1.12903794462743	77	18	0.874980051782848	0.981518909125318
HROV-vOTU22913	diagnosis	RA	-0.037122183541888	0.236342630728581	77	13	0.875636001053716	0.981518909125318
HROV-vOTU72547	Smoking_Status	Former_Smoker	0.0991714824479378	0.625503381624759	77	10	0.874476144364895	0.981518909125318
HROV-vOTU16199	Sex	M	-0.144957368264483	0.916156537759746	77	67	0.874729956429797	0.981518909125318
HROV-vOTU67216	Sex	M	0.180671567417551	1.16161017421148	77	61	0.876840559230087	0.981518909125318
HROV-vOTU39998	Sex	M	-0.134982276588906	0.872730547193344	77	33	0.877522986128778	0.981518909125318
HROV-vOTU10758	diagnosis	RA	-0.062916229914696	0.393590044464456	77	18	0.873451409267883	0.981518909125318
HROV-vOTU69490	diagnosis	RA	0.0583299013205177	0.368756732746283	77	25	0.874764080978294	0.981518909125318
HROV-vOTU48052	Smoking_Status	Former_Smoker	-0.250673875538831	1.58179745661651	77	33	0.87453314454078	0.981518909125318
HROV-vOTU73417	diagnosis	RA	-0.0655224926880352	0.421804774279614	77	19	0.876995300784242	0.981518909125318
HROV-vOTU47351	Smoking_Status	Never_Smoker	-0.10253128203089899	0.652091318157077	77	14	0.875506292101468	0.981518909125318
HROV-vOTU19199	Smoking_Status	Former_Smoker	0.211114634386942	1.33418428592008	77	35	0.874720830095293	0.981518909125318
HROV-vOTU37867	Sex	M	-0.098892363664111	0.638056293081888	77	44	0.87726894908599	0.981518909125318
HROV-vOTU06941	diagnosis	RA	0.0226569439960378	0.142622395331602	77	8	0.874230461578813	0.981518909125318
HROV-vOTU26189	Smoking_Status	Former_Smoker	0.111345518890147	0.71550880675096	77	12	0.876776312434478	0.981518909125318
HROV-vOTU71610	diagnosis	RA	0.0833081125517458	0.537534333151984	77	18	0.877275304788212	0.981518909125318
HROV-vOTU75354	Sex	M	0.0539746207178185	0.336651304534226	77	9	0.873078006729615	0.981518909125318
HROV-vOTU40268	Smoking_Status	Never_Smoker	0.15026624373655	0.974325391598532	77	17	0.877869148509045	0.981518909125318
HROV-vOTU10652	Smoking_Status	Never_Smoker	-0.0835382253306733	0.537381700906813	77	21	0.876904401671037	0.981518909125318
HROV-vOTU70430	Smoking_Status	Former_Smoker	-0.283099730985337	1.81036972870061	77	40	0.87617986118803	0.981518909125318
HROV-vOTU69300	Sex	M	-0.186062382485123	1.16592222019397	77	35	0.873662001053123	0.981518909125318
HROV-vOTU34094	Age	Age	-0.032198214509317	0.200789484652263	77	19	0.873054384723317	0.981518909125318
HROV-vOTU02199	Smoking_Status	Former_Smoker	-0.137914101603934	0.890572534714167	77	15	0.877371048303417	0.981518909125318
HROV-vOTU57616	Smoking_Status	Former_Smoker	0.160779926778257	1.00796563668529	77	17	0.873720505458846	0.981518909125318
HROV-vOTU02175	diagnosis	RA	-0.0741513833966059	0.47295362312713	77	12	0.8758603575376	0.981518909125318
HROV-vOTU08031	Smoking_Status	Former_Smoker	0.107384956212562	0.679869741755207	77	9	0.874945107649389	0.981518909125318
HROV-vOTU61514	Smoking_Status	Never_Smoker	-0.0754378879065398	0.483268139435699	77	21	0.876397628485021	0.981518909125318
HROV-vOTU71449	Smoking_Status	Former_Smoker	-0.212896656760405	1.33651075910079	77	12	0.873890395506247	0.981518909125318
HROV-vOTU61652	diagnosis	RA	-0.0449740924519497	0.29031594804899	77	14	0.877328430053573	0.981518909125318
HROV-vOTU75446	Smoking_Status	Former_Smoker	0.103803744382096	0.65671968112981	77	8	0.87485506069494	0.981518909125318
HROV-vOTU58282	Age	Age	-0.0328969947658911	0.210085003436643	77	14	0.876013207676558	0.981518909125318
HROV-vOTU53050	Age	Age	-0.0376800570166615	0.242611630488947	77	10	0.877017487864378	0.981518909125318
HROV-vOTU00181	Smoking_Status	Former_Smoker	-0.13864928317128	0.89238889786592	77	18	0.876971546186315	0.981518909125318
HROV-vOTU14654	diagnosis	RA	-0.0219872626041776	0.137438525306474	77	8	0.873351969524964	0.981518909125318
HROV-vOTU40104	Sex	M	-0.0657419274578826	0.419561390316559	77	9	0.875932278581328	0.981518909125318
HROV-vOTU39835	Smoking_Status	Former_Smoker	0.120091129598149	0.768085314100016	77	11	0.876199853151077	0.981518909125318
HROV-vOTU66601	diagnosis	RA	0.0762562029018893	0.486360253698692	77	16	0.875855708770128	0.981518909125318
HROV-vOTU01791	Smoking_Status	Former_Smoker	0.150381461541751	0.957962293341802	77	11	0.875705716295189	0.981518909125318
HROV-vOTU20955	diagnosis	RA	-0.0530175983952419	0.335245979152501	77	10	0.874791187706558	0.981518909125318
HROV-vOTU74482	Age	Age	0.0329108329855524	0.208802851036447	77	17	0.875206179553023	0.981518909125318
HROV-vOTU53240	Age	Age	-0.0198557306436268	0.127558015332351	77	10	0.87674243651952	0.981518909125318
HROV-vOTU68219	Sex	M	0.0368899456317701	0.236071952442523	77	10	0.876267077147815	0.981518909125318
HROV-vOTU66553	Smoking_Status	Never_Smoker	-0.130144769386625	0.845314724556417	77	24	0.878077951256657	0.981581626595908
HROV-vOTU06938	Age	Age	-0.0317899826890926	0.206529585260415	77	12	0.878105871506534	0.981581626595908
HROV-vOTU30481	Age	Age	0.0453576884946491	0.294814950467705	77	26	0.878163384267105	0.981581626595908
HROV-vOTU70281	Age	Age	-0.056266649963056	0.365774021097102	77	48	0.878180974137303	0.981581626595908
HROV-vOTU02798	diagnosis	RA	0.0977424589201238	0.634879967625524	77	39	0.878082587460812	0.981581626595908
HROV-vOTU03584	Smoking_Status	Former_Smoker	0.0811048305912219	0.526400432079439	77	10	0.877988187881974	0.981581626595908
HROV-vOTU58254	diagnosis	RA	-0.0733178976926336	0.477189702713615	77	15	0.878325381011746	0.981695390667339
HROV-vOTU48102	Sex	M	0.109810362726664	0.719703882628517	77	32	0.879164522893109	0.98173682488886
HROV-vOTU06975	diagnosis	RA	0.0388434370841344	0.253140947841722	77	77	0.87848195280143	0.98173682488886
HROV-vOTU67176	Smoking_Status	Never_Smoker	-0.157548265605897	1.02980974693135	77	39	0.878841906513039	0.98173682488886
HROV-vOTU35575	diagnosis	RA	0.046647729311195	0.305224021647691	77	14	0.878964963879229	0.98173682488886
HROV-vOTU01193	Sex	M	-0.0856378432112123	0.55956712710716106	77	18	0.878798472680628	0.98173682488886
HROV-vOTU37593	Smoking_Status	Never_Smoker	0.192027122946501	1.25708028706014	77	23	0.879023634017102	0.98173682488886
HROV-vOTU34003	Sex	M	-0.145864323793995	0.954745186243673	77	29	0.879006485102408	0.98173682488886
HROV-vOTU50485	Sex	M	-0.140370216342593	0.919715622757869	77	37	0.879128099342284	0.98173682488886
HROV-vOTU41535	Age	Age	-0.0296964662953386	0.193858138147674	77	14	0.878685675317087	0.98173682488886
HROV-vOTU50006	Smoking_Status	Former_Smoker	-0.126519236816675	0.824997598243546	77	16	0.878551710075162	0.98173682488886
HROV-vOTU14490	Sex	M	-0.134251016865761	0.878865892906323	77	36	0.879024901400115	0.98173682488886
HROV-vOTU22906	Sex	M	-0.10692345192134	0.698440368512366	77	36	0.878762443162154	0.98173682488886
HROV-vOTU06882	Age	Age	0.0382748698490846	0.250843120226546	77	35	0.879158436414678	0.98173682488886
HROV-vOTU42350	diagnosis	RA	-0.091388159694427	0.598452631212918	77	40	0.879062155950807	0.98173682488886
HROV-vOTU05388	diagnosis	RA	-0.118480134036012	0.774511172211645	77	24	0.878852639036493	0.98173682488886
HROV-vOTU60061	Smoking_Status	Never_Smoker	-0.0913155374619218	0.597808345382596	77	10	0.87902829155559	0.98173682488886
HROV-vOTU35803	diagnosis	RA	0.0860374078966231	0.563931505068461	77	20	0.879172395853576	0.98173682488886
HROV-vOTU70637	Smoking_Status	Never_Smoker	-0.0648895124738992	0.425195634338569	77	9	0.879137954465693	0.98173682488886
HROV-vOTU74336	Age	Age	0.0169897981612266	0.111139971242569	77	10	0.878935612217179	0.98173682488886
HROV-vOTU60720	Smoking_Status	Never_Smoker	0.0744754587885604	0.48844433447025	77	9	0.879244929702048	0.981770217262457
HROV-vOTU43115	Sex	M	0.0915485565211783	0.600856096211846	77	19	0.879332372138568	0.981820252610842
HROV-vOTU11477	Smoking_Status	Former_Smoker	0.145197709135384	0.95333385283666	77	8	0.879378202697152	0.981823823537859
HROV-vOTU12311	Smoking_Status	Never_Smoker	0.206588403899572	1.35725103592453	77	55	0.879452306433419	0.981858959528876
HROV-vOTU23807	Smoking_Status	Never_Smoker	0.164139738135972	1.07965790398264	77	58	0.879594935522525	0.981861980713672
HROV-vOTU70727	diagnosis	RA	0.0650405077325958	0.427950323452263	77	25	0.879632617279208	0.981861980713672
HROV-vOTU37178	Smoking_Status	Former_Smoker	-0.205830977574662	1.35470276106236	77	26	0.879666669326415	0.981861980713672
HROV-vOTU50006	Age	Age	0.0266140081789045	0.175043780730716	77	16	0.879585022935537	0.981861980713672
HROV-vOTU02275	diagnosis	RA	-0.102576467011744	0.675128623027143	77	11	0.879668182721024	0.981861980713672
HROV-vOTU01728	Age	Age	0.0392758762108988	0.260115704473658	77	75	0.880408736917541	0.981876750718041
HROV-vOTU29517	Smoking_Status	Former_Smoker	0.183522089803326	1.20943812007445	77	19	0.879821085914526	0.981876750718041
HROV-vOTU08935	Age	Age	-0.0475663024709416	0.31409947319408	77	46	0.880060420296269	0.981876750718041
HROV-vOTU28797	diagnosis	RA	0.0433501299803359	0.286493137821004	77	10	0.88015793994612	0.981876750718041
HROV-vOTU64657	Smoking_Status	Never_Smoker	0.159457021624665	1.05565890193546	77	32	0.880364810358872	0.981876750718041
HROV-vOTU56685	Smoking_Status	Former_Smoker	-0.343187130036069	2.26850824615576	77	37	0.880181362636366	0.981876750718041
HROV-vOTU00965	Sex	M	0.101683060718214	0.673621879966015	77	23	0.880443403471936	0.981876750718041
HROV-vOTU13650	Smoking_Status	Never_Smoker	0.0817356886670038	0.541296829641359	77	13	0.880404109650301	0.981876750718041
HROV-vOTU15132	Sex	M	0.152467254999618	1.00701694536856	77	56	0.880085733888661	0.981876750718041
HROV-vOTU39751	Age	Age	0.0250477899964965	0.165968723095552	77	22	0.880467785907308	0.981876750718041
HROV-vOTU71761	diagnosis	RA	0.0283135440899004	0.187645353604408	77	8	0.880491474417238	0.981876750718041
HROV-vOTU63177	Sex	M	-0.116234327594465	0.766053153510044	77	35	0.879829100554693	0.981876750718041
HROV-vOTU37931	diagnosis	RA	-0.0654606901837866	0.432797810874554	77	26	0.880207396572364	0.981876750718041
HROV-vOTU52675	Smoking_Status	Former_Smoker	0.0923929382743732	0.61179613635135	77	8	0.880388858892246	0.981876750718041
HROV-vOTU01040	diagnosis	RA	0.066422893483165	0.437927088302499	77	26	0.879872890737822	0.981876750718041
HROV-vOTU68499	diagnosis	RA	-0.0486079392339379	0.320975521465115	77	11	0.8800595677706	0.981876750718041
HROV-vOTU58551	diagnosis	RA	-0.0325865600112068	0.21553163109477	77	8	0.880253377007848	0.981876750718041
HROV-vOTU23806	Smoking_Status	Never_Smoker	-0.111720406869714	0.73726074818913	77	13	0.879983882103807	0.981876750718041
HROV-vOTU12428	Sex	M	-0.0743146788936538	0.491794747907239	77	10	0.880318144079557	0.981876750718041
HROV-vOTU09621	diagnosis	RA	-0.0788980850194642	0.523799708004932	77	27	0.880697522600627	0.981925500318587
HROV-vOTU08786	Smoking_Status	Former_Smoker	-0.212665381115696	1.41295491701344	77	15	0.880788188627645	0.981925500318587
HROV-vOTU56004	Age	Age	0.0347499791457391	0.230885370769885	77	18	0.880791011097758	0.981925500318587
HROV-vOTU63599	Smoking_Status	Former_Smoker	0.0982237485956984	0.65233573706465	77	9	0.88074000790311	0.981925500318587
HROV-vOTU07230	Smoking_Status	Never_Smoker	0.0880786708515075	0.585208847721456	77	17	0.880790538027616	0.981925500318587
HROV-vOTU32309	Smoking_Status	Former_Smoker	-0.114548180640937	0.760372600785009	77	15	0.880681021770845	0.981925500318587
HROV-vOTU65887	Smoking_Status	Never_Smoker	0.237967833512668	1.58245328305486	77	34	0.880891965270034	0.981990510681489
HROV-vOTU21661	Age	Age	-0.0492877789297505	0.328605022841796	77	34	0.881197035041293	0.982162302583174
HROV-vOTU57371	diagnosis	RA	0.0964991553578183	0.643871341645531	77	32	0.88128947494768906	0.982162302583174
HROV-vOTU47090	Smoking_Status	Never_Smoker	-0.117580099333266	0.78477440397771	77	14	0.881326206065356	0.982162302583174
HROV-vOTU05518	diagnosis	RA	-0.0671649085573504	0.448354226376825	77	22	0.881344600311936	0.982162302583174
HROV-vOTU14058	Smoking_Status	Former_Smoker	0.101271961256587	0.675852471787377	77	8	0.881313101130536	0.982162302583174
HROV-vOTU46802	Age	Age	-0.0524568473320646	0.350073930783867	77	18	0.881311717750079	0.982162302583174
HROV-vOTU21069	Sex	M	-0.0957796590245427	0.63813307524089	77	15	0.881116383584637	0.982162302583174
HROV-vOTU58977	Smoking_Status	Never_Smoker	0.132027265860319	0.882859280250664	77	56	0.881547523872543	0.982245850054897
HROV-vOTU54379	Sex	M	-0.0658072639157305	0.440033830908916	77	21	0.881543294546246	0.982245850054897
HROV-vOTU06299	Sex	M	-0.0966746030876504	0.646119584524313	77	11	0.881485966528333	0.982245850054897
HROV-vOTU34622	Age	Age	-0.0405734517744356	0.272225139992168	77	72	0.881941657825553	0.982316550046463
HROV-vOTU21560	Age	Age	0.0552125313769777	0.37110348045645	77	41	0.882149522497701	0.982316550046463
HROV-vOTU28343	Smoking_Status	Never_Smoker	0.180093942531899	1.21073586757147	77	52	0.882174550547459	0.982316550046463
HROV-vOTU17187	Smoking_Status	Never_Smoker	0.194547882732104	1.30440176867071	77	68	0.881860310362267	0.982316550046463
HROV-vOTU10654	diagnosis	RA	-0.0937903606787979	0.628632641741383	77	64	0.88182084563642	0.982316550046463
HROV-vOTU03969	diagnosis	RA	0.0956428530748664	0.640780712447463	77	73	0.881771731912816	0.982316550046463
HROV-vOTU50340	Smoking_Status	Former_Smoker	-0.211570769736736	1.42275684075394	77	23	0.882208128728224	0.982316550046463
HROV-vOTU58942	Age	Age	0.0195557074811599	0.131219607291065	77	8	0.88195216039018	0.982316550046463
HROV-vOTU14490	Smoking_Status	Former_Smoker	-0.239035050528102	1.60568279956048	77	36	0.882079689773359	0.982316550046463
HROV-vOTU10512	Age	Age	0.0226537022468426	0.152265753305794	77	10	0.882151052063841	0.982316550046463
HROV-vOTU03088	Age	Age	0.0325095744462705	0.218554202764292	77	15	0.882173897512414	0.982316550046463
HROV-vOTU02549	Smoking_Status	Former_Smoker	0.140147489585925	0.941460560019332	77	11	0.882084713277072	0.982316550046463
HROV-vOTU32179	Sex	M	-0.0645455977202293	0.43243911507183	77	10	0.881772119611369	0.982316550046463
HROV-vOTU13792	diagnosis	RA	-0.0630182677583694	0.42344721089266	77	9	0.882115971120698	0.982316550046463
HROV-vOTU10515	Smoking_Status	Never_Smoker	0.213107178374346	1.43381733303201	77	39	0.882267535817017	0.982335203532484
HROV-vOTU38220	Age	Age	0.0422285419403194	0.284800949844118	77	65	0.88254693502927	0.98239281048236
HROV-vOTU30514	Smoking_Status	Former_Smoker	-0.132497163080802	0.8929222690686	77	27	0.882458780312323	0.98239281048236
HROV-vOTU16313	Sex	M	0.114794018930415	0.774140637792147	77	39	0.882537608505879	0.98239281048236
HROV-vOTU20279	diagnosis	RA	-0.0745563983281166	0.502583680635166	77	28	0.882490042763322	0.98239281048236
HROV-vOTU21529	Smoking_Status	Former_Smoker	-0.168629437168817	1.13640959864101	77	25	0.882457283506117	0.98239281048236
HROV-vOTU21294	diagnosis	RA	-0.0682637568522327	0.460501343208784	77	10	0.882575217059489	0.98239281048236
HROV-vOTU11572	Smoking_Status	Former_Smoker	-0.104198207872565	0.703545027503336	77	19	0.882680088863403	0.982416324714918
HROV-vOTU23863	Age	Age	0.0505219888759882	0.341128449558076	77	31	0.882681658315288	0.982416324714918
HROV-vOTU36027	Sex	M	-0.106245045031073	0.719457051511577	77	60	0.883018683479884	0.98254423874849794
HROV-vOTU59949	diagnosis	RA	-0.084544882382896	0.571733860197051	77	63	0.88286093167796	0.98254423874849794
HROV-vOTU24412	Smoking_Status	Never_Smoker	0.0948217535065796	0.641582267452059	77	10	0.882924576870231	0.98254423874849794
HROV-vOTU09621	Sex	M	0.102042922835586	0.69132713187897	77	27	0.88307335632913	0.98254423874849794
HROV-vOTU46324	Smoking_Status	Former_Smoker	0.210579246123198	1.42849061787682	77	35	0.883223223211959	0.98254423874849794
HROV-vOTU23687	Sex	M	0.11028280914426	0.747633711188256	77	34	0.883148256519235	0.98254423874849794
HROV-vOTU48052	Sex	M	0.127674744467865	0.865792318686327	77	33	0.883182352222798	0.98254423874849794
HROV-vOTU40101	Smoking_Status	Never_Smoker	-0.106628520874512	0.722895587640459	77	12	0.883153900872234	0.98254423874849794
HROV-vOTU58551	Smoking_Status	Former_Smoker	0.0767911331092418	0.519716505465992	77	8	0.882954292958536	0.98254423874849794
HROV-vOTU17189	Sex	M	0.0447361474413058	0.303277953575997	77	8	0.883148578136389	0.98254423874849794
HROV-vOTU43686	Sex	M	0.124316344423588	0.844630756486123	77	62	0.883403746049019	0.982598731586238
HROV-vOTU35802	Sex	M	0.106311182762046	0.728311951079485	77	53	0.884359267345673	0.982598731586238
HROV-vOTU74699	Sex	M	-0.111333947558082	0.761044682756844	77	18	0.88410628243262	0.982598731586238
HROV-vOTU70059	Age	Age	0.0608781818611349	0.414574204815223	77	68	0.883670475493427	0.982598731586238
HROV-vOTU65965	diagnosis	RA	0.0606387717916569	0.413403565823393	77	77	0.883798899517457	0.982598731586238
HROV-vOTU50049	Smoking_Status	Never_Smoker	0.185992872767444	1.27138289770148	77	56	0.884105624028041	0.982598731586238
HROV-vOTU08373	Smoking_Status	Former_Smoker	-0.117190705053331	0.79970407034754	77	30	0.88390836964376	0.982598731586238
HROV-vOTU53328	Sex	M	-0.20210072941834	1.38379332399568	77	24	0.884297090035596	0.982598731586238
HROV-vOTU07258	diagnosis	RA	-0.113749312091762	0.774487361095124	77	26	0.883650517954413	0.982598731586238
HROV-vOTU69775	Age	Age	-0.0416729001454271	0.283638356201488	77	16	0.883609467891241	0.982598731586238
HROV-vOTU16763	Smoking_Status	Former_Smoker	0.104051318085202	0.712968385644864	77	75	0.884381524460249	0.982598731586238
HROV-vOTU53011	Smoking_Status	Never_Smoker	0.13736115557968	0.9404848089606	77	74	0.884292989995377	0.982598731586238
HROV-vOTU33700	Age	Age	0.0452592458364219	0.30967656044451	77	44	0.884217096711272	0.982598731586238
HROV-vOTU18912	diagnosis	RA	-0.045976953896533	0.313371778223021	77	15	0.88377123571082306	0.982598731586238
HROV-vOTU09968	Sex	M	0.0988011294156006	0.674197695066579	77	40	0.883905507501023	0.982598731586238
HROV-vOTU62550	Sex	M	0.116428334064204	0.792343688229388	77	18	0.883594484351742	0.982598731586238
HROV-vOTU25340	Sex	M	-0.0744693408732803	0.506789148165347	77	9	0.883593121328344	0.982598731586238
HROV-vOTU48198	Age	Age	-0.0359467923389475	0.244537267734717	77	25	0.88354923972187	0.982598731586238
HROV-vOTU55067	Smoking_Status	Never_Smoker	-0.161461255078555	1.10432039887741	77	46	0.88417096666054	0.982598731586238
HROV-vOTU49736	Sex	M	0.132367672372806	0.903201992795331	77	53	0.883899562980789	0.982598731586238
HROV-vOTU63642	Smoking_Status	Former_Smoker	0.222373676703415	1.51158516878912	77	16	0.883459856261261	0.982598731586238
HROV-vOTU24158	Sex	M	0.105944463493096	0.725198156277336	77	37	0.884264042672864	0.982598731586238
HROV-vOTU58189	diagnosis	RA	-0.02638491089579	0.180367848761961	77	10	0.884111831467282	0.982598731586238
HROV-vOTU55684	diagnosis	RA	0.0436882795106121	0.296812346751942	77	13	0.883397978517439	0.982598731586238
HROV-vOTU14043	Sex	M	0.0849322906851253	0.581452937556742	77	9	0.884280790735821	0.982598731586238
HROV-vOTU60901	Smoking_Status	Former_Smoker	0.144855032135349	0.989616978758266	77	9	0.884040297035274	0.982598731586238
HROV-vOTU06241	Smoking_Status	Never_Smoker	0.113122752232094	0.776529618513681	77	73	0.884588924014402	0.982639538879591
HROV-vOTU75676	diagnosis	RA	0.0919573811230793	0.631174821429501	77	46	0.884577052823634	0.982639538879591
HROV-vOTU27418	diagnosis	RA	-0.0478562335232954	0.328222424562987	77	13	0.88448906211499	0.982639538879591
HROV-vOTU32667	Smoking_Status	Former_Smoker	-0.107598771832822	0.738376122134364	77	9	0.884552578496175	0.982639538879591
HROV-vOTU60898	Sex	M	0.0607674898552187	0.417495251302178	77	10	0.884687080155219	0.982701174744355
HROV-vOTU52476	Smoking_Status	Former_Smoker	-0.250166945964764	1.72026753353989	77	50	0.884788747539734	0.982766704728469
HROV-vOTU04737	Sex	M	0.0853662558728728	0.587342073267956	77	20	0.884851631978776	0.982789152856098
HROV-vOTU60948	Smoking_Status	Never_Smoker	0.162362852904696	1.11852726469673	77	41	0.884997651188022	0.982856532133874
HROV-vOTU12871	Smoking_Status	Former_Smoker	0.141534166058448	0.974839008297787	77	14	0.884974434924206	0.982856532133874
HROV-vOTU42965	Age	Age	0.0349958794942364	0.241363009235717	77	26	0.885127435897596	0.982953266887917
HROV-vOTU37447	Age	Age	-0.0455427039432243	0.315519345379508	77	62	0.885639324532503	0.982964983095949
HROV-vOTU13869	Sex	M	-0.143017006738724	0.990419962234428	77	30	0.88559343172276	0.982964983095949
HROV-vOTU21336	diagnosis	RA	-0.0639670956479384	0.442740053893795	77	47	0.885530761310378	0.982964983095949
HROV-vOTU47485	Smoking_Status	Never_Smoker	-0.113527003155712	0.785123130525144	77	8	0.885438184516318	0.982964983095949
HROV-vOTU43810	Sex	M	-0.154986611411577	1.07384806923404	77	62	0.885650169311374	0.982964983095949
HROV-vOTU45611	Age	Age	0.0267036794706154	0.184943043519375	77	26	0.885602637142298	0.982964983095949
HROV-vOTU14126	Smoking_Status	Former_Smoker	0.0778610826999974	0.539017125897932	77	8	0.885554299259045	0.982964983095949
HROV-vOTU52970	Smoking_Status	Former_Smoker	-0.11760053290462	0.812655872345531	77	12	0.885348777049768	0.982964983095949
HROV-vOTU21431	Age	Age	0.0482941058124136	0.333926040085058	77	62	0.885416588877659	0.982964983095949
HROV-vOTU63708	Age	Age	0.0397189954361201	0.274652422605396	77	34	0.885424191290237	0.982964983095949
HROV-vOTU10976	Age	Age	-0.0273820839950628	0.189640023169911	77	10	0.885601749799105	0.982964983095949
HROV-vOTU25647	Age	Age	-0.0305549677080935	0.21140776764262	77	11	0.885490692825554	0.982964983095949
HROV-vOTU08280	Smoking_Status	Former_Smoker	0.18661217624062	1.2934992739864	77	36	0.885696581873985	0.982969123442624
HROV-vOTU41452	Smoking_Status	Former_Smoker	0.122770135314012	0.853182514288432	77	74	0.885989703555525	0.983068823605693
HROV-vOTU51944	Age	Age	0.0531290911857093	0.369073381729178	77	57	0.885945671893162	0.983068823605693
HROV-vOTU29204	Smoking_Status	Former_Smoker	0.150028359903412	1.041577818565	77	36	0.885877332077071	0.983068823605693
HROV-vOTU20694	Smoking_Status	Former_Smoker	-0.108778239935049	0.75629973233260706	77	10	0.886042534588943	0.983068823605693
HROV-vOTU34253	Smoking_Status	Former_Smoker	-0.0854832028533127	0.594303440496124	77	9	0.886036160804567	0.983068823605693
HROV-vOTU15078	Sex	M	0.0481974946571741	0.335075243518901	77	11	0.886033664237859	0.983068823605693
HROV-vOTU03488	Smoking_Status	Former_Smoker	-0.149055892170363	1.03936068860363	77	76	0.88637173963206	0.983102541115697
HROV-vOTU70727	Sex	M	0.0811697946056534	0.564822135594136	77	25	0.886137691678559	0.983102541115697
HROV-vOTU27032	Smoking_Status	Never_Smoker	-0.191861618742412	1.33721998595393	77	56	0.886319143258727	0.983102541115697
HROV-vOTU15938	Smoking_Status	Never_Smoker	0.12143137719037	0.845519837438155	77	17	0.886209427664147	0.983102541115697
HROV-vOTU25614	Smoking_Status	Former_Smoker	0.140225399257403	0.976972093436765	77	11	0.88627773165906	0.983102541115697
HROV-vOTU20188	Smoking_Status	Never_Smoker	0.105537586097585	0.735661684647502	77	9	0.886333757974779	0.983102541115697
HROV-vOTU53240	Smoking_Status	Former_Smoker	0.0862718161634963	0.601192775010925	77	10	0.886300960676256	0.983102541115697
HROV-vOTU43603	Sex	M	0.0440198172455878	0.307320736898759	77	76	0.886508454446123	0.983112134920509
HROV-vOTU01872	Smoking_Status	Never_Smoker	0.144321081498096	1.00722191209495	77	19	0.886469977203514	0.983112134920509
HROV-vOTU12458	Age	Age	-0.0165393116860329	0.115417717399359	77	12	0.886459504018375	0.983112134920509
HROV-vOTU15022	Age	Age	-0.0313983762095736	0.219296311756978	77	13	0.886555289809775	0.983116733644025
HROV-vOTU27110	Age	Age	0.0206343443323615	0.1442752722666	77	10	0.886678985892109	0.983159222200061
HROV-vOTU31635	Smoking_Status	Former_Smoker	0.110404639095949	0.771867894099474	77	10	0.88666717540865	0.983159222200061
HROV-vOTU33206	Sex	M	-0.100303079144315	0.702410775372225	77	23	0.886853940789172	0.983161487433335
HROV-vOTU70220	Smoking_Status	Never_Smoker	-0.107814614717457	0.755675861700634	77	18	0.886952481409904	0.983161487433335
HROV-vOTU39652	Smoking_Status	Never_Smoker	0.117099130525321	0.820476772410164	77	67	0.886914914396341	0.983161487433335
HROV-vOTU75805	Age	Age	-0.049531693264176	0.346907737240709	77	55	0.886867888895725	0.983161487433335
HROV-vOTU14813	Smoking_Status	Former_Smoker	-0.308071838944211	2.15977508654467	77	47	0.886977971208237	0.983161487433335
HROV-vOTU23542	Smoking_Status	Former_Smoker	0.163281024913829	1.14472076297624	77	60	0.886979862110395	0.983161487433335
HROV-vOTU35173	Smoking_Status	Former_Smoker	0.245155389193239	1.71527361633945	77	42	0.886754299745338	0.983161487433335
HROV-vOTU07014	Sex	M	0.145244359493647	1.0226750604183	77	68	0.88746332353003	0.983224146865666
HROV-vOTU65967	Smoking_Status	Never_Smoker	0.1001531245793	0.705041183663495	77	64	0.887440568748871	0.983224146865666
HROV-vOTU48217	Smoking_Status	Never_Smoker	0.0625385566276062	0.440047888105093	77	10	0.887389616037067	0.983224146865666
HROV-vOTU26731	diagnosis	RA	-0.083581817731754	0.587373095723739	77	64	0.887247925597186	0.983224146865666
HROV-vOTU60071	diagnosis	RA	-0.128958109998662	0.90700524221928	77	42	0.887340430180413	0.983224146865666
HROV-vOTU20117	Smoking_Status	Never_Smoker	-0.190055125203524	1.33435477640016	77	27	0.887142027015374	0.983224146865666
HROV-vOTU59806	Sex	M	0.0802244746776855	0.563715283812492	77	24	0.887235210279143	0.983224146865666
HROV-vOTU12009	Age	Age	0.0253358217084104	0.178342551061243	77	26	0.887432845311387	0.983224146865666
HROV-vOTU06473	diagnosis	RA	-0.0524254654077951	0.36837129317064	77	12	0.887232774896253	0.983224146865666
HROV-vOTU23394	Smoking_Status	Former_Smoker	0.124824010393848	0.877602487674	77	8	0.887298833291895	0.983224146865666
HROV-vOTU51859	Smoking_Status	Never_Smoker	-0.119495824214775	0.843573764395064	77	75	0.887754273634992	0.983271562519114
HROV-vOTU49200	Age	Age	-0.0338827713750227	0.241778517144116	77	75	0.888946409609881	0.983271562519114
HROV-vOTU70488	Sex	M	-0.0818505650276801	0.583095889498339	77	52	0.888763244600099	0.983271562519114
HROV-vOTU34553	Smoking_Status	Former_Smoker	-0.259206761768293	1.86447368703573	77	35	0.88982469725906	0.983271562519114
HROV-vOTU02362	Smoking_Status	Former_Smoker	-0.101490783069065	0.722977984436322	77	75	0.888758199420351	0.983271562519114
HROV-vOTU30964	Age	Age	0.0193813187181631	0.137365442076541	77	25	0.888195933948807	0.983271562519114
HROV-vOTU43245	Sex	M	0.0707753780575755	0.506461998046568	77	75	0.889257374771752	0.983271562519114
HROV-vOTU01892	diagnosis	RA	-0.129413261107869	0.914576764411869	77	43	0.887875130625299	0.983271562519114
HROV-vOTU29992	Age	Age	-0.0486839856842437	0.349342652912275	77	70	0.889561150011732	0.983271562519114
HROV-vOTU65727	Sex	M	-0.0927572897724833	0.665513840353771	77	72	0.889546888908425	0.983271562519114
HROV-vOTU00231	Sex	M	-0.0942144377976221	0.668766105736066	77	69	0.888365248728809	0.983271562519114
HROV-vOTU56571	Sex	M	0.114330054930026	0.821256801944893	77	62	0.8896755530222	0.983271562519114
HROV-vOTU71326	Sex	M	-0.108474514080707	0.782299771515155	77	62	0.890110531280872	0.983271562519114
HROV-vOTU13294	diagnosis	RA	-0.0430843614693798	0.30605916677497	77	32	0.888449204827144	0.983271562519114
HROV-vOTU05381	Smoking_Status	Never_Smoker	0.137956860322404	0.979488577769263	77	67	0.888390595117541	0.983271562519114
HROV-vOTU40842	Sex	M	0.0890816260768322	0.638424561917732	77	64	0.889423625534206	0.983271562519114
HROV-vOTU69424	Age	Age	0.0429793814352824	0.308340989384354	77	39	0.889537302451357	0.983271562519114
HROV-vOTU70413	Sex	M	0.12268536617937	0.881621136450896	77	66	0.889718615198737	0.983271562519114
HROV-vOTU46022	Age	Age	0.0512340313290171	0.368815667055927	77	42	0.889910582930289	0.983271562519114
HROV-vOTU51492	Smoking_Status	Former_Smoker	-0.239241142708783	1.72518166122888	77	59	0.890098834694407	0.983271562519114
HROV-vOTU08686	Smoking_Status	Never_Smoker	-0.103234469831197	0.729400227000536	77	12	0.887849427837125	0.983271562519114
HROV-vOTU29783	Smoking_Status	Former_Smoker	-0.142748956884996	1.02533047646648	77	11	0.889668576118621	0.983271562519114
HROV-vOTU39920	Age	Age	-0.0298097259385055	0.213138817091697	77	16	0.889166119132343	0.983271562519114
HROV-vOTU05179	Age	Age	0.0446451523492307	0.318387248808552	77	49	0.888880999531889	0.983271562519114
HROV-vOTU66623	Smoking_Status	Former_Smoker	-0.0947676615437205	0.683313046751223	77	10	0.890088924398826	0.983271562519114
HROV-vOTU63216	diagnosis	RA	0.086543892987003	0.62179885133127	77	47	0.889699505825206	0.983271562519114
HROV-vOTU00724	Age	Age	0.0401760913787821	0.288238683109766	77	46	0.889540708820247	0.983271562519114
HROV-vOTU34588	Sex	M	0.115357818056555	0.827845806264712	77	56	0.889570479804305	0.983271562519114
HROV-vOTU05982	diagnosis	RA	-0.0483246358249956	0.346658673653478	77	56	0.889527796164979	0.983271562519114
HROV-vOTU41251	diagnosis	RA	-0.0640094299261015	0.455080197802393	77	12	0.888540571156073	0.983271562519114
HROV-vOTU10071	Smoking_Status	Former_Smoker	0.21155756385356	1.52323608489985	77	41	0.889932700025941	0.983271562519114
HROV-vOTU59392	diagnosis	RA	0.0586662361804631	0.418878647194183	77	12	0.889012742413711	0.983271562519114
HROV-vOTU74783	Smoking_Status	Never_Smoker	0.0951298147605255	0.67991987421284	77	19	0.889124664980848	0.983271562519114
HROV-vOTU22387	diagnosis	RA	-0.0708677168774128	0.503493582189947	77	26	0.888464452724547	0.983271562519114
HROV-vOTU07726	Age	Age	-0.0290083986104504	0.20669812551539	77	20	0.888787282069106	0.983271562519114
HROV-vOTU25655	Smoking_Status	Former_Smoker	-0.090448174988174	0.647205228262446	77	9	0.88925168578994	0.983271562519114
HROV-vOTU65619	Age	Age	-0.0573253015042103	0.404590288800721	77	55	0.887728284551553	0.983271562519114
HROV-vOTU73771	Smoking_Status	Former_Smoker	0.176820825635098	1.26527104949603	77	37	0.889253699331225	0.983271562519114
HROV-vOTU39080	diagnosis	RA	-0.0533199991489925	0.37696732641479	77	14	0.887919278375002	0.983271562519114
HROV-vOTU23188	Smoking_Status	Never_Smoker	-0.0799257405323825	0.572984386683888	77	14	0.889457683348248	0.983271562519114
HROV-vOTU74803	Sex	M	0.0665909817645402	0.47956583898604	77	34	0.889956406034702	0.983271562519114
HROV-vOTU36179	Smoking_Status	Former_Smoker	0.109454909499363	0.783207400724842	77	11	0.889251515488953	0.983271562519114
HROV-vOTU57832	diagnosis	RA	-0.0721350093789982	0.517670994983029	77	23	0.889571823555626	0.983271562519114
HROV-vOTU33603	Sex	M	-0.0683991016452218	0.492982533565949	77	28	0.890044055186322	0.983271562519114
HROV-vOTU52072	diagnosis	RA	0.0739946143793898	0.52428226543632	77	16	0.888162914655565	0.983271562519114
HROV-vOTU50822	diagnosis	RA	-0.0991277421231734	0.712564294807697	77	18	0.889753830369635	0.983271562519114
HROV-vOTU51865	diagnosis	RA	0.117140316076246	0.840697174371359	77	30	0.889578253854304	0.983271562519114
HROV-vOTU75194	Smoking_Status	Former_Smoker	-0.191760059324305	1.37673303529089	77	46	0.88961825266098	0.983271562519114
HROV-vOTU52675	Age	Age	-0.0182613896844899	0.129807782436441	77	8	0.888520921173662	0.983271562519114
HROV-vOTU29348	Sex	M	0.0463958257417588	0.33443818091095	77	10	0.890058092553166	0.983271562519114
HROV-vOTU40261	Age	Age	0.0257571742778414	0.185617353493487	77	13	0.890028766810805	0.983271562519114
HROV-vOTU32626	Age	Age	-0.0419631398539624	0.297769192049737	77	21	0.888328218149864	0.983271562519114
HROV-vOTU36674	Sex	M	0.0994915569125213	0.717434781684653	77	14	0.89009813973677	0.983271562519114
HROV-vOTU71676	Smoking_Status	Never_Smoker	-0.0666924436996301	0.477155257073232	77	16	0.889236706382489	0.983271562519114
HROV-vOTU03023	diagnosis	RA	0.0866682557513669	0.619835820772102	77	33	0.889194521825126	0.983271562519114
HROV-vOTU54284	Smoking_Status	Never_Smoker	0.0791670547812639	0.558741795378552	77	8	0.887727659018384	0.983271562519114
HROV-vOTU11788	Smoking_Status	Former_Smoker	0.123924785084577	0.885973859652239	77	9	0.889155512830502	0.983271562519114
HROV-vOTU04632	Smoking_Status	Former_Smoker	-0.126839451507923	0.901211889906798	77	16	0.888471355607092	0.983271562519114
HROV-vOTU31635	Sex	M	-0.0590570864144222	0.422479686610048	77	10	0.889224223260196	0.983271562519114
HROV-vOTU57641	Sex	M	0.0574452304929891	0.41125885156288	77	11	0.889307169649392	0.983271562519114
HROV-vOTU24359	diagnosis	RA	-0.0663495328545225	0.473252761116647	77	13	0.888899788414832	0.983271562519114
HROV-vOTU36422	Age	Age	-0.0325853667786943	0.237992790995954	77	75	0.891483557224181	0.983275192322226
HROV-vOTU35802	Smoking_Status	Former_Smoker	-0.182556212363764	1.33062163636303	77	53	0.891264043337348	0.983275192322226
HROV-vOTU34499	Sex	M	0.103806155159015	0.76062735813419	77	64	0.891832505984701	0.983275192322226
HROV-vOTU02362	diagnosis	RA	0.0406140514095412	0.299826198691637	77	75	0.892632569193611	0.983275192322226
HROV-vOTU49285	Sex	M	0.16252556595303	1.18687178960746	77	43	0.891468890287613	0.983275192322226
HROV-vOTU71437	Age	Age	-0.0609369506403907	0.443630777906458	77	45	0.891135342968216	0.983275192322226
HROV-vOTU27614	Smoking_Status	Former_Smoker	-0.148440385464204	1.09054756824774	77	75	0.892115208426283	0.983275192322226
HROV-vOTU50896	Smoking_Status	Never_Smoker	-0.162475681254912	1.19538203089755	77	59	0.89226958970327	0.983275192322226
HROV-vOTU64653	Sex	M	-0.0675307514194142	0.488317004179389	77	11	0.890400452015449	0.983275192322226
HROV-vOTU23954	Sex	M	-0.17864510361362201	1.29720316298975	77	51	0.890855008885068	0.983275192322226
HROV-vOTU37291	diagnosis	RA	-0.0780293445099071	0.575984891182417	77	44	0.892622708688854	0.983275192322226
HROV-vOTU65887	Age	Age	0.0642523638399996	0.473974908329054	77	34	0.892552192107124	0.983275192322226
HROV-vOTU06193	Sex	M	0.12604855201215	0.914712452473926	77	65	0.890787529145577	0.983275192322226
HROV-vOTU11025	Smoking_Status	Never_Smoker	-0.17559680317045	1.28163323420208	77	58	0.891410527792993	0.983275192322226
HROV-vOTU09933	diagnosis	RA	-0.119309959918251	0.869858451317417	77	58	0.891292382053064	0.983275192322226
HROV-vOTU44842	Sex	M	0.122410328181931	0.898970692804902	77	29	0.892074451535392	0.983275192322226
HROV-vOTU17380	Age	Age	0.0335067871994585	0.24294418655101	77	40	0.890694289989905	0.983275192322226
HROV-vOTU26829	Sex	M	-0.0910186903701807	0.666239262251373	77	35	0.891721273087389	0.983275192322226
HROV-vOTU53264	Smoking_Status	Former_Smoker	0.263252853008683	1.94092217781654	77	60	0.892495329659189	0.983275192322226
HROV-vOTU60097	diagnosis	RA	-0.0471555750683521	0.343178463814252	77	26	0.891096985972184	0.983275192322226
HROV-vOTU24337	Smoking_Status	Former_Smoker	-0.134625466573406	0.975437504405324	77	72	0.890618868792771	0.983275192322226
HROV-vOTU26876	Smoking_Status	Never_Smoker	0.13479842784193	0.990646973701662	77	37	0.892150146165628	0.983275192322226
HROV-vOTU39425	diagnosis	RA	0.0804882634138407	0.594030026993273	77	35	0.892603715196509	0.983275192322226
HROV-vOTU37886	diagnosis	RA	0.0872035714145417	0.639017319656519	77	31	0.891839812247253	0.983275192322226
HROV-vOTU09333	Smoking_Status	Never_Smoker	0.143735825804725	1.0560170384607	77	58	0.892118505649199	0.983275192322226
HROV-vOTU73110	Smoking_Status	Former_Smoker	0.146285080649456	1.06513649728904	77	66	0.891151352350669	0.983275192322226
HROV-vOTU19005	Smoking_Status	Never_Smoker	-0.07467021701259	0.54445984122688	77	11	0.891303959697056	0.983275192322226
HROV-vOTU06938	Sex	M	0.0735609219451807	0.532783943074389	77	12	0.890576754005929	0.983275192322226
HROV-vOTU17004	Sex	M	0.0642903830567418	0.467122967215858	77	10	0.890921991954935	0.983275192322226
HROV-vOTU34848	Age	Age	-0.0557022228319221	0.4024770819357	77	46	0.890317267994333	0.983275192322226
HROV-vOTU16888	Age	Age	-0.0235715049366359	0.172410401279394	77	11	0.891641098720307	0.983275192322226
HROV-vOTU44915	Sex	M	-0.150736083240536	1.10462050230542	77	21	0.891844147084706	0.983275192322226
HROV-vOTU30687	Age	Age	-0.0375121765109374	0.275661518851617	77	22	0.892142690911351	0.983275192322226
HROV-vOTU29016	Smoking_Status	Former_Smoker	0.220126416989984	1.62499760538062	77	25	0.892629447932954	0.983275192322226
HROV-vOTU04654	diagnosis	RA	0.107680282608087	0.783537068254254	77	23	0.891081133179349	0.983275192322226
HROV-vOTU16409	Smoking_Status	Never_Smoker	0.159871475578254	1.16294432898153	77	21	0.891047381906095	0.983275192322226
HROV-vOTU32220	Smoking_Status	Former_Smoker	-0.188249953761752	1.38636960437831	77	28	0.892374503015983	0.983275192322226
HROV-vOTU48198	Smoking_Status	Never_Smoker	0.112416359384399	0.816433096680759	77	25	0.890873536676413	0.983275192322226
HROV-vOTU65784	Age	Age	-0.0308301941843795	0.224183964533802	77	21	0.891007576361516	0.983275192322226
HROV-vOTU73771	Age	Age	0.037103053058211	0.268458755061157	77	37	0.890467543324029	0.983275192322226
HROV-vOTU37055	Sex	M	-0.0688520257867755	0.500924322076716	77	17	0.891064195322756	0.983275192322226
HROV-vOTU56818	Smoking_Status	Never_Smoker	0.149030504301064	1.0875224803853	77	38	0.891389634911826	0.983275192322226
HROV-vOTU07961	Smoking_Status	Former_Smoker	0.116421852973805	0.842490329316712	77	14	0.89048320188161	0.983275192322226
HROV-vOTU18869	Sex	M	-0.0870307518310445	0.642384901510668	77	24	0.892615203462256	0.983275192322226
HROV-vOTU22787	Sex	M	-0.124708117270145	0.91489839367851	77	17	0.891963431453051	0.983275192322226
HROV-vOTU13358	diagnosis	RA	-0.0797091748618949	0.57814108583964	77	43	0.890732243544692	0.983275192322226
HROV-vOTU43438	Sex	M	0.081029048268986	0.594733681061787	77	27	0.892013764182244	0.983275192322226
HROV-vOTU57817	diagnosis	RA	-0.122745286600204	0.899146084889529	77	37	0.891801959358221	0.983275192322226
HROV-vOTU04724	diagnosis	RA	0.053369686825261	0.391887989192539	77	9	0.892059590662423	0.983275192322226
HROV-vOTU58813	diagnosis	RA	0.0546693397531531	0.403749530398777	77	20	0.892675541514247	0.983275192322226
HROV-vOTU60277	Sex	M	-0.0565512730251215	0.408993426798262	77	12	0.890418923923747	0.983275192322226
HROV-vOTU13448	Smoking_Status	Former_Smoker	-0.120504554617821	0.886091035138245	77	20	0.892209553126816	0.983275192322226
HROV-vOTU33743	Smoking_Status	Never_Smoker	0.072190982335066	0.533040703249173	77	11	0.892653244112926	0.983275192322226
HROV-vOTU17675	Smoking_Status	Former_Smoker	0.257203921065359	1.87759092585522	77	22	0.891429467578403	0.983275192322226
HROV-vOTU05499	Smoking_Status	Never_Smoker	0.0585424079154319	0.42495720807487	77	13	0.890819478850882	0.983275192322226
HROV-vOTU23376	Age	Age	0.0191197190604923	0.14107303978969	77	9	0.89257586152914	0.983275192322226
HROV-vOTU75876	Age	Age	-0.0407225701934209	0.296032411688098	77	14	0.890976600406894	0.983275192322226
HROV-vOTU37713	Smoking_Status	Former_Smoker	-0.0872016931339554	0.640395586861139	77	9	0.89207344931361	0.983275192322226
HROV-vOTU68457	diagnosis	RA	-0.0354064217172695	0.260679092252857	77	9	0.892344948870478	0.983275192322226
HROV-vOTU60377	Smoking_Status	Former_Smoker	0.116492002922443	0.852834932927007	77	8	0.891738423256275	0.983275192322226
HROV-vOTU42137	Smoking_Status	Never_Smoker	0.157675229412529	1.16657797808828	77	54	0.892867452883073	0.983298462122091
HROV-vOTU69621	diagnosis	RA	0.050077142605496	0.370308840404281	77	8	0.892812090312997	0.983298462122091
HROV-vOTU32102	Sex	M	-0.0507027987914152	0.375049924951506	77	8	0.892844613001082	0.983298462122091
HROV-vOTU10733	Smoking_Status	Former_Smoker	-0.0650506914839351	0.481260311348169	77	8	0.892862016994557	0.983298462122091
HROV-vOTU42804	diagnosis	RA	-0.0682508580443394	0.50584189745735	77	65	0.8930527304649	0.983329736724685
HROV-vOTU72241	Smoking_Status	Former_Smoker	-0.159697127509836	1.18304244423048	77	9	0.893002923313332	0.983329736724685
HROV-vOTU42965	Sex	M	-0.0840476684566583	0.622643654713003	77	26	0.893005537037421	0.983329736724685
HROV-vOTU64818	Age	Age	-0.026496807971437	0.196407056416447	77	20	0.893066642350565	0.983329736724685
HROV-vOTU10321	Smoking_Status	Former_Smoker	-0.180197216863353	1.33627085545255	77	34	0.893111388248632	0.983331991746713
HROV-vOTU22053	Smoking_Status	Never_Smoker	-0.055117589273407	0.409027678537394	77	76	0.893188673863121	0.983370071664006
HROV-vOTU10300	Age	Age	0.0406569139084348	0.301946409430896	77	61	0.893270034817644	0.983412634535606
HROV-vOTU36109	Age	Age	0.0281594704769377	0.209280893219245	77	17	0.893345637973872	0.983448854805844
HROV-vOTU69775	diagnosis	RA	-0.074562890860773	0.554390098352995	77	16	0.893391425569013	0.983452250411279
HROV-vOTU49449	Smoking_Status	Former_Smoker	-0.113690083536801	0.845952593439721	77	15	0.893472082240096	0.983453402133892
HROV-vOTU11263	diagnosis	RA	0.103796578192064	0.772378633460807	77	30	0.893477878108877	0.983453402133892
HROV-vOTU59806	Age	Age	-0.0293517361581721	0.218519880871289	77	24	0.893529047072445	0.983462720038158
HROV-vOTU42137	Age	Age	0.0468518889043337	0.349412330931931	77	54	0.893712606470042	0.983540261058017
HROV-vOTU36178	diagnosis	RA	0.0894508243641861	0.667352886612505	77	40	0.893751537646464	0.983540261058017
HROV-vOTU50574	Smoking_Status	Never_Smoker	-0.130626075273286	0.973664510413368	77	38	0.893656239774879	0.983540261058017
HROV-vOTU29003	Age	Age	-0.0265576205805838	0.198250057548976	77	26	0.893813031857717	0.983540261058017
HROV-vOTU41617	diagnosis	RA	-0.0303964521236283	0.226838058471885	77	11	0.89378115820245	0.983540261058017
HROV-vOTU54484	Age	Age	0.0281770342538678	0.212374527981499	77	73	0.894824810898964	0.983600847706797
HROV-vOTU03693	Sex	M	0.116093390358336	0.87308273687540106	77	71	0.894593635279403	0.983600847706797
HROV-vOTU44039	Age	Age	0.0152384316285341	0.114523052124691	77	76	0.894522376079721	0.983600847706797
HROV-vOTU19378	Smoking_Status	Former_Smoker	0.245085466760851	1.84408653989722	77	64	0.894645694300154	0.983600847706797
HROV-vOTU49179	Smoking_Status	Never_Smoker	0.145904283642118	1.09532411139954	77	30	0.894406905163709	0.983600847706797
HROV-vOTU27585	Smoking_Status	Former_Smoker	0.190365918069114	1.42610425789633	77	66	0.894186135861813	0.983600847706797
HROV-vOTU23194	diagnosis	RA	-0.0884302005769183	0.662136636211408	77	50	0.894134036989542	0.983600847706797
HROV-vOTU63905	Age	Age	0.0389939001799939	0.293750462629271	77	45	0.894770567833473	0.983600847706797
HROV-vOTU27225	Smoking_Status	Former_Smoker	-0.223328148775215	1.67615533470328	77	36	0.894381813741394	0.983600847706797
HROV-vOTU66910	Sex	M	0.106994185692052	0.80292675443197	77	51	0.894368506113622	0.983600847706797
HROV-vOTU40808	diagnosis	RA	0.0819772605995919	0.613302845402351	77	59	0.894045456892821	0.983600847706797
HROV-vOTU06938	Smoking_Status	Former_Smoker	-0.13006904392257	0.97339311968014	77	12	0.894077642976152	0.983600847706797
HROV-vOTU21814	Age	Age	-0.0346291344707975	0.258966605784942	77	59	0.894001931441806	0.983600847706797
HROV-vOTU36685	Sex	M	-0.0791876943748863	0.596995692130563	77	18	0.89485041081862	0.983600847706797
HROV-vOTU71829	diagnosis	RA	0.0414872976728257	0.311972279509158	77	12	0.894582283868054	0.983600847706797
HROV-vOTU08743	Sex	M	0.0911937366356432	0.685558650735956	77	33	0.894553022834726	0.983600847706797
HROV-vOTU17559	Sex	M	0.100097407811911	0.753407516903954	77	50	0.894680263494294	0.983600847706797
HROV-vOTU53949	Smoking_Status	Never_Smoker	0.0716636981116865	0.538455941484671	77	21	0.894497824295531	0.983600847706797
HROV-vOTU14109	diagnosis	RA	-0.0823848735873622	0.616104440426655	77	10	0.894003079269444	0.983600847706797
HROV-vOTU24594	Sex	M	0.034546975021791	0.259931689433022	77	8	0.894642189127979	0.983600847706797
HROV-vOTU15351	Age	Age	-0.0362486563812953	0.273134710421839	77	25	0.89479539702592	0.983600847706797
HROV-vOTU37691	diagnosis	RA	-0.0259424479415148	0.19531075363346	77	10	0.894706315462285	0.983600847706797
HROV-vOTU34090	Sex	M	0.0788275378444384	0.593067894929374	77	8	0.894636702666166	0.983600847706797
HROV-vOTU28797	Smoking_Status	Former_Smoker	0.0915702150675278	0.690827660292929	77	10	0.89492306758703	0.983633763495886
HROV-vOTU48193	diagnosis	RA	-0.0955362663768973	0.721125304279349	77	41	0.894977647301427	0.983641929836205
HROV-vOTU34107	Smoking_Status	Former_Smoker	-0.0555877648911395	0.419740544129205	77	11	0.895015920091953	0.983641929836205
HROV-vOTU26057	Smoking_Status	Former_Smoker	0.185293509841086	1.40042219866546	77	32	0.895111295099507	0.983699805599429
HROV-vOTU25269	diagnosis	RA	0.0632338789885403	0.478939595953864	77	43	0.895334856698531	0.983846698399591
HROV-vOTU07116	Sex	M	0.0860270072111186	0.652352548134846	77	27	0.895458560362737	0.983846698399591
HROV-vOTU56004	Smoking_Status	Former_Smoker	0.143522045788551	1.08818419917333	77	18	0.895443303785124	0.983846698399591
HROV-vOTU41868	Age	Age	-0.0300723269990062	0.227881051010846	77	16	0.895385219379687	0.983846698399591
HROV-vOTU53190	Smoking_Status	Former_Smoker	0.130504789639784	0.988243419188299	77	15	0.895312467700988	0.983846698399591
HROV-vOTU43365	Smoking_Status	Never_Smoker	-0.11538788125941	0.875363782478179	77	75	0.895501824030507	0.983847295459526
HROV-vOTU04221	Sex	M	-0.159264350082802	1.2120406632499101	77	39	0.895829086875995	0.983847350415224
HROV-vOTU67787	Smoking_Status	Never_Smoker	-0.117755270768852	0.895492970680969	77	24	0.895753515954936	0.983847350415224
HROV-vOTU16890	Age	Age	-0.0206924091059552	0.157575772507847	77	74	0.895895781854256	0.983847350415224
HROV-vOTU07120	diagnosis	RA	-0.0256709334708095	0.195283569630896	77	8	0.89578744898589	0.983847350415224
HROV-vOTU35072	Smoking_Status	Former_Smoker	0.156497389481425	1.19193411794289	77	18	0.895911691744532	0.983847350415224
HROV-vOTU06912	Smoking_Status	Former_Smoker	0.185251597338503	1.41146782491734	77	37	0.895950730710856	0.983847350415224
HROV-vOTU38514	Smoking_Status	Former_Smoker	0.193205058310493	1.47289654497508	77	26	0.89600900690457	0.983847350415224
HROV-vOTU09864	Smoking_Status	Former_Smoker	0.188904665064541	1.43535241172785	77	28	0.89566614694684	0.983847350415224
HROV-vOTU35144	diagnosis	RA	0.0630479099668957	0.480670635936969	77	19	0.896014517047716	0.983847350415224
HROV-vOTU10675	Smoking_Status	Former_Smoker	0.188396274743647	1.43497904990764	77	29	0.895918386194214	0.983847350415224
HROV-vOTU69170	Smoking_Status	Never_Smoker	-0.0742969766020623	0.565447190766159	77	13	0.895834402831412	0.983847350415224
HROV-vOTU56294	Smoking_Status	Never_Smoker	-0.113098066485314	0.860066795359307	77	33	0.89575236455351	0.983847350415224
HROV-vOTU73443	Sex	M	-0.103153799270914	0.78691209384681	77	66	0.896077364915149	0.983862102326914
HROV-vOTU55788	Smoking_Status	Former_Smoker	-0.138827741734171	1.05960446891414	77	24	0.896131243622867	0.983862102326914
HROV-vOTU59249	Smoking_Status	Former_Smoker	-0.11308046762167	0.863653364038684	77	15	0.89619883554555	0.983862102326914
HROV-vOTU35161	Sex	M	0.0604843120820502	0.461832885704698	77	8	0.896172749076193	0.983862102326914
HROV-vOTU41864	Sex	M	0.145054046133297	1.10840572338217	77	33	0.896250397702292	0.983871807954802
HROV-vOTU38723	Age	Age	-0.0240776989048176	0.184243283048109	77	10	0.896394652153448	0.983936363333201
HROV-vOTU31620	Smoking_Status	Former_Smoker	0.18906904016051	1.4466118588367	77	35	0.896383958540357	0.983936363333201
HROV-vOTU09573	diagnosis	RA	-0.0461884699760316	0.353841238205722	77	14	0.89651274832881	0.983972196254706
HROV-vOTU75194	Age	Age	0.0381439774767954	0.292108190456878	77	46	0.896475518687692	0.983972196254706
HROV-vOTU01004	Smoking_Status	Never_Smoker	0.0948146682388538	0.733890350750194	77	74	0.897568965849039	0.984046102574762
HROV-vOTU55299	diagnosis	RA	-0.081028179798196	0.622743566427882	77	71	0.896843507881835	0.984046102574762
HROV-vOTU36489	Age	Age	-0.0428603190024765	0.331861941176159	77	37	0.897603295684195	0.984046102574762
HROV-vOTU64652	Smoking_Status	Former_Smoker	0.151226380155445	1.16405785957691	77	11	0.897002528810135	0.984046102574762
HROV-vOTU19515	Age	Age	-0.0314949830222383	0.242628477151047	77	63	0.89708582701017	0.984046102574762
HROV-vOTU41168	diagnosis	RA	0.0895743185668337	0.694744188216747	77	64	0.897776494190114	0.984046102574762
HROV-vOTU15544	Age	Age	0.0375849413671633	0.28953467842475	77	61	0.897082602945873	0.984046102574762
HROV-vOTU73571	Age	Age	-0.0537961366801118	0.414397009323617	77	63	0.897077610617472	0.984046102574762
HROV-vOTU55704	diagnosis	RA	0.0233339378796627	0.180551351246576	77	12	0.897535436401437	0.984046102574762
HROV-vOTU43068	Smoking_Status	Former_Smoker	-0.215503816788508	1.67034011183021	77	57	0.897708251631904	0.984046102574762
HROV-vOTU74340	Sex	M	-0.0454948632943574	0.352204451835323	77	14	0.897586982861151	0.984046102574762
HROV-vOTU44787	Smoking_Status	Former_Smoker	-0.190612442999251	1.46934334304111	77	31	0.897149813712232	0.984046102574762
HROV-vOTU63670	Smoking_Status	Never_Smoker	-0.103777641093912	0.796656318436099	77	41	0.89672394745968	0.984046102574762
HROV-vOTU75492	Sex	M	0.0947099134175542	0.734369298308531	77	34	0.897747856172611	0.984046102574762
HROV-vOTU55368	diagnosis	RA	-0.112024222333387	0.868053355261377	77	24	0.897681205413211	0.984046102574762
HROV-vOTU07961	Sex	M	0.0596653028023644	0.461134674758023	77	14	0.897416476533978	0.984046102574762
HROV-vOTU06360	Sex	M	0.0771383139197051	0.595506910409409	77	29	0.897301496802664	0.984046102574762
HROV-vOTU29302	Age	Age	0.0658797683471121	0.505750902943868	77	33	0.8967280598583	0.984046102574762
HROV-vOTU31042	diagnosis	RA	-0.0813994398166624	0.626784634407906	77	33	0.897037874224881	0.984046102574762
HROV-vOTU31772	Age	Age	0.0328112537208106	0.252330680456576	77	11	0.896908214449179	0.984046102574762
HROV-vOTU16708	diagnosis	RA	0.109094849181256	0.841549845947426	77	29	0.897221269834449	0.984046102574762
HROV-vOTU02730	diagnosis	RA	-0.0341961308263478	0.264756395652357	77	8	0.897595661687323	0.984046102574762
HROV-vOTU59988	Age	Age	-0.0291320001666805	0.225486436009628	77	21	0.897567669061762	0.984046102574762
HROV-vOTU05881	Smoking_Status	Former_Smoker	-0.081783012740731	0.632163808396976	77	8	0.897430707171723	0.984046102574762
HROV-vOTU04012	Smoking_Status	Former_Smoker	0.0881177548206922	0.682974532471888	77	9	0.89770617702352	0.984046102574762
HROV-vOTU44298	Sex	M	-0.0353805667724194	0.274100772755495	77	8	0.897660350966661	0.984046102574762
HROV-vOTU72960	Smoking_Status	Never_Smoker	0.0776295669782262	0.595893595468725	77	11	0.896717881131048	0.984046102574762
HROV-vOTU26986	Smoking_Status	Former_Smoker	-0.0800109520505547	0.618906670348748	77	8	0.897503295191012	0.984046102574762
HROV-vOTU25911	Smoking_Status	Former_Smoker	-0.167774822895345	1.30480762281255	77	23	0.898051915126366	0.984254299974311
HROV-vOTU30442	Age	Age	0.0198045018624901	0.153997544301554	77	10	0.898035614475837	0.984254299974311
HROV-vOTU15935	Smoking_Status	Never_Smoker	-0.101766259633347	0.792902419946719	77	75	0.898237616980034	0.984307928358128
HROV-vOTU49630	diagnosis	RA	0.0617620853415124	0.482408091969125	77	36	0.898488199053145	0.984307928358128
HROV-vOTU73012	diagnosis	RA	-0.09097188571002	0.710436080352624	77	53	0.898470805732518	0.984307928358128
HROV-vOTU29403	Sex	M	0.0860065089541404	0.672081053473547	77	61	0.89853414357039	0.984307928358128
HROV-vOTU31842	diagnosis	RA	-0.0841538379627791	0.657671156018743	77	66	0.898544490472204	0.984307928358128
HROV-vOTU06271	Smoking_Status	Former_Smoker	-0.143820981939226	1.12401917219463	77	56	0.898548347313512	0.984307928358128
HROV-vOTU21222	diagnosis	RA	0.0556759285282565	0.434819711597108	77	9	0.898476371914178	0.984307928358128
HROV-vOTU42036	diagnosis	RA	-0.0563620592062295	0.440426309477882	77	20	0.898533230408326	0.984307928358128
HROV-vOTU23568	diagnosis	RA	0.037650517916469	0.293139482992046	77	8	0.898164758223443	0.984307928358128
HROV-vOTU75876	Smoking_Status	Former_Smoker	0.179007107969835	1.39522825447103	77	14	0.898274672611478	0.984307928358128
HROV-vOTU14061	Sex	M	0.045296924114229	0.354093257210037	77	8	0.898570989396495	0.984307928358128
HROV-vOTU03210	Sex	M	-0.0654195632147004	0.511635097650008	77	72	0.898618300138508	0.984312934705818
HROV-vOTU24797	Sex	M	-0.0981139113090273	0.771744323816725	77	70	0.89919477248923	0.984360207212952
HROV-vOTU46856	diagnosis	RA	0.0603050258788192	0.47256987515344	77	36	0.898817719432762	0.984360207212952
HROV-vOTU63778	Smoking_Status	Former_Smoker	0.246101000940858	1.92971975165198	77	66	0.898879874569672	0.984360207212952
HROV-vOTU07149	Sex	M	-0.0980739105193876	0.769851644475356	77	59	0.898989271781311	0.984360207212952
HROV-vOTU03083	Sex	M	0.131467290232341	1.03053935906625	77	52	0.898848843016552	0.984360207212952
HROV-vOTU66740	Age	Age	0.0377145880457089	0.296696930256536	77	34	0.89920881395313	0.984360207212952
HROV-vOTU69870	Smoking_Status	Never_Smoker	0.0864923226644105	0.680245221831499	77	27	0.899182094798398	0.984360207212952
HROV-vOTU20868	Sex	M	-0.0808939527236332	0.636131338061334	77	46	0.899168886443425	0.984360207212952
HROV-vOTU12747	Age	Age	0.0165239679262678	0.129649017748367	77	9	0.898943308378279	0.984360207212952
HROV-vOTU67860	diagnosis	RA	0.0484220784811336	0.38096322535724	77	18	0.899217109828314	0.984360207212952
HROV-vOTU39510	Sex	M	0.0936487672947766	0.735695968264348	77	55	0.899068526147276	0.984360207212952
HROV-vOTU72529	Smoking_Status	Never_Smoker	0.0860925720058364	0.675214969404072	77	18	0.898901990248298	0.984360207212952
HROV-vOTU64089	Sex	M	-0.102172950486395	0.802317753818403	77	24	0.899025562513889	0.984360207212952
HROV-vOTU18869	Age	Age	0.0315839964589209	0.249015551258884	77	24	0.899429166580662	0.984498750301932
HROV-vOTU65849	Sex	M	-0.0714160005875869	0.56287526124502	77	27	0.899396283223	0.984498750301932
HROV-vOTU11570	Age	Age	0.0279491036489678	0.221874598456007	77	76	0.900113270004183	0.984595271263659
HROV-vOTU05088	Smoking_Status	Former_Smoker	0.150699118766223	1.19283212867538	77	74	0.899822068912189	0.984595271263659
HROV-vOTU28978	Sex	M	0.0692553224437646	0.549178977793576	77	75	0.900003642336136	0.984595271263659
HROV-vOTU05768	Sex	M	-0.101537171334572	0.802153533393551	77	35	0.899630046344682	0.984595271263659
HROV-vOTU24480	diagnosis	RA	0.0581197901761563	0.460241896722597	77	43	0.899866452660317	0.984595271263659
HROV-vOTU34716	diagnosis	RA	0.0485594359845442	0.384312369550975	77	43	0.899808787383821	0.984595271263659
HROV-vOTU60831	Smoking_Status	Former_Smoker	0.129658019983559	1.02940096630622	77	57	0.900123675213745	0.984595271263659
HROV-vOTU68286	Smoking_Status	Former_Smoker	-0.115423953903827	0.912228307652364	77	12	0.899670300274322	0.984595271263659
HROV-vOTU71313	diagnosis	RA	0.0673732313241866	0.533817914195071	77	19	0.899922313361035	0.984595271263659
HROV-vOTU31815	diagnosis	RA	0.0701751610255609	0.555622653400529	77	54	0.899851410787688	0.984595271263659
HROV-vOTU66013	Age	Age	0.0256060946220378	0.203272700345419	77	17	0.90011235730263	0.984595271263659
HROV-vOTU61630	diagnosis	RA	0.0506324968952126	0.40213086267258	77	18	0.900158638144001	0.984595271263659
HROV-vOTU60061	Sex	M	0.0581999264760645	0.461907784873547	77	10	0.900088822307408	0.984595271263659
HROV-vOTU61032	Age	Age	-0.0304715664689389	0.241963430702032	77	20	0.900139632532182	0.984595271263659
HROV-vOTU09393	Age	Age	-0.0355699962743129	0.281589706372206	77	19	0.899836829081357	0.984595271263659
HROV-vOTU07552	Smoking_Status	Former_Smoker	0.243809456126154	1.94689837601167	77	62	0.900695634284118	0.984623752938538
HROV-vOTU08373	Age	Age	0.0213037360831324	0.169677129045473	77	30	0.90043938327062	0.984623752938538
HROV-vOTU18970	Sex	M	0.104291718336126	0.829678816525715	77	71	0.900323625555283	0.984623752938538
HROV-vOTU29891	Sex	M	-0.107176695688215	0.853258071947248	77	23	0.900396620789267	0.984623752938538
HROV-vOTU02236	Sex	M	-0.103764382997935	0.827496353925921	77	61	0.900564776774124	0.984623752938538
HROV-vOTU47619	Age	Age	0.0495269651358024	0.39545886172784	77	34	0.900688096000681	0.984623752938538
HROV-vOTU37626	Smoking_Status	Former_Smoker	-0.09291895887562	0.742121438024855	77	15	0.90071335205828	0.984623752938538
HROV-vOTU49589	Smoking_Status	Never_Smoker	0.112538672932938	0.895199542969371	77	22	0.90031401030698	0.984623752938538
HROV-vOTU08702	Age	Age	-0.012086810541553	0.0965609790101117	77	8	0.900740478806301	0.984623752938538
HROV-vOTU49981	diagnosis	RA	0.0812860192602207	0.648296306836845	77	33	0.900573865823855	0.984623752938538
HROV-vOTU58813	Smoking_Status	Former_Smoker	-0.122040136939659	0.973570765258682	77	20	0.900598262549203	0.984623752938538
HROV-vOTU25800	Smoking_Status	Former_Smoker	0.153095794843728	1.22014841871149	77	30	0.900503635986339	0.984623752938538
HROV-vOTU69180	diagnosis	RA	0.0715422480343794	0.569051933717914	77	15	0.900307448096387	0.984623752938538
HROV-vOTU68967	Smoking_Status	Never_Smoker	0.108897495409054	0.870956093375926	77	18	0.900851458707548	0.984695672587763
HROV-vOTU74797	Smoking_Status	Never_Smoker	0.0697505283403382	0.558089029509812	77	12	0.900891785559018	0.984695672587763
HROV-vOTU04883	Sex	M	-0.12770884276276	1.02423629126364	77	56	0.901123787255247	0.984762305233384
HROV-vOTU52066	Smoking_Status	Former_Smoker	0.137858199740142	1.10511661220842	77	12	0.901077646416326	0.984762305233384
HROV-vOTU04053	Smoking_Status	Former_Smoker	-0.054558326560201	0.437481222665096	77	8	0.901105483030385	0.984762305233384
HROV-vOTU57544	diagnosis	RA	-0.026467638408365	0.21212301247079	77	8	0.901054325913213	0.984762305233384
HROV-vOTU27485	Age	Age	-0.0236815538813619	0.190475081865908	77	20	0.90140620816095	0.984998646204904
HROV-vOTU38642	Age	Age	0.0568453073197963	0.457307630187232	77	50	0.901425595632417	0.984998646204904
HROV-vOTU21784	Age	Age	-0.016288506696378	0.131138449845003	77	8	0.901501195424392	0.985034517750332
HROV-vOTU29342	Age	Age	-0.032966827299799	0.26572679458126	77	54	0.901616065487451	0.985066558573746
HROV-vOTU22982	Age	Age	0.0312795272463626	0.252043121970588	77	17	0.901583715039922	0.985066558573746
HROV-vOTU48788	diagnosis	RA	0.0333928515289682	0.269325318179569	77	10	0.901675876276842	0.985085172232242
HROV-vOTU72475	Smoking_Status	Never_Smoker	0.122933178874015	0.992653591644885	77	25	0.901789534755	0.985102368093535
HROV-vOTU43948	Smoking_Status	Former_Smoker	0.120305669940325	0.971693765905158	77	30	0.901815338451953	0.985102368093535
HROV-vOTU30278	Age	Age	-0.0348785067144337	0.281722585188407	77	35	0.901819940361094	0.985102368093535
HROV-vOTU07204	diagnosis	RA	-0.0673092253116236	0.544048776235096	77	25	0.901887266607819	0.985129185637359
HROV-vOTU45888	Smoking_Status	Former_Smoker	-0.123231341286985	0.996781850419561	77	13	0.901958193853475	0.985159933812925
HROV-vOTU50753	Sex	M	-0.0594226949467445	0.481981833282233	77	11	0.902227191510568	0.985172300576521
HROV-vOTU02230	diagnosis	RA	0.0516338672524501	0.418487293515958	77	12	0.902153094214743	0.985172300576521
HROV-vOTU01188	Smoking_Status	Former_Smoker	0.0681520392461679	0.551598285641738	77	9	0.902017715065954	0.985172300576521
HROV-vOTU13935	Smoking_Status	Former_Smoker	0.113415280921051	0.919869843320872	77	16	0.902221924206672	0.985172300576521
HROV-vOTU62662	Sex	M	0.0776022740671178	0.629985301547941	77	35	0.902311738430767	0.985172300576521
HROV-vOTU38477	Smoking_Status	Former_Smoker	-0.132159336658928	1.07102986417702	77	13	0.902143255671847	0.985172300576521
HROV-vOTU05957	Age	Age	-0.0182762124652412	0.148317388427117	77	12	0.902278143318809	0.985172300576521
HROV-vOTU64014	Age	Age	0.0149970915570967	0.121475018378075	77	9	0.90209307453574	0.985172300576521
HROV-vOTU60948	Sex	M	-0.106019837383986	0.864250984696565	77	41	0.902713011845803	0.98517381435178
HROV-vOTU02469	Smoking_Status	Former_Smoker	0.176236176664458	1.43477083029349	77	69	0.902586946095398	0.98517381435178
HROV-vOTU15472	Smoking_Status	Former_Smoker	-0.197443166910672	1.60861598351153	77	52	0.902658954823789	0.98517381435178
HROV-vOTU39907	diagnosis	RA	-0.0348739145401009	0.283786121407313	77	16	0.902542968618776	0.98517381435178
HROV-vOTU58202	Sex	M	0.111480105145469	0.908630988640934	77	62	0.902699064551482	0.98517381435178
HROV-vOTU00029	Smoking_Status	Former_Smoker	-0.110861767290008	0.900548890269731	77	14	0.902372036377861	0.98517381435178
HROV-vOTU26731	Age	Age	-0.0369529156025186	0.300513194306693	77	64	0.90248141472983	0.98517381435178
HROV-vOTU07169	Age	Age	-0.0336202113161542	0.274087072044122	77	44	0.902720893133445	0.98517381435178
HROV-vOTU26524	Smoking_Status	Former_Smoker	0.0712151266644413	0.580481486945258	77	10	0.902704848321365	0.98517381435178
HROV-vOTU65848	diagnosis	RA	-0.0423440366473359	0.345279002494343	77	10	0.902740903354998	0.98517381435178
HROV-vOTU09585	Smoking_Status	Never_Smoker	0.155148320490304	1.27101882493779	77	56	0.903191503849551	0.985245373894238
HROV-vOTU39607	Age	Age	-0.0494640879864235	0.404854449565863	77	39	0.903103637206736	0.985245373894238
HROV-vOTU71347	Smoking_Status	Never_Smoker	-0.189864838169521	1.55028013126963	77	51	0.902871768144267	0.985245373894238
HROV-vOTU07517	diagnosis	RA	0.0771971965884869	0.631346968438693	77	38	0.903027611951143	0.985245373894238
HROV-vOTU39537	Smoking_Status	Never_Smoker	-0.0787855222896492	0.645017910068714	77	31	0.903129483183211	0.985245373894238
HROV-vOTU06071	Smoking_Status	Former_Smoker	0.0712746727302359	0.583766150297992	77	8	0.903169050118236	0.985245373894238
HROV-vOTU72168	Smoking_Status	Former_Smoker	-0.0972617084048908	0.794460044763465	77	13	0.902908371435685	0.985245373894238
HROV-vOTU32359	Sex	M	0.0662818245296872	0.542343695467643	77	27	0.903075047674787	0.985245373894238
HROV-vOTU16798	diagnosis	RA	-0.0525716622547486	0.430000106246506	77	32	0.9030387823694	0.985245373894238
HROV-vOTU58027	diagnosis	RA	-0.0504774809531697	0.413957687537198	77	15	0.903292005836681	0.985308335831894
HROV-vOTU52532	Smoking_Status	Former_Smoker	0.138181662922005	1.13529306571788	77	28	0.903468937755146	0.985316243587585
HROV-vOTU10893	diagnosis	RA	-0.0730984451266949	0.600426238986233	77	16	0.903445481617355	0.985316243587585
HROV-vOTU60366	diagnosis	RA	0.044724295924786	0.367081732966706	77	11	0.903371952907517	0.985316243587585
HROV-vOTU33484	diagnosis	RA	0.0411143899942406	0.337798716230236	77	10	0.903470391482373	0.985316243587585
HROV-vOTU44513	Sex	M	-0.0778064945984503	0.63964476157412	77	10	0.903527622126933	0.985331998180854
HROV-vOTU19387	Sex	M	0.106992464973	0.88057668223924	77	61	0.903636083841362	0.985403618110069
HROV-vOTU20527	Sex	M	0.103308312235289	0.852465429550825	77	53	0.90388470133912	0.985463943052749
HROV-vOTU11679	Sex	M	0.0599106098359031	0.494468976646733	77	27	0.903905355321158	0.985463943052749
HROV-vOTU75719	Smoking_Status	Former_Smoker	0.169534012427694	1.39892753956728	77	31	0.903884011992539	0.985463943052749
HROV-vOTU04174	Sex	M	0.0620262456318156	0.511643245911672	77	9	0.903851716305803	0.985463943052749
HROV-vOTU24790	Smoking_Status	Never_Smoker	0.113570698136525	0.936858390418189	77	42	0.90385521985175	0.985463943052749
HROV-vOTU18912	Smoking_Status	Never_Smoker	-0.0645668158656089	0.535284814771813	77	15	0.904331601231851	0.98556295150752
HROV-vOTU04934	diagnosis	RA	-0.0797520096778503	0.66049738662578406	77	60	0.904233768164842	0.98556295150752
HROV-vOTU54940	Sex	M	-0.0723478654806397	0.59976389446605	77	54	0.904327006997259	0.98556295150752
HROV-vOTU34617	Sex	M	-0.0486379401973669	0.402851198465205	77	14	0.904242548663558	0.98556295150752
HROV-vOTU64100	diagnosis	RA	0.0375540995432312	0.311380234083332	77	9	0.904344343560119	0.98556295150752
HROV-vOTU35144	Age	Age	0.029673290602242	0.245921832760939	77	19	0.904299992016328	0.98556295150752
HROV-vOTU22674	Sex	M	-0.0869710717139717	0.721401864203889	77	12	0.904381322371187	0.98556295150752
HROV-vOTU30930	Age	Age	-0.0171938073368731	0.142528685979206	77	10	0.90432166456229	0.98556295150752
HROV-vOTU09662	Smoking_Status	Former_Smoker	-0.115815322719487	0.959904398241528	77	11	0.904306697865828	0.98556295150752
HROV-vOTU07672	diagnosis	RA	0.0656336907159992	0.544995574622515	77	33	0.904482863741196	0.985626968484894
HROV-vOTU66553	Age	Age	-0.0304400643402607	0.253187865557316	77	24	0.904642755614193	0.985661288820309
HROV-vOTU55195	Age	Age	-0.0297210513087827	0.247153537239673	77	19	0.90462207073074	0.985661288820309
HROV-vOTU06225	diagnosis	RA	-0.0867165491764897	0.721177929798148	77	38	0.904630326436492	0.985661288820309
HROV-vOTU10034	Smoking_Status	Never_Smoker	-0.117791710354246	0.981108834213978	77	31	0.904774885828839	0.985758615793271
HROV-vOTU01273	Age	Age	-0.041002673130286	0.341706478711055	77	37	0.904826930150262	0.985768683540401
HROV-vOTU53100	Smoking_Status	Former_Smoker	-0.147213000876151	1.22822089356175	77	27	0.904933571520152	0.985822203795785
HROV-vOTU54100	diagnosis	RA	-0.0616020580778763	0.514108203969852	77	46	0.904961667843973	0.985822203795785
HROV-vOTU22888	Smoking_Status	Never_Smoker	-0.0758344345873886	0.633311788558771	77	68	0.905025194707108	0.985844775049887
HROV-vOTU40887	Smoking_Status	Never_Smoker	-0.0711195499928825	0.595278630337961	77	37	0.905238272590222	0.985886129296944
HROV-vOTU55814	diagnosis	RA	-0.0673895264173017	0.563994495802777	77	21	0.905227668518039	0.985886129296944
HROV-vOTU19413	diagnosis	RA	-0.0661009145460922	0.552727222686129	77	23	0.905145309306832	0.985886129296944
HROV-vOTU06266	Smoking_Status	Former_Smoker	0.0955907747019748	0.800435958007281	77	15	0.905277202615826	0.985886129296944
HROV-vOTU65332	Smoking_Status	Former_Smoker	0.128534803216816	1.07586056793203	77	9	0.905239132683687	0.985886129296944
HROV-vOTU61734	Smoking_Status	Never_Smoker	-0.134645131294123	1.13719455697715	77	55	0.906084166981244	0.985923407804788
HROV-vOTU55361	diagnosis	RA	-0.0867221472955149	0.733434413046903	77	63	0.906210451429081	0.985923407804788
HROV-vOTU09476	Sex	M	0.0930369214407335	0.782188039549331	77	66	0.905655269658163	0.985923407804788
HROV-vOTU04143	Smoking_Status	Never_Smoker	0.0444508624231194	0.373228315185515	77	8	0.905533807531666	0.985923407804788
HROV-vOTU09281	Sex	M	-0.178008273737717	1.5004258685224099	77	55	0.905896785888168	0.985923407804788
HROV-vOTU58773	Sex	M	-0.0915318688971017	0.769777509328166	77	28	0.905684894972941	0.985923407804788
HROV-vOTU27379	Smoking_Status	Former_Smoker	-0.175195190789327	1.47932413477374	77	10	0.906062005565642	0.985923407804788
HROV-vOTU45376	Age	Age	0.0195677779678098	0.164697464627117	77	19	0.905761054220783	0.985923407804788
HROV-vOTU20181	Smoking_Status	Never_Smoker	0.0906018945495795	0.761870115888013	77	18	0.905674254472263	0.985923407804788
HROV-vOTU33539	Sex	M	-0.07157795159906	0.604758708646602	77	17	0.906118327414596	0.985923407804788
HROV-vOTU47090	Sex	M	-0.0721356723092224	0.606370602496034	77	14	0.905640613352296	0.985923407804788
HROV-vOTU07848	Sex	M	0.0967239914656874	0.817939308458185	77	50	0.906200909612747	0.985923407804788
HROV-vOTU57831	Smoking_Status	Never_Smoker	-0.11124045728416	0.932694541217864	77	42	0.905399991691725	0.985923407804788
HROV-vOTU02792	Smoking_Status	Never_Smoker	0.052656449235712	0.444306093162008	77	23	0.905995146455804	0.985923407804788
HROV-vOTU44691	Sex	M	0.138823419847888	1.17392825430353	77	61	0.906199178439831	0.985923407804788
HROV-vOTU52394	Sex	M	0.0532684984590328	0.449566557092012	77	13	0.906015145365384	0.985923407804788
HROV-vOTU72882	Sex	M	0.0777592572894552	0.655426505930694	77	20	0.905896255863841	0.985923407804788
HROV-vOTU30954	Sex	M	0.0861930069959958	0.724954603324294	77	22	0.905694813120806	0.985923407804788
HROV-vOTU72848	diagnosis	RA	0.0983122097895214	0.83135338147766	77	17	0.906199047964497	0.985923407804788
HROV-vOTU29431	Smoking_Status	Former_Smoker	-0.155643159202257	1.30440314830787	77	9	0.905357738876126	0.985923407804788
HROV-vOTU14422	diagnosis	RA	-0.0869096981213485	0.733125002991414	77	20	0.90596909558501	0.985923407804788
HROV-vOTU03141	Age	Age	-0.0217178929245277	0.183803806634453	77	16	0.906276104233846	0.985948258326112
HROV-vOTU16998	Age	Age	-0.02416728845496	0.204658069259735	77	25	0.906332820578293	0.9859633848804
HROV-vOTU57416	Age	Age	0.0402173297650904	0.34078638021789	77	37	0.906390343335243	0.985979387228315
HROV-vOTU19800	Smoking_Status	Former_Smoker	0.170079055728984	1.44326149886529	77	41	0.906524371785508	0.985995092114294
HROV-vOTU14206	diagnosis	RA	-0.0426892792604742	0.362286029987447	77	20	0.906532635199803	0.985995092114294
HROV-vOTU39549	Sex	M	-0.122333465512414	1.0381994125693501	77	58	0.906533221034654	0.985995092114294
HROV-vOTU41492	Sex	M	0.100601112577768	0.854595126047939	77	63	0.906623600521433	0.986046825029923
HROV-vOTU73002	Smoking_Status	Never_Smoker	-0.128907681999753	1.0978737333818	77	56	0.906862117547952	0.986202682209649
HROV-vOTU01502	Age	Age	0.0447314844501643	0.380827123055389	77	52	0.906828163820935	0.986202682209649
HROV-vOTU38116	diagnosis	RA	0.069223202231431	0.58976784920873	77	33	0.906895371421448	0.986202682209649
HROV-vOTU18653	Age	Age	-0.0224548328728289	0.192067583599142	77	68	0.90726058052876	0.986410011285731
HROV-vOTU04630	diagnosis	RA	0.0660515930145351	0.564177095252207	77	70	0.907130386555427	0.986410011285731
HROV-vOTU34447	diagnosis	RA	-0.10114705607813	0.865533454411364	77	29	0.907300185369763	0.986410011285731
HROV-vOTU28920	diagnosis	RA	-0.051628231258784	0.441619971769109	77	68	0.907264239264637	0.986410011285731
HROV-vOTU00623	Smoking_Status	Never_Smoker	-0.145128517586184	1.24042639521422	77	41	0.907191260509998	0.986410011285731
HROV-vOTU54096	Sex	M	-0.0782676504996321	0.670785391163947	77	60	0.907442574935079	0.986513059101366
HROV-vOTU30360	diagnosis	RA	-0.0598566767609903	0.513207945659037	77	23	0.907480640775616	0.986513059101366
HROV-vOTU51810	Smoking_Status	Never_Smoker	0.0480787698371902	0.412979914323167	77	76	0.907649033495215	0.986549049075347
HROV-vOTU49940	Sex	M	-0.0872591172357167	0.749819632645796	77	12	0.907685097735889	0.986549049075347
HROV-vOTU03278	diagnosis	RA	0.035874900043698	0.308000491132893	77	13	0.907603539362179	0.986549049075347
HROV-vOTU60699	Age	Age	-0.0232176978417637	0.199308201530662	77	21	0.907591955719885	0.986549049075347
HROV-vOTU42672	Smoking_Status	Never_Smoker	0.154757017631588	1.33069093085396	77	24	0.907744504952665	0.986567057529961
HROV-vOTU15658	diagnosis	RA	-0.0788370840083755	0.678290450620087	77	44	0.907799109317385	0.986579844631182
HROV-vOTU51101	Smoking_Status	Never_Smoker	-0.212867146761569	1.8362798938477	77	39	0.90804078991527	0.986749369685683
HROV-vOTU00709	Smoking_Status	Never_Smoker	0.0839908842351298	0.724417497807477	77	18	0.908025304104243	0.986749369685683
HROV-vOTU27744	Smoking_Status	Former_Smoker	0.156978076534884	1.35735502022135	77	62	0.908256426044997	0.986788150500122
HROV-vOTU02501	diagnosis	RA	0.0470043280488277	0.406446033776289	77	16	0.908258653273734	0.986788150500122
HROV-vOTU10515	Sex	M	-0.128076541556612	1.10786574548444	77	39	0.908290717077793	0.986788150500122
HROV-vOTU22913	Smoking_Status	Former_Smoker	-0.065905928370877	0.569898559719468	77	13	0.908260343152841	0.986788150500122
HROV-vOTU42580	Sex	M	-0.050628936460836	0.437408648214452	77	8	0.908179449702269	0.986788150500122
HROV-vOTU51319	Smoking_Status	Former_Smoker	-0.150388930632241	1.30318041380748	77	28	0.908452679315124	0.986840888670443
HROV-vOTU02552	Smoking_Status	Former_Smoker	-0.183511697421248	1.59346384814642	77	39	0.908639211648143	0.986840888670443
HROV-vOTU71516	Age	Age	0.0306133401019926	0.265547791154768	77	18	0.908545659122756	0.986840888670443
HROV-vOTU24427	diagnosis	RA	0.0657859640385927	0.570235605809678	77	59	0.908480462252095	0.986840888670443
HROV-vOTU37069	diagnosis	RA	0.0804668465867952	0.698333254221871	77	35	0.908590461198884	0.986840888670443
HROV-vOTU14680	Sex	M	0.0683995929794146	0.59384765327705	77	17	0.908627287217887	0.986840888670443
HROV-vOTU49966	Smoking_Status	Former_Smoker	0.194967461918961	1.68933803608853	77	46	0.90844549162251	0.986840888670443
HROV-vOTU07285	Age	Age	-0.0412473287324313	0.358477204040244	77	56	0.908720276348629	0.986861961290288
HROV-vOTU31842	Smoking_Status	Former_Smoker	-0.182424710273853	1.58585796996798	77	66	0.908744316677514	0.986861961290288
HROV-vOTU45720	Age	Age	-0.0534046647654647	0.464971130215147	77	32	0.908883564950977	0.986920104711255
HROV-vOTU53025	Sex	M	-0.0568720350428789	0.494949457793073	77	12	0.908844976268206	0.986920104711255
HROV-vOTU08657	Smoking_Status	Never_Smoker	0.0778542375061627	0.68727288215557	77	75	0.910128311170803	0.987071849859897
HROV-vOTU33821	Smoking_Status	Former_Smoker	0.166881062345687	1.49046219659202	77	46	0.911166324627509	0.987071849859897
HROV-vOTU34553	Sex	M	-0.115091583333964	1.02051434580076	77	35	0.91052481204167	0.987071849859897
HROV-vOTU64982	Age	Age	-0.0402607028359732	0.352623544989695	77	39	0.909421528235368	0.987071849859897
HROV-vOTU59792	Age	Age	0.0553758842851181	0.492776699479135	77	53	0.910843025236892	0.987071849859897
HROV-vOTU19754	Age	Age	0.0207912505817584	0.183835178729315	77	77	0.910272642688617	0.987071849859897
HROV-vOTU35520	Smoking_Status	Former_Smoker	-0.128099916293223	1.1389010576042	77	58	0.910762788648896	0.987071849859897
HROV-vOTU34262	Sex	M	-0.13248673812846	1.18072924801587	77	27	0.910975476276067	0.987071849859897
HROV-vOTU12354	Smoking_Status	Former_Smoker	0.171657834205334	1.51203960964769	77	64	0.909932894694268	0.987071849859897
HROV-vOTU56283	Sex	M	0.030665947832184	0.273745334390727	77	75	0.911120774664026	0.987071849859897
HROV-vOTU63038	diagnosis	RA	0.0541757917017428	0.482462094858386	77	72	0.91091013916113	0.987071849859897
HROV-vOTU58198	Age	Age	-0.0353670651658921	0.310940755550611	77	56	0.909763230096414	0.987071849859897
HROV-vOTU07258	Smoking_Status	Never_Smoker	0.150691677145146	1.3229376492604	77	26	0.909633115297677	0.987071849859897
HROV-vOTU41804	Smoking_Status	Former_Smoker	-0.0872165594423094	0.77441382493701	77	8	0.910647524910491	0.987071849859897
HROV-vOTU72571	Smoking_Status	Former_Smoker	-0.148220069344188	1.29967186559689	77	69	0.909524618976772	0.987071849859897
HROV-vOTU59318	diagnosis	RA	0.0303481060323394	0.266707643081739	77	76	0.9097270705479	0.987071849859897
HROV-vOTU64525	Sex	M	-0.109130435182415	0.965562014522695	77	50	0.910331514316101	0.987071849859897
HROV-vOTU16799	Age	Age	0.0412389944927707	0.364382923750273	77	43	0.910211306966146	0.987071849859897
HROV-vOTU45737	Sex	M	0.0999980261974789	0.891675596709931	77	67	0.911023948764765	0.987071849859897
HROV-vOTU31641	Smoking_Status	Former_Smoker	-0.214021121968099	1.89667603473811	77	28	0.910475764274029	0.987071849859897
HROV-vOTU46834	Smoking_Status	Never_Smoker	0.127052774853192	1.11113628539864	77	25	0.909287127502354	0.987071849859897
HROV-vOTU61142	Smoking_Status	Former_Smoker	0.152551548391178	1.3565948289169	77	33	0.910782507173346	0.987071849859897
HROV-vOTU45112	Smoking_Status	Former_Smoker	0.17547010450665	1.54253035825695	77	52	0.909753291153406	0.987071849859897
HROV-vOTU27530	diagnosis	RA	-0.0695718565068165	0.619316079628014	77	33	0.91087353406135	0.987071849859897
HROV-vOTU15034	Sex	M	0.0530735621978342	0.47204986404571597	77	17	0.910798072829497	0.987071849859897
HROV-vOTU49506	diagnosis	RA	-0.0443429917535969	0.394225955975716	77	31	0.910759325485105	0.987071849859897
HROV-vOTU37067	Smoking_Status	Never_Smoker	-0.0784351427391426	0.698417101029598	77	19	0.910899157631194	0.987071849859897
HROV-vOTU62525	Smoking_Status	Former_Smoker	-0.196360116679427	1.72568668458015	77	44	0.909728063473253	0.987071849859897
HROV-vOTU74691	Age	Age	0.0416214400144166	0.366193274505761	77	35	0.909828295675425	0.987071849859897
HROV-vOTU39739	Smoking_Status	Former_Smoker	-0.0970820142030972	0.851048031736495	77	20	0.909501507697231	0.987071849859897
HROV-vOTU55389	Age	Age	0.0413972048260879	0.366814864237539	77	39	0.91046332261451	0.987071849859897
HROV-vOTU28607	Smoking_Status	Former_Smoker	0.189459865048195	1.66824587431667	77	27	0.909900531949514	0.987071849859897
HROV-vOTU07429	Sex	M	-0.0328593791135948	0.293416278005619	77	13	0.911148183125873	0.987071849859897
HROV-vOTU18266	Sex	M	0.100478984883425	0.886502707447743	77	31	0.910078409687399	0.987071849859897
HROV-vOTU29947	Smoking_Status	Former_Smoker	-0.0681520051548731	0.607200843995334	77	9	0.910950124559544	0.987071849859897
HROV-vOTU73396	Smoking_Status	Former_Smoker	-0.128499402023569	1.13090456259255	77	24	0.909855493788098	0.987071849859897
HROV-vOTU22312	Age	Age	-0.0341523924489432	0.302875959481618	77	13	0.910538785350447	0.987071849859897
HROV-vOTU61514	diagnosis	RA	-0.0321402050751225	0.282919657039131	77	21	0.909874014923631	0.987071849859897
HROV-vOTU14600	Age	Age	0.0152686145761005	0.136272997391171	77	10	0.911104438292129	0.987071849859897
HROV-vOTU01989	diagnosis	RA	0.0247817832805972	0.220551791934007	77	9	0.910852948307525	0.987071849859897
HROV-vOTU47482	Smoking_Status	Former_Smoker	0.0800082835211328	0.708714335537397	77	9	0.910434652058726	0.987071849859897
HROV-vOTU17055	Age	Age	0.0243603058042473	0.216519312783337	77	14	0.91073756905709	0.987071849859897
HROV-vOTU04830	Smoking_Status	Former_Smoker	0.179440355407078	1.58702437003611	77	32	0.910296392455479	0.987071849859897
HROV-vOTU28582	Smoking_Status	Former_Smoker	0.120355285437493	1.06231184061503	77	15	0.910115927743829	0.987071849859897
HROV-vOTU06834	Age	Age	0.0177235614210785	0.155904897185942	77	10	0.909810826016884	0.987071849859897
HROV-vOTU66601	Smoking_Status	Former_Smoker	-0.1342230246636	1.17277195076157	77	16	0.909204610776475	0.987071849859897
HROV-vOTU06818	Smoking_Status	Former_Smoker	0.0981461513262115	0.861180248421444	77	9	0.909585594831263	0.987071849859897
HROV-vOTU69180	Sex	M	-0.0846360863179501	0.751052425603268	77	15	0.910594354566692	0.987071849859897
HROV-vOTU09705	Age	Age	-0.0112800683493347	0.0985025672342992	77	8	0.909152408753698	0.987071849859897
HROV-vOTU33554	Smoking_Status	Never_Smoker	0.0623654896569444	0.55589693277547	77	10	0.910990177047568	0.987071849859897
HROV-vOTU37097	Smoking_Status	Former_Smoker	-0.0523644414852964	0.468521743451548	77	9	0.911324926686566	0.987197227732437
HROV-vOTU55005	Age	Age	0.0131458304826956	0.117687088534225	77	77	0.911375237865585	0.987205292697635
HROV-vOTU54353	Sex	M	-0.056653179495481	0.508470918405304	77	17	0.911598696841919	0.987354464951766
HROV-vOTU06709	diagnosis	RA	0.07470961399586	0.670427524813632	77	26	0.911585219032852	0.987354464951766
HROV-vOTU00780	Age	Age	-0.0292973160427899	0.263732945911432	77	32	0.911860749121243	0.987406105522956
HROV-vOTU70043	Sex	M	-0.0351289494076326	0.31593804872492	77	8	0.911779915635032	0.987406105522956
HROV-vOTU08849	diagnosis	RA	-0.0459698288195465	0.413412544709882	77	24	0.91177465488803	0.987406105522956
HROV-vOTU38300	Smoking_Status	Former_Smoker	0.13345090722263	1.20126383833981	77	34	0.911856772305845	0.987406105522956
HROV-vOTU48734	diagnosis	RA	0.0472153469742073	0.424335102299595	77	17	0.911716982978826	0.987406105522956
HROV-vOTU03401	Smoking_Status	Never_Smoker	-0.0942974780694158	0.849917141292913	77	57	0.911969809809599	0.987477771400398
HROV-vOTU64011	Age	Age	-0.029307534090375	0.264363140332795	77	39	0.912039445291893	0.987506743068749
HROV-vOTU02899	Age	Age	-0.0552799928965338	0.498889624264283	77	57	0.912082773249471	0.987507228994185
HROV-vOTU41002	Sex	M	-0.0725354602220872	0.65963188134387	77	66	0.912748513344783	0.987682836316815
HROV-vOTU75949	Sex	M	-0.0656466941575866	0.596457053848118	77	74	0.912671457474908	0.987682836316815
HROV-vOTU75058	Age	Age	-0.0244395190036129	0.222322235639863	77	30	0.912776316618089	0.987682836316815
HROV-vOTU69302	Age	Age	-0.0148465293150139	0.134657593933078	77	8	0.912519046778127	0.987682836316815
HROV-vOTU51492	diagnosis	RA	0.0789743065051035	0.715450083783759	77	59	0.912416197886915	0.987682836316815
HROV-vOTU11379	Smoking_Status	Former_Smoker	-0.127647465810471	1.16304369247487	77	14	0.912914939092126	0.987682836316815
HROV-vOTU69117	diagnosis	RA	-0.0316202466321278	0.288157747577866	77	15	0.912931156607731	0.987682836316815
HROV-vOTU67948	Sex	M	0.0659949392223315	0.60014684561396	77	19	0.912747638498177	0.987682836316815
HROV-vOTU14206	Age	Age	0.0203411657535924	0.18535362432641	77	20	0.912923208624598	0.987682836316815
HROV-vOTU48140	Age	Age	-0.0209737954959358	0.190933306852065	77	21	0.912839184433705	0.987682836316815
HROV-vOTU74463	diagnosis	RA	0.0458256860309085	0.417005613482271	77	15	0.912804850828973	0.987682836316815
HROV-vOTU01160	diagnosis	RA	0.0213866862618416	0.194717013032325	77	9	0.912850323956274	0.987682836316815
HROV-vOTU59437	Age	Age	-0.0142857741858621	0.129295671836	77	12	0.912333149332854	0.987682836316815
HROV-vOTU02638	Age	Age	0.0400511561662765	0.364893701468089	77	25	0.912908443683804	0.987682836316815
HROV-vOTU10545	Sex	M	0.0547476260194347	0.496210676213893	77	13	0.912457821043858	0.987682836316815
HROV-vOTU52056	Smoking_Status	Former_Smoker	-0.075437317603119	0.682543172835262	77	9	0.912305741521393	0.987682836316815
HROV-vOTU60699	Sex	M	-0.0562816753055614	0.514154954432691	77	21	0.913142941206837	0.987865555054184
HROV-vOTU05922	Sex	M	0.0707347717065126	0.646541758907784	77	69	0.913190059277982	0.987870123780917
HROV-vOTU38489	Age	Age	0.0222922194409797	0.203881362494643	77	19	0.913241922841186	0.987879825412519
HROV-vOTU64056	Smoking_Status	Former_Smoker	-0.0988992601586834	0.919785022808963	77	74	0.914676298952599	0.9880217768494
HROV-vOTU00252	Sex	M	0.0761758707947431	0.709334891661635	77	71	0.914782029466027	0.9880217768494
HROV-vOTU32240	diagnosis	RA	0.0652843337553784	0.599019209458099	77	28	0.913521524987427	0.9880217768494
HROV-vOTU48679	diagnosis	RA	-0.0637579299445013	0.595739420086863	77	68	0.915072424717684	0.9880217768494
HROV-vOTU02247	diagnosis	RA	-0.0734704691512452	0.685219300136986	77	66	0.914915399818105	0.9880217768494
HROV-vOTU33154	Sex	M	0.0722306713677132	0.669962740375854	77	61	0.914448146596859	0.9880217768494
HROV-vOTU22888	Smoking_Status	Former_Smoker	0.0973251696546522	0.894021627206774	77	68	0.913618864933774	0.9880217768494
HROV-vOTU16979	diagnosis	RA	-0.0506669353660329	0.466173348135697	77	47	0.91375741757349	0.9880217768494
HROV-vOTU01037	Sex	M	0.049730368311921	0.462241537983934	77	9	0.914628144225313	0.9880217768494
HROV-vOTU10328	Smoking_Status	Former_Smoker	-0.138614461390053	1.28600704672119	77	11	0.914468905459067	0.9880217768494
HROV-vOTU29071	Smoking_Status	Former_Smoker	-0.159111914158287	1.46373973282953	77	60	0.913745224425798	0.9880217768494
HROV-vOTU38085	Smoking_Status	Former_Smoker	-0.0731467307175165	0.675325428266852	77	67	0.914052684827678	0.9880217768494
HROV-vOTU32540	Smoking_Status	Former_Smoker	0.0726646959721448	0.679189720872049	77	71	0.915100765641473	0.9880217768494
HROV-vOTU24412	Age	Age	-0.0206400343581973	0.192166112995194	77	10	0.91476883391208	0.9880217768494
HROV-vOTU74953	Smoking_Status	Never_Smoker	-0.0785059677814316	0.730179128120926	77	21	0.91468284524381	0.9880217768494
HROV-vOTU46506	Sex	M	0.0559317921901043	0.51545091083566	77	11	0.91389689965999	0.9880217768494
HROV-vOTU49020	Age	Age	0.026463956192941	0.247421612411592	77	15	0.915123199817853	0.9880217768494
HROV-vOTU26869	Smoking_Status	Never_Smoker	0.0952811299109782	0.892184339413053	77	11	0.91525253269487294	0.9880217768494
HROV-vOTU60668	diagnosis	RA	0.0520527726161909	0.485653486055513	77	25	0.914947763823756	0.9880217768494
HROV-vOTU51059	Smoking_Status	Former_Smoker	-0.0694045550065018	0.63895645320264	77	10	0.913808922948977	0.9880217768494
HROV-vOTU67752	Sex	M	0.0718368107159499	0.662475101498603	77	24	0.913954925424057	0.9880217768494
HROV-vOTU50559	diagnosis	RA	0.0315619303581698	0.294185654224171	77	11	0.914864871105895	0.9880217768494
HROV-vOTU26654	Smoking_Status	Former_Smoker	0.116500985565846	1.07721788300274	77	20	0.914181852724523	0.9880217768494
HROV-vOTU74833	Smoking_Status	Former_Smoker	0.180109623942159	1.66570576308775	77	36	0.914199056097875	0.9880217768494
HROV-vOTU28184	diagnosis	RA	0.0428731956973478	0.397385730928828	77	18	0.914388753342119	0.9880217768494
HROV-vOTU48734	Smoking_Status	Former_Smoker	-0.110511704306174	1.02320924030278	77	17	0.914296371836433	0.9880217768494
HROV-vOTU69449	diagnosis	RA	-0.0221181577185521	0.204538833407269	77	12	0.914192257939574	0.9880217768494
HROV-vOTU72013	Age	Age	0.0225768234699999	0.210281701505878	77	12	0.914802501201013	0.9880217768494
HROV-vOTU59791	Smoking_Status	Former_Smoker	-0.0492479445335289	0.460640497224469	77	9	0.915160403824406	0.9880217768494
HROV-vOTU37764	Age	Age	-0.0249582510802763	0.232720336698047	77	20	0.914896548418807	0.9880217768494
HROV-vOTU19458	Smoking_Status	Never_Smoker	-0.0500048060706314	0.464918979770948	77	12	0.914651292482193	0.9880217768494
HROV-vOTU04429	Smoking_Status	Never_Smoker	-0.0603934038822382	0.560139345377449	77	15	0.914443745873505	0.9880217768494
HROV-vOTU65978	diagnosis	RA	0.0299028123871643	0.275537204135789	77	8	0.91388497850486	0.9880217768494
HROV-vOTU08414	Smoking_Status	Former_Smoker	-0.1200065405607	1.11004165254076	77	16	0.91421341819094	0.9880217768494
HROV-vOTU26544	diagnosis	RA	0.0228552535311085	0.211054880273562	77	9	0.914070654790887	0.9880217768494
HROV-vOTU74254	Sex	M	0.0658016966058552	0.615966277420729	77	18	0.915227676245686	0.9880217768494
HROV-vOTU48283	Smoking_Status	Former_Smoker	-0.0750606785867514	0.688487089858464	77	12	0.913492076826988	0.9880217768494
HROV-vOTU68414	Age	Age	-0.0230598602293316	0.212451693133171	77	15	0.913872202267837	0.9880217768494
HROV-vOTU20454	Age	Age	0.0122124737452772	0.113560477482843	77	11	0.914662653000727	0.9880217768494
HROV-vOTU16097	Sex	M	0.0748192400977578	0.685750686202925	77	27	0.913426511749817	0.9880217768494
HROV-vOTU48788	Smoking_Status	Former_Smoker	0.0695188806807409	0.649430491881051	77	10	0.915054457587483	0.9880217768494
HROV-vOTU73731	Sex	M	0.0428766189025898	0.401058111973033	77	9	0.915162888122672	0.9880217768494
HROV-vOTU39786	Smoking_Status	Former_Smoker	-0.0895838437859949	0.838918947365407	77	8	0.915260815775297	0.9880217768494
HROV-vOTU40521	Smoking_Status	Former_Smoker	-0.0641282198178586	0.588718612378757	77	10	0.913566495453149	0.9880217768494
HROV-vOTU38195	Sex	M	-0.105758949096883	0.992891342266261	77	73	0.915473245793661	0.988083338234797
HROV-vOTU38878	Smoking_Status	Never_Smoker	-0.0530219746436545	0.498199290216827	77	9	0.915543521299445	0.988083338234797
HROV-vOTU03133	Smoking_Status	Former_Smoker	-0.143927335525436	1.35151864571743	77	26	0.915491499841324	0.988083338234797
HROV-vOTU27737	Age	Age	-0.0292143210015781	0.274374302144694	77	60	0.915504850710868	0.988083338234797
HROV-vOTU66463	Smoking_Status	Never_Smoker	0.0526953163295869	0.495316883862626	77	12	0.915575268689994	0.988083338234797
HROV-vOTU63385	Age	Age	0.0196393165559887	0.184461010404329	77	8	0.915510776675047	0.988083338234797
HROV-vOTU08968	Age	Age	-0.0262345381406665	0.246826500197693	77	24	0.9156540964683	0.988096872791341
HROV-vOTU32998	Sex	M	-0.0388827345301203	0.36591152028959	77	9	0.915673619588051	0.988096872791341
HROV-vOTU73856	Smoking_Status	Former_Smoker	-0.0657208485447508	0.619021399391622	77	8	0.915747712616533	0.988130526240863
HROV-vOTU26901	Sex	M	-0.0509663044618729	0.480925097595841	77	10	0.915900597538562	0.988249192340381
HROV-vOTU04431	Smoking_Status	Former_Smoker	0.116648488465929	1.10282399295804	77	18	0.916061101161805	0.988329764815721
HROV-vOTU45464	Age	Age	0.0211039465861863	0.199482385363635	77	17	0.916044498793796	0.988329764815721
HROV-vOTU10574	Age	Age	-0.0320173713805875	0.303436248955337	77	36	0.916263935986844	0.988350963312763
HROV-vOTU75148	Age	Age	0.0201930962428102	0.191261047254743	77	73	0.916214330224646	0.988350963312763
HROV-vOTU30787	Sex	M	0.0718629578253529	0.680561430306624	77	20	0.916202534180909	0.988350963312763
HROV-vOTU07654	diagnosis	RA	-0.0550916334856534	0.522582015258154	77	36	0.916338244405303	0.988350963312763
HROV-vOTU65281	Smoking_Status	Never_Smoker	-0.0444079037664588	0.421050475366206	77	8	0.916300827695121	0.988350963312763
HROV-vOTU64014	Smoking_Status	Former_Smoker	-0.0604562204101082	0.572523045321294	77	9	0.916200561174708	0.988350963312763
HROV-vOTU30551	Smoking_Status	Never_Smoker	-0.101224674289897	0.963427059111652	77	25	0.916618672904966	0.988607129536898
HROV-vOTU31835	diagnosis	RA	-0.0274270078694928	0.261583173283069	77	10	0.916790440242774	0.988668003381192
HROV-vOTU41126	Sex	M	0.0362161450487391	0.345465056693961	77	13	0.916803902744626	0.988668003381192
HROV-vOTU65027	Smoking_Status	Former_Smoker	0.185570389496328	1.76980458034366	77	14	0.916787627038962	0.988668003381192
HROV-vOTU05007	Smoking_Status	Never_Smoker	0.148375420350033	1.41798308764827	77	68	0.916957816802845	0.988671856013108
HROV-vOTU03095	Smoking_Status	Never_Smoker	-0.099682169563711	0.954281443082312	77	14	0.917100556235989	0.988671856013108
HROV-vOTU50950	Age	Age	0.0321869894422054	0.30787854960863	77	62	0.917032078094432	0.988671856013108
HROV-vOTU66997	Sex	M	0.0710438288382465	0.678478456161212	77	63	0.916900762798375	0.988671856013108
HROV-vOTU04737	diagnosis	RA	0.0464809193984814	0.445013065870278	77	20	0.917107983500131	0.988671856013108
HROV-vOTU69926	Smoking_Status	Former_Smoker	0.118028864741429	1.12906914983412	77	8	0.917038404015474	0.988671856013108
HROV-vOTU20653	Smoking_Status	Former_Smoker	0.140705088587281	1.34455189694637	77	35	0.916949944212732	0.988671856013108
HROV-vOTU14834	Age	Age	-0.0131664499642135	0.12636807207882	77	76	0.91731132692445	0.988752216562299
HROV-vOTU13316	Age	Age	0.0154498057136078	0.148197076630494	77	11	0.917263498832326	0.988752216562299
HROV-vOTU51369	Age	Age	0.0135051714507326	0.129606545622753	77	10	0.917303390797916	0.988752216562299
HROV-vOTU46010	Smoking_Status	Former_Smoker	0.128296748752813	1.23228679226519	77	48	0.917373426038835	0.988772874136489
HROV-vOTU55083	Smoking_Status	Never_Smoker	-0.112467126828796	1.08217909751138	77	67	0.917520658192535	0.988816115254013
HROV-vOTU43598	Smoking_Status	Never_Smoker	0.0478178537392791	0.460257493823925	77	11	0.917546624723296	0.988816115254013
HROV-vOTU27268	Smoking_Status	Former_Smoker	0.159898904413467	1.54059278708744	77	63	0.917628224715969	0.988816115254013
HROV-vOTU22312	Smoking_Status	Former_Smoker	-0.148189191850281	1.42748253091289	77	13	0.917611574131132	0.988816115254013
HROV-vOTU68726	Smoking_Status	Former_Smoker	-0.144352393941194	1.38908953143717	77	10	0.917526846893392	0.988816115254013
HROV-vOTU07124	Sex	M	-0.0815996488401347	0.790002987363278	77	42	0.918023769222183	0.988862095369112
HROV-vOTU50560	Age	Age	-0.0247506833197706	0.239818886672726	77	62	0.918090649818777	0.988862095369112
HROV-vOTU73012	Smoking_Status	Never_Smoker	-0.125060799300765	1.2135286969209	77	53	0.918209457287925	0.988862095369112
HROV-vOTU36921	Smoking_Status	Never_Smoker	0.082265151066737	0.793812968763441	77	30	0.917752841345648	0.988862095369112
HROV-vOTU58942	Sex	M	-0.0350056195549229	0.338506948982899	77	8	0.917927676471004	0.988862095369112
HROV-vOTU59597	diagnosis	RA	0.0633781806446946	0.615300636571885	77	23	0.918250495694195	0.988862095369112
HROV-vOTU40973	Smoking_Status	Former_Smoker	-0.0667157263914842	0.646009103227438	77	14	0.918036928938654	0.988862095369112
HROV-vOTU69853	Age	Age	0.0246351868772546	0.238958790903079	77	56	0.918179108011751	0.988862095369112
HROV-vOTU08388	Age	Age	0.0360413958858165	0.349788422781679	77	62	0.918223525979078	0.988862095369112
HROV-vOTU01188	Age	Age	0.0120813981143213	0.117035309640753	77	9	0.91807251750664	0.988862095369112
HROV-vOTU10321	Sex	M	-0.0756471687688283	0.731404035008328	77	34	0.917915408721689	0.988862095369112
HROV-vOTU31916	Smoking_Status	Former_Smoker	0.102160550900181	0.986544928553799	77	13	0.917815342083287	0.988862095369112
HROV-vOTU12458	Smoking_Status	Former_Smoker	0.0562699872448514	0.543974423151356	77	12	0.917903541569421	0.988862095369112
HROV-vOTU04898	Smoking_Status	Never_Smoker	0.0541069800681726	0.525431009484676	77	9	0.918272026555095	0.988862095369112
HROV-vOTU04065	diagnosis	RA	0.0296572974963746	0.288654589581966	77	77	0.918456423170507	0.988908539505741
HROV-vOTU12570	Smoking_Status	Never_Smoker	-0.140527221536556	1.36639824491676	77	38	0.918375923394976	0.988908539505741
HROV-vOTU41338	Smoking_Status	Former_Smoker	-0.0909759275863743	0.885801467605559	77	31	0.91848691532904	0.988908539505741
HROV-vOTU67613	diagnosis	RA	-0.0207836920060788	0.202230131488021	77	8	0.918433271533755	0.988908539505741
HROV-vOTU02808	Age	Age	-0.0319169428234316	0.312128956373593	77	75	0.918842025075574	0.989117607457577
HROV-vOTU03079	Sex	M	0.0933494826850516	0.912738114175366	77	10	0.918827405249726	0.989117607457577
HROV-vOTU45071	Sex	M	-0.0504863207837174	0.493199067770322	77	18	0.918755529655951	0.989117607457577
HROV-vOTU70703	Smoking_Status	Never_Smoker	-0.0671452939873904	0.656729784914359	77	22	0.918852891617343	0.989117607457577
HROV-vOTU04579	Age	Age	-0.0505082065833881	0.496557846139845	77	44	0.919268293366501	0.989323080071664
HROV-vOTU35103	Smoking_Status	Former_Smoker	0.246884385018195	2.42743237066519	77	60	0.919276742975206	0.989323080071664
HROV-vOTU08745	Sex	M	-0.0682800539190807	0.670822427862364	77	74	0.919213780142526	0.989323080071664
HROV-vOTU02641	Sex	M	0.12008798301174	1.17923804551291	77	53	0.919174512431317	0.989323080071664
HROV-vOTU49433	Sex	M	0.0541324147814917	0.532692696557496	77	21	0.919344474017094	0.989323080071664
HROV-vOTU68286	Smoking_Status	Never_Smoker	-0.0656751742229208	0.646209133551129	77	12	0.919335685900634	0.989323080071664
HROV-vOTU24656	Sex	M	0.0529934192685925	0.519963469365668	77	13	0.919109383658934	0.989323080071664
HROV-vOTU41053	Smoking_Status	Former_Smoker	-0.0746744642560512	0.735419215929942	77	12	0.919408023339073	0.989330934744799
HROV-vOTU09121	diagnosis	RA	-0.0295873491724427	0.291534469605279	77	14	0.919448880531582	0.989330934744799
HROV-vOTU11788	Sex	M	-0.0491957971764859	0.484935260854799	77	9	0.919480648166638	0.989330934744799
HROV-vOTU53337	Smoking_Status	Never_Smoker	0.11714046372368	1.15579268219092	77	60	0.919557700207753	0.989336958784193
HROV-vOTU02117	diagnosis	RA	-0.0273590524959212	0.269992948175525	77	10	0.919572164122207	0.989336958784193
HROV-vOTU51034	Sex	M	-0.0591897927487919	0.584555617914264	77	72	0.919632609567867	0.989355771399448
HROV-vOTU51859	Age	Age	0.0255181284236028	0.252666414818948	77	75	0.919838829188457	0.989394684673692
HROV-vOTU16406	diagnosis	RA	-0.0435313207746245	0.430603937203357	77	19	0.919761067427224	0.989394684673692
HROV-vOTU02792	Smoking_Status	Former_Smoker	-0.0633438213696942	0.62720963601599	77	23	0.919840624991247	0.989394684673692
HROV-vOTU67200	Smoking_Status	Former_Smoker	0.0773906709698272	0.76519446029193	77	10	0.919725534287255	0.989394684673692
HROV-vOTU24821	diagnosis	RA	0.0276751846901557	0.274930684498572	77	9	0.920102169613272	0.989440031728042
HROV-vOTU43167	diagnosis	RA	-0.0571776637063767	0.568779463353094	77	40	0.920209319651652	0.989440031728042
HROV-vOTU51623	diagnosis	RA	0.0506526056419617	0.502766163700952	77	70	0.92003459157948	0.989440031728042
HROV-vOTU62380	Age	Age	0.027640624370874	0.275348125514092	77	31	0.920322170509072	0.989440031728042
HROV-vOTU31896	Sex	M	-0.086026861239945	0.853496125284983	77	57	0.919998476059784	0.989440031728042
HROV-vOTU09198	Smoking_Status	Former_Smoker	-0.161092024949053	1.60150320367094	77	60	0.920161016654482	0.989440031728042
HROV-vOTU00799	Smoking_Status	Never_Smoker	-0.0802887894023027	0.800582289861691	77	22	0.920398341281366	0.989440031728042
HROV-vOTU35858	diagnosis	RA	0.0353591858737532	0.352263525026021	77	12	0.920327864773816	0.989440031728042
HROV-vOTU41896	Sex	M	-0.0394502054222605	0.392539122367995	77	9	0.920230588634132	0.989440031728042
HROV-vOTU18575	diagnosis	RA	0.0447706944625542	0.445656182342055	77	26	0.920262145036411	0.989440031728042
HROV-vOTU55887	Smoking_Status	Former_Smoker	0.0385186169942876	0.384038274338651	77	8	0.920389710724594	0.989440031728042
HROV-vOTU36038	Smoking_Status	Former_Smoker	0.0769847182613872	0.765542437994307	77	11	0.920181345630956	0.989440031728042
HROV-vOTU64056	Sex	M	-0.0502974688276191	0.503441704410195	77	74	0.920699538524082	0.989586072248665
HROV-vOTU05340	Smoking_Status	Never_Smoker	0.148754828133133	1.48957032029305	77	49	0.920733540043287	0.989586072248665
HROV-vOTU43272	Smoking_Status	Former_Smoker	-0.154759723706871	1.54859737347133	77	51	0.920677245254862	0.989586072248665
HROV-vOTU27379	Sex	M	-0.0809976938506579	0.809703838741796	77	10	0.92059947473574	0.989586072248665
HROV-vOTU23315	Smoking_Status	Never_Smoker	-0.119216369174519	1.19466838601202	77	38	0.920792007912142	0.989586072248665
HROV-vOTU01917	Smoking_Status	Never_Smoker	0.0474081026930179	0.475036312359825	77	8	0.920785237350287	0.989586072248665
HROV-vOTU61820	Sex	M	0.0903314214099656	0.90576528161378	77	42	0.920840225199799	0.989591711915603
HROV-vOTU11370	diagnosis	RA	-0.0495608659910875	0.500682706236224	77	70	0.921427876482551	0.989639509136288
HROV-vOTU28659	Smoking_Status	Never_Smoker	-0.0625099512622107	0.628160570795096	77	73	0.921011652481388	0.989639509136288
HROV-vOTU53087	Age	Age	0.0565948324313249	0.572141092406177	77	49	0.921482433105472	0.989639509136288
HROV-vOTU06939	Smoking_Status	Former_Smoker	-0.196305803214876	1.98463659780214	77	29	0.921486306292599	0.989639509136288
HROV-vOTU74340	Smoking_Status	Former_Smoker	-0.063848976961367	0.643475454907528	77	14	0.921239097130039	0.989639509136288
HROV-vOTU07438	Sex	M	0.0655205936575273	0.661614188563783	77	64	0.921392396189953	0.989639509136288
HROV-vOTU03930	Age	Age	-0.0161692281176079	0.162447232929751	77	13	0.920993798645482	0.989639509136288
HROV-vOTU57856	Sex	M	-0.0538930459735619	0.543596992595654	77	35	0.921305273647592	0.989639509136288
HROV-vOTU30551	Sex	M	-0.0739040019791887	0.744409913643294	77	25	0.921196817089131	0.989639509136288
HROV-vOTU03500	diagnosis	RA	-0.0428960503445115	0.43339098487156	77	17	0.921434883821661	0.989639509136288
HROV-vOTU54487	Age	Age	-0.0263729742735942	0.266001573240707	77	26	0.921301802230378	0.989639509136288
HROV-vOTU64068	Smoking_Status	Former_Smoker	-0.121856280443015	1.22542281026568	77	31	0.921069009060782	0.989639509136288
HROV-vOTU61881	Sex	M	0.0381996321971009	0.383880185354971	77	11	0.921014371877868	0.989639509136288
HROV-vOTU61670	Smoking_Status	Former_Smoker	-0.07059978331982	0.711258539828198	77	12	0.921211271632969	0.989639509136288
HROV-vOTU46316	Smoking_Status	Former_Smoker	-0.0544762609354325	0.551565454122651	77	75	0.921601885577805	0.989662803321312
HROV-vOTU28582	diagnosis	RA	0.0434922655508388	0.44055134160835	77	15	0.921636914582379	0.989662803321312
HROV-vOTU61881	diagnosis	RA	-0.0287341348810045	0.290855543961227	77	11	0.921581993235144	0.989662803321312
HROV-vOTU71745	Sex	M	-0.103597755024987	1.05002305905224	77	65	0.921684378250345	0.98966762547116
HROV-vOTU71894	Smoking_Status	Never_Smoker	-0.0893167900349168	0.905800460126862	77	26	0.92172946794642	0.989669898214651
HROV-vOTU74890	Sex	M	-0.0381494360080619	0.387119207008765	77	10	0.921775650136631	0.989673343713129
HROV-vOTU02539	Age	Age	-0.0264214297927214	0.269926313307382	77	68	0.922300325269648	0.989682997435467
HROV-vOTU10574	diagnosis	RA	-0.0581222489135129	0.59308640113086	77	36	0.922208724999834	0.989682997435467
HROV-vOTU33206	Smoking_Status	Never_Smoker	0.0890002451060855	0.909071111497138	77	23	0.922285655577371	0.989682997435467
HROV-vOTU75522	Age	Age	0.0372138107654955	0.379673769058848	77	43	0.922196385555112	0.989682997435467
HROV-vOTU36826	Sex	M	0.072815302256485	0.741618544251078	77	70	0.922062608558402	0.989682997435467
HROV-vOTU17468	Age	Age	-0.0313849895818102	0.320521584034758	77	60	0.922272925938421	0.989682997435467
HROV-vOTU61440	Sex	M	0.0478144123819047	0.488168256160755	77	18	0.922250698636202	0.989682997435467
HROV-vOTU06122	Smoking_Status	Former_Smoker	0.0947430903447298	0.962117000890773	77	12	0.921833749849426	0.989682997435467
HROV-vOTU63563	Sex	M	-0.0742199020043596	0.754664707060068	77	26	0.921932950478328	0.989682997435467
HROV-vOTU42965	Smoking_Status	Former_Smoker	-0.111867757519657	1.13756628252123	77	26	0.921939779250974	0.989682997435467
HROV-vOTU48330	Smoking_Status	Former_Smoker	-0.0641356208109255	0.653322598177175	77	14	0.922075209786688	0.989682997435467
HROV-vOTU66452	diagnosis	RA	0.0706582235115404	0.720744608558377	77	28	0.922180712723465	0.989682997435467
HROV-vOTU05956	Sex	M	-0.0725456771144434	0.744533027009917	77	72	0.922653250841614	0.989798602778105
HROV-vOTU10574	Smoking_Status	Former_Smoker	0.137346777774004	1.43012322724732	77	36	0.923760619980514	0.989798602778105
HROV-vOTU13522	Smoking_Status	Former_Smoker	-0.102161160980141	1.06378121151872	77	74	0.923762634338003	0.989798602778105
HROV-vOTU74082	Age	Age	0.0379244088551392	0.396707021644989	77	47	0.924109142459697	0.989798602778105
HROV-vOTU74082	Smoking_Status	Never_Smoker	-0.127144232860299	1.3244800890962	77	47	0.923794524717223	0.989798602778105
HROV-vOTU69633	Smoking_Status	Former_Smoker	-0.11890017766159	1.23503662153256	77	70	0.923575306102792	0.989798602778105
HROV-vOTU44501	Smoking_Status	Former_Smoker	-0.0791073393698853	0.8253619451555	77	12	0.923913187628158	0.989798602778105
HROV-vOTU30980	Sex	M	-0.0706346106811673	0.726096254793351	77	39	0.922778166924197	0.989798602778105
HROV-vOTU44031	diagnosis	RA	0.0561860960071337	0.576308760508387	77	34	0.92260955556551	0.989798602778105
HROV-vOTU57885	Smoking_Status	Never_Smoker	0.162160275107528	1.67896887217117	77	56	0.923329468106966	0.989798602778105
HROV-vOTU49413	Sex	M	0.0650525642462109	0.672442953178401	77	25	0.923204921055092	0.989798602778105
HROV-vOTU31478	Smoking_Status	Former_Smoker	0.101729705513693	1.04683809338861	77	25	0.922858785992961	0.989798602778105
HROV-vOTU49611	Age	Age	0.0184045011307768	0.191919534568674	77	72	0.923872564557968	0.989798602778105
HROV-vOTU69424	Smoking_Status	Former_Smoker	-0.140180974531344	1.45323972448621	77	39	0.923426201356888	0.989798602778105
HROV-vOTU56181	Sex	M	0.0865133556112799	0.903129717975966	77	58	0.9239549729329	0.989798602778105
HROV-vOTU46022	Smoking_Status	Never_Smoker	-0.11757397488385	1.23135962034838	77	42	0.924200135145055	0.989798602778105
HROV-vOTU70315	Smoking_Status	Never_Smoker	0.103129661730649	1.07606208686075	77	49	0.923917741366912	0.989798602778105
HROV-vOTU15261	Smoking_Status	Former_Smoker	-0.189406934595024	1.97685362179864	77	47	0.92393955121189	0.989798602778105
HROV-vOTU22235	Smoking_Status	Never_Smoker	0.0940880626442521	0.968183007651641	77	62	0.922857227790083	0.989798602778105
HROV-vOTU13259	Age	Age	0.0275891135844343	0.28496098845985	77	31	0.923144372879068	0.989798602778105
HROV-vOTU11096	diagnosis	RA	-0.0513399871907796	0.531213163495715	77	20	0.923279278676642	0.989798602778105
HROV-vOTU11450	Smoking_Status	Never_Smoker	0.0720846425065781	0.748026001575832	77	29	0.923500998140475	0.989798602778105
HROV-vOTU30890	diagnosis	RA	0.0520646250972406	0.541630183437485	77	30	0.923691485761491	0.989798602778105
HROV-vOTU22361	diagnosis	RA	0.0372224016371972	0.384326922170752	77	16	0.923117687757883	0.989798602778105
HROV-vOTU35097	diagnosis	RA	-0.0403254830255593	0.420848190287742	77	9	0.923933832824911	0.989798602778105
HROV-vOTU32970	Age	Age	-0.0361966337665746	0.371583945538654	77	62	0.922673899643889	0.989798602778105
HROV-vOTU32579	Age	Age	-0.0153405485636772	0.157822318902605	77	8	0.922840334341197	0.989798602778105
HROV-vOTU27190	Smoking_Status	Former_Smoker	-0.0783851776464215	0.817805723445642	77	21	0.923911185333168	0.989798602778105
HROV-vOTU47351	Smoking_Status	Former_Smoker	0.089027179391254	0.920531958946947	77	14	0.923226992078659	0.989798602778105
HROV-vOTU50822	Smoking_Status	Never_Smoker	-0.116200926882218	1.21716399837286	77	18	0.924211583215321	0.989798602778105
HROV-vOTU62984	diagnosis	RA	-0.0537641425421947	0.553130592456662	77	39	0.92284164926184	0.989798602778105
HROV-vOTU71482	diagnosis	RA	-0.0249337535276482	0.256649999681983	77	15	0.922880362013185	0.989798602778105
HROV-vOTU11265	Age	Age	-0.0471621486340825	0.49263954325586	77	33	0.924001864047343	0.989798602778105
HROV-vOTU26115	Age	Age	-0.0410656624682782	0.426009924213023	77	30	0.92347762978007	0.989798602778105
HROV-vOTU26115	Smoking_Status	Never_Smoker	-0.135997752505763	1.4223132729989	77	30	0.924093891651342	0.989798602778105
HROV-vOTU37085	Sex	M	-0.0464534542372266	0.479167077327056	77	15	0.923042218273362	0.989798602778105
HROV-vOTU48330	Sex	M	-0.0343101464651356	0.357594257570692	77	14	0.923832857698094	0.989798602778105
HROV-vOTU31491	Smoking_Status	Former_Smoker	0.0775646393997953	0.812479416047137	77	12	0.924213163445088	0.989798602778105
HROV-vOTU24094	Age	Age	0.0103906977819598	0.107656284201006	77	8	0.92338162996701	0.989798602778105
HROV-vOTU54618	Smoking_Status	Former_Smoker	0.121528706736726	1.27043720553415	77	15	0.924060917462143	0.989798602778105
HROV-vOTU65848	Age	Age	0.0172193860034614	0.176652449221825	77	10	0.922622989546003	0.989798602778105
HROV-vOTU68761	Smoking_Status	Former_Smoker	-0.0839192068565222	0.873137564205233	77	11	0.923702202895543	0.989798602778105
HROV-vOTU73856	diagnosis	RA	0.0244666201262496	0.256714363485179	77	8	0.924339638155449	0.989888019842826
HROV-vOTU37184	Smoking_Status	Former_Smoker	0.0856908543659398	0.901307132402932	77	27	0.92452388844679	0.989993265026716
HROV-vOTU28313	Sex	M	-0.0491136585257883	0.51641672432613706	77	13	0.924499572266195	0.989993265026716
HROV-vOTU56283	diagnosis	RA	0.019706355100969	0.207409371930564	77	75	0.924573032789756	0.989999857966714
HROV-vOTU08812	Smoking_Status	Former_Smoker	0.131372906714921	1.38501867473472	77	25	0.924698936163577	0.990042608082156
HROV-vOTU18688	Smoking_Status	Former_Smoker	-0.117081361336167	1.23393682670948	77	22	0.924673926442562	0.990042608082156
HROV-vOTU21304	Smoking_Status	Former_Smoker	0.151268260567573	1.59701659189313	77	50	0.924804617575269	0.990109727244593
HROV-vOTU61921	Age	Age	0.0459143443421881	0.485087460667216	77	42	0.924858118631856	0.990120977691132
HROV-vOTU11570	Smoking_Status	Never_Smoker	0.0690238444925607	0.740769565188532	77	76	0.926024139715664	0.99018866180114
HROV-vOTU24513	Sex	M	-0.061127408763855	0.651438946488207	77	73	0.925504972470148	0.99018866180114
HROV-vOTU14834	diagnosis	RA	-0.0231939626463369	0.246994831188095	77	76	0.92544940044994894	0.99018866180114
HROV-vOTU30486	Smoking_Status	Former_Smoker	0.182270344682742	1.95751684677028	77	50	0.926076007952731	0.99018866180114
HROV-vOTU04421	Smoking_Status	Former_Smoker	-0.0701602364129615	0.748699340903253	77	75	0.925603872660131	0.99018866180114
HROV-vOTU55105	diagnosis	RA	-0.0554816696943305	0.593137929332753	77	38	0.925738639904396	0.99018866180114
HROV-vOTU64280	Age	Age	-0.0414150954258936	0.439204033450819	77	31	0.925139796738108	0.99018866180114
HROV-vOTU36207	Smoking_Status	Never_Smoker	0.135097712118947	1.44307200702634	77	38	0.925676186854698	0.99018866180114
HROV-vOTU11329	Smoking_Status	Former_Smoker	0.0875679684166872	0.9393718944362	77	10	0.925991575305019	0.99018866180114
HROV-vOTU41729	Sex	M	-0.092407130190442	0.986114560010543	77	56	0.925604808825077	0.99018866180114
HROV-vOTU72708	diagnosis	RA	0.037700468198802	0.404327985117535	77	17	0.925973693430981	0.99018866180114
HROV-vOTU54255	Smoking_Status	Never_Smoker	0.101424181940597	1.07640482263314	77	29	0.925195880847569	0.99018866180114
HROV-vOTU63137	Age	Age	-0.0175475318991643	0.186520587704912	77	18	0.925311983677371	0.99018866180114
HROV-vOTU23000	Age	Age	-0.0459378487127458	0.493837266273508	77	51	0.926147884965139	0.99018866180114
HROV-vOTU08296	Smoking_Status	Former_Smoker	0.106254728293229	1.13822347890975	77	27	0.925887344872427	0.99018866180114
HROV-vOTU56568	Age	Age	0.0270534570989859	0.288505890231486	77	32	0.925555266700669	0.99018866180114
HROV-vOTU25110	diagnosis	RA	-0.0535329267451876	0.57300996243416	77	25	0.925829797164851	0.99018866180114
HROV-vOTU74035	Sex	M	0.0712879185421626	0.756861941083865	77	40	0.925224487021902	0.99018866180114
HROV-vOTU31167	Sex	M	0.0724739176306964	0.779318268805278	77	29	0.926168213801926	0.99018866180114
HROV-vOTU13532	diagnosis	RA	-0.0326847986653524	0.349974038546588	77	14	0.925855135627033	0.99018866180114
HROV-vOTU55586	Smoking_Status	Former_Smoker	-0.191444545019983	2.05641331981739	77	33	0.926089230958938	0.99018866180114
HROV-vOTU70414	diagnosis	RA	0.0395406793217472	0.418864957108167	77	18	0.925057648163338	0.99018866180114
HROV-vOTU73260	diagnosis	RA	-0.0523604441931444	0.556650344011755	77	31	0.925323715025684	0.99018866180114
HROV-vOTU62511	Smoking_Status	Former_Smoker	-0.0577359329306984	0.613441682431317	77	10	0.925280489842627	0.99018866180114
HROV-vOTU49084	Smoking_Status	Former_Smoker	-0.0935132762349233	0.997957441523592	77	15	0.925607688330376	0.99018866180114
HROV-vOTU25877	Smoking_Status	Former_Smoker	-0.0950338290750546	1.01352303840023	77	18	0.925559280025752	0.99018866180114
HROV-vOTU70862	Sex	M	-0.0409780931342639	0.437935572165475	77	12	0.925713455202504	0.99018866180114
HROV-vOTU10461	Smoking_Status	Former_Smoker	0.100231696558076	1.07158678385476	77	9	0.925741383523747	0.99018866180114
HROV-vOTU08375	Sex	M	0.0549134227804819	0.590408077006704	77	12	0.926158153994453	0.99018866180114
HROV-vOTU23255	Age	Age	-0.0350455578625374	0.377871422876111	77	55	0.926367617497925	0.990343373531469
HROV-vOTU00760	Sex	M	-0.0391087540378771	0.42236620753149	77	10	0.926486553886795	0.990343373531469
HROV-vOTU36670	Sex	M	-0.093074509572258	1.0067086955969	77	28	0.926597508084854	0.990343373531469
HROV-vOTU49020	Smoking_Status	Never_Smoker	0.0763559014595156	0.826063017217003	77	15	0.926613938899527	0.990343373531469
HROV-vOTU20868	Smoking_Status	Never_Smoker	-0.0761346550489542	0.823291217654127	77	46	0.926580322136003	0.990343373531469
HROV-vOTU27295	Smoking_Status	Former_Smoker	0.0749797387278735	0.810856789539593	77	17	0.926585233422342	0.990343373531469
HROV-vOTU35852	Sex	M	-0.0296098193837067	0.319703197375544	77	8	0.92646900489041	0.990343373531469
HROV-vOTU36422	Smoking_Status	Former_Smoker	0.100717105559565	1.12168213090068	77	75	0.928706015895388	0.990356649742995
HROV-vOTU32613	Sex	M	0.0816441239890455	0.913621653827343	77	68	0.929044899327475	0.990356649742995
HROV-vOTU00880	Smoking_Status	Never_Smoker	0.0975908642715115	1.0997478410318	77	60	0.929538925159323	0.990356649742995
HROV-vOTU01773	Smoking_Status	Never_Smoker	0.0760914479303468	0.838919565646067	77	72	0.927985006632261	0.990356649742995
HROV-vOTU08847	Smoking_Status	Former_Smoker	0.119357494726673	1.30328585157665	77	59	0.927288073697321	0.990356649742995
HROV-vOTU73443	diagnosis	RA	-0.0527345912299299	0.596221826072738	77	66	0.929769668790368	0.990356649742995
HROV-vOTU07005	diagnosis	RA	0.0512411859118668	0.577619438782938	77	42	0.92956136061021	0.990356649742995
HROV-vOTU70013	Smoking_Status	Never_Smoker	0.0693359655650548	0.750835313816005	77	22	0.926683922178022	0.990356649742995
HROV-vOTU68141	Smoking_Status	Former_Smoker	0.0821067166258698	0.933925777538591	77	13	0.930191194249196	0.990356649742995
HROV-vOTU73091	diagnosis	RA	-0.0705312133370034	0.775039787147458	77	44	0.927746192273109	0.990356649742995
HROV-vOTU75566	Age	Age	0.0224597926670581	0.253140394408456	77	14	0.929550535082789	0.990356649742995
HROV-vOTU51944	Sex	M	0.0843243580794404	0.952097837961231	77	57	0.929675456159495	0.990356649742995
HROV-vOTU16529	Smoking_Status	Former_Smoker	-0.164727970173394	1.81602679634395	77	61	0.92798011684756	0.990356649742995
HROV-vOTU32660	Age	Age	-0.03791229010993	0.41546643282544	77	39	0.927549041989327	0.990356649742995
HROV-vOTU43644	diagnosis	RA	-0.0557546331457146	0.63408521427307	77	60	0.930180449745652	0.990356649742995
HROV-vOTU11025	Smoking_Status	Former_Smoker	-0.160338331440881	1.80923180370784	77	58	0.929631566143227	0.990356649742995
HROV-vOTU09659	Smoking_Status	Former_Smoker	0.124776335609017	1.41175235121216	77	55	0.929820294834824	0.990356649742995
HROV-vOTU37432	Age	Age	-0.0178344210267497	0.203080523438579	77	18	0.930267398706608	0.990356649742995
HROV-vOTU59318	Age	Age	0.012423549186107	0.136453586914372	77	76	0.927712444222241	0.990356649742995
HROV-vOTU20596	Smoking_Status	Never_Smoker	0.0751225371986974	0.83448846061432	77	27	0.928523000249046	0.990356649742995
HROV-vOTU43948	Smoking_Status	Never_Smoker	-0.0610099287426701	0.688333590697884	77	30	0.929622126848893	0.990356649742995
HROV-vOTU48984	Sex	M	-0.0420862206258039	0.462862125876015	77	10	0.927807398050421	0.990356649742995
HROV-vOTU07697	Age	Age	-0.0128307756979453	0.143823516645728	77	15	0.929164647321511	0.990356649742995
HROV-vOTU46996	diagnosis	RA	-0.0728485230884059	0.791014686156082	77	43	0.926881894172498	0.990356649742995
HROV-vOTU69003	Smoking_Status	Never_Smoker	-0.0439893933816755	0.499151010837686	77	9	0.930022703873543	0.990356649742995
HROV-vOTU33624	Age	Age	0.0314737171629476	0.341090490844672	77	63	0.926740367305106	0.990356649742995
HROV-vOTU17332	diagnosis	RA	-0.0706928934976017	0.779683050889491	77	64	0.928011105746177	0.990356649742995
HROV-vOTU47619	Smoking_Status	Former_Smoker	0.164221713569186	1.86383434914203	77	34	0.930037607765755	0.990356649742995
HROV-vOTU74263	Smoking_Status	Never_Smoker	-0.0570692128527078	0.635737961967118	77	15	0.928723972689726	0.990356649742995
HROV-vOTU07299	Smoking_Status	Former_Smoker	-0.109958319542082	1.22618312610185	77	27	0.928797747495105	0.990356649742995
HROV-vOTU03824	Age	Age	-0.0235544943322977	0.267439780582329	77	24	0.930065798503428	0.990356649742995
HROV-vOTU04318	Age	Age	-0.0291666440925274	0.32596579428703	77	53	0.928954266311667	0.990356649742995
HROV-vOTU01091	Age	Age	-0.0297047171094357	0.337500982624413	77	51	0.930113546816457	0.990356649742995
HROV-vOTU49433	Age	Age	0.0187248518165423	0.206494214252082	77	21	0.928002371188427	0.990356649742995
HROV-vOTU42430	Age	Age	-0.024766372184932	0.28207226249753	77	23	0.930281606769006	0.990356649742995
HROV-vOTU03705	Smoking_Status	Never_Smoker	0.118142216156112	1.2833059875146	77	24	0.926908970003722	0.990356649742995
HROV-vOTU20362	Age	Age	-0.0236008179746657	0.268504360044451	77	32	0.930205719408296	0.990356649742995
HROV-vOTU49134	Smoking_Status	Never_Smoker	0.114010175998056	1.28638854317604	77	46	0.929626991724338	0.990356649742995
HROV-vOTU25856	Smoking_Status	Former_Smoker	-0.0698704724106686	0.772518122678292	77	15	0.928188200193621	0.990356649742995
HROV-vOTU15034	diagnosis	RA	-0.031805758750927	0.357659304183365	77	17	0.929389871957351	0.990356649742995
HROV-vOTU55776	Sex	M	-0.0338655275210529	0.377438624736184	77	11	0.928758701035759	0.990356649742995
HROV-vOTU75616	Sex	M	-0.0416540148092216	0.45803867617620603	77	17	0.927796384667329	0.990356649742995
HROV-vOTU31176	diagnosis	RA	-0.0245795510154292	0.269266594911132	77	8	0.927524518836465	0.990356649742995
HROV-vOTU09006	Smoking_Status	Former_Smoker	-0.107138851179278	1.17057770163254	77	27	0.927332014703192	0.990356649742995
HROV-vOTU48546	Sex	M	-0.112923533090819	1.25943504166958	77	24	0.928808223034717	0.990356649742995
HROV-vOTU05518	Smoking_Status	Former_Smoker	-0.0958139705013209	1.08112712069169	77	22	0.9296301231778	0.990356649742995
HROV-vOTU04431	diagnosis	RA	-0.0412331878225309	0.457352136237375	77	18	0.928416845601086	0.990356649742995
HROV-vOTU35848	Sex	M	0.0533349616701843	0.594451555768443	77	22	0.928761315951809	0.990356649742995
HROV-vOTU24121	Sex	M	0.0262750169587852	0.290664295666058	77	14	0.928226723788723	0.990356649742995
HROV-vOTU02645	Smoking_Status	Former_Smoker	-0.0850832104538862	0.954914393848039	77	18	0.929253014549335	0.990356649742995
HROV-vOTU39510	diagnosis	RA	0.0490990261557844	0.557416764925603	77	55	0.930058558923091	0.990356649742995
HROV-vOTU17607	Smoking_Status	Never_Smoker	-0.0990177916787473	1.07612288151411	77	54	0.926946471206886	0.990356649742995
HROV-vOTU48425	Age	Age	0.0161016298119215	0.176763298829726	77	16	0.927676415070971	0.990356649742995
HROV-vOTU60965	Age	Age	-0.0224309426341203	0.243490316772092	77	29	0.926860129634126	0.990356649742995
HROV-vOTU32022	Age	Age	-0.0269850273598823	0.307019526716741	77	52	0.930208740483412	0.990356649742995
HROV-vOTU53418	Sex	M	0.0513412814086249	0.57205018282765	77	27	0.928738891851182	0.990356649742995
HROV-vOTU29302	Smoking_Status	Never_Smoker	-0.149960465616819	1.68854334418872	77	33	0.929482508115672	0.990356649742995
HROV-vOTU39268	diagnosis	RA	-0.0496391676095429	0.542656467094141	77	8	0.927373253808122	0.990356649742995
HROV-vOTU56119	Smoking_Status	Former_Smoker	0.130101658765571	1.4437960016264	77	42	0.928452867579829	0.990356649742995
HROV-vOTU70688	Sex	M	0.0435543610140152	0.47295916088624	77	9	0.926886628181863	0.990356649742995
HROV-vOTU30770	Sex	M	0.058761676818471	0.663777765646273	77	30	0.929707746308088	0.990356649742995
HROV-vOTU34692	Smoking_Status	Former_Smoker	0.136786764006739	1.53453463077946	77	27	0.929222472424353	0.990356649742995
HROV-vOTU40670	Smoking_Status	Never_Smoker	0.0792604052739817	0.866078694440523	77	24	0.927339990530629	0.990356649742995
HROV-vOTU13086	Smoking_Status	Former_Smoker	0.100178547721154	1.09474799779011	77	20	0.927346390232549	0.990356649742995
HROV-vOTU71255	Smoking_Status	Never_Smoker	0.0461509846917943	0.514592550543805	77	13	0.928790435522663	0.990356649742995
HROV-vOTU22561	Smoking_Status	Never_Smoker	-0.044279315562594	0.484465140797412	77	11	0.927433451756761	0.990356649742995
HROV-vOTU34831	diagnosis	RA	0.0560019699347239	0.633313125639705	77	33	0.929786262745596	0.990356649742995
HROV-vOTU47915	diagnosis	RA	-0.054126059188601	0.613135296401117	77	22	0.929904635014092	0.990356649742995
HROV-vOTU23458	Age	Age	-0.0150148261091569	0.167656176454282	77	9	0.928891212288925	0.990356649742995
HROV-vOTU03694	Smoking_Status	Former_Smoker	-0.0533103120856721	0.60398221242036	77	8	0.929914777997273	0.990356649742995
HROV-vOTU34373	Smoking_Status	Never_Smoker	-0.035936941914925	0.400421185606733	77	8	0.928740283526032	0.990356649742995
HROV-vOTU65978	Age	Age	0.0126162463973672	0.1409709875512	77	8	0.92894023643699	0.990356649742995
HROV-vOTU07878	Sex	M	0.0492474778476072	0.549933770189016	77	17	0.928895644747203	0.990356649742995
HROV-vOTU22312	diagnosis	RA	0.0529287047389486	0.591991277958517	77	13	0.929009466036246	0.990356649742995
HROV-vOTU65027	Sex	M	-0.0865210928438227	0.968697480722339	77	14	0.929081506251772	0.990356649742995
HROV-vOTU42651	Age	Age	0.0093039463186114	0.10551343812039	77	8	0.929983576601974	0.990356649742995
HROV-vOTU14008	diagnosis	RA	-0.0273492598280725	0.298843127619383	77	11	0.927339428189488	0.990356649742995
HROV-vOTU13318	Smoking_Status	Never_Smoker	-0.0441369259202067	0.495302550776703	77	10	0.929244551583476	0.990356649742995
HROV-vOTU15866	diagnosis	RA	-0.0368850223581076	0.402912412835022	77	15	0.927316551732796	0.990356649742995
HROV-vOTU43428	Sex	M	-0.0457519683713391	0.515621357653188	77	9	0.929544937945546	0.990356649742995
HROV-vOTU69101	Smoking_Status	Former_Smoker	0.0530791705503274	0.578216677126637	77	8	0.927116999228579	0.990356649742995
HROV-vOTU03584	diagnosis	RA	0.0199801702539784	0.218303522289225	77	10	0.927333399004165	0.990356649742995
HROV-vOTU74482	Smoking_Status	Former_Smoker	-0.0882653087327377	0.984107232444195	77	17	0.928785506141311	0.990356649742995
HROV-vOTU33554	Sex	M	0.0392863706933643	0.429524149034724	77	10	0.927380788011588	0.990356649742995
HROV-vOTU10733	Age	Age	0.00917429216572009	0.102111357164407	77	8	0.928662605045908	0.990356649742995
HROV-vOTU02525	Sex	M	-0.0336880825386022	0.384097131867738	77	73	0.930356306033561	0.990390391418735
HROV-vOTU04981	Sex	M	-0.0567691838308761	0.649086632982045	77	74	0.930552002337784	0.990413373615793
HROV-vOTU48102	diagnosis	RA	-0.0476116863549201	0.545299997913044	77	32	0.930668643267005	0.990413373615793
HROV-vOTU13759	Smoking_Status	Never_Smoker	0.0621590585628655	0.711225972089864	77	74	0.930601933199033	0.990413373615793
HROV-vOTU15287	Age	Age	0.0257296797875141	0.293781993622579	77	69	0.93045636270351	0.990413373615793
HROV-vOTU32303	Age	Age	-0.0293180925792071	0.335832148610352	77	51	0.93067893262785	0.990413373615793
HROV-vOTU56560	diagnosis	RA	-0.0393996883479976	0.45045252579106	77	18	0.930546615085422	0.990413373615793
HROV-vOTU23000	Sex	M	-0.111451451516723	1.27395097235353	77	51	0.930532376756046	0.990413373615793
HROV-vOTU51937	diagnosis	RA	0.0423702946354525	0.485849706784158	77	22	0.930751159947801	0.990444469716193
HROV-vOTU03192	Smoking_Status	Never_Smoker	0.117123317857738	1.35053592264901	77	63	0.931135344970095	0.990542486557267
HROV-vOTU57537	Smoking_Status	Never_Smoker	-0.111505599658152	1.29077712854057	77	71	0.93140241191479	0.990542486557267
HROV-vOTU21813	Age	Age	0.0179328549512403	0.206893343249294	77	65	0.931172394145425	0.990542486557267
HROV-vOTU46349	Sex	M	-0.093586125038408	1.07995410067602	77	45	0.931187686710091	0.990542486557267
HROV-vOTU74737	Smoking_Status	Former_Smoker	0.162217552840237	1.87127507678775	77	59	0.931163336555299	0.990542486557267
HROV-vOTU51606	Age	Age	0.0133580515758856	0.153700951865589	77	22	0.930988201776247	0.990542486557267
HROV-vOTU50970	Smoking_Status	Former_Smoker	0.125330695014353	1.45053171902478	77	70	0.931389049766368	0.990542486557267
HROV-vOTU00884	Sex	M	0.0467121252602716	0.540635257074676	77	15	0.93138983068871	0.990542486557267
HROV-vOTU74783	Age	Age	0.0175967946150539	0.203648956656094	77	19	0.931385715568784	0.990542486557267
HROV-vOTU15581	diagnosis	RA	0.0185522889950163	0.214731161317214	77	8	0.931393428902205	0.990542486557267
HROV-vOTU21744	Sex	M	0.050211785698424	0.577303875157034	77	19	0.93093514175633	0.990542486557267
HROV-vOTU60167	Smoking_Status	Former_Smoker	0.0912073914620175	1.05000667590813	77	8	0.931024422960669	0.990542486557267
HROV-vOTU59165	Smoking_Status	Former_Smoker	0.0804125097648206	0.930273631126102	77	12	0.931360254961001	0.990542486557267
HROV-vOTU18437	Sex	M	0.0557434506828756	0.646491024447059	77	10	0.931530551940031	0.990594042703594
HROV-vOTU45376	diagnosis	RA	0.0277468692507686	0.321912187180548	77	19	0.931554888597468	0.990594042703594
HROV-vOTU63780	Smoking_Status	Former_Smoker	0.0824551795744202	0.956975215018186	77	12	0.931579929521252	0.990594042703594
HROV-vOTU31714	Sex	M	0.0452526438848804	0.526213338812079	77	58	0.931711046062816	0.990641984802708
HROV-vOTU57371	Age	Age	-0.0283366958495629	0.32941895876593	77	32	0.931692454909776	0.990641984802708
HROV-vOTU08686	Sex	M	-0.0483012289274209	0.563584710287801	77	12	0.931943278466842	0.990705950105768
HROV-vOTU16351	Smoking_Status	Former_Smoker	-0.10064024186366	1.17237796212388	77	47	0.931832978208921	0.990705950105768
HROV-vOTU08351	Age	Age	0.0167839433346178	0.195594115850135	77	9	0.931858933602191	0.990705950105768
HROV-vOTU65964	Sex	M	0.0673262387639708	0.785083471563999	77	18	0.931901131525563	0.990705950105768
HROV-vOTU60600	Age	Age	0.0249618677361527	0.291776760924042	77	47	0.932063942865605	0.99074275843233
HROV-vOTU72061	Smoking_Status	Former_Smoker	0.0962465773492097	1.12465435048211	77	12	0.932042117236004	0.99074275843233
HROV-vOTU49940	Age	Age	0.0248469907434675	0.290661795955872	77	12	0.932117059685147	0.990753490771631
HROV-vOTU62590	Sex	M	-0.0628565280415999	0.736284835648821	77	22	0.932207638130665	0.990804038496825
HROV-vOTU75058	Smoking_Status	Former_Smoker	0.089306507610400293	1.0478253478836	77	30	0.93231815584118	0.990875773179306
HROV-vOTU14994	Smoking_Status	Never_Smoker	0.0876662093302993	1.02983864476777	77	68	0.93240068077961	0.990879626365292
HROV-vOTU72056	diagnosis	RA	-0.0279100301146699	0.327917795075387	77	13	0.932411195542207	0.990879626365292
HROV-vOTU69170	Smoking_Status	Former_Smoker	0.0678988268268625	0.798219813243454	77	13	0.932450858123691	0.990879626365292
HROV-vOTU02585	Smoking_Status	Never_Smoker	0.0806209984387317	0.948436164840718	77	53	0.932497342993771	0.990883302226113
HROV-vOTU21945	Smoking_Status	Former_Smoker	0.105170287155417	1.24260222765019	77	44	0.932788080560486	0.991009341482123
HROV-vOTU50222	diagnosis	RA	-0.064865312610771	0.76609445444059	77	49	0.93276194322314	0.991009341482123
HROV-vOTU01972	Age	Age	-0.0252849968782329	0.29871746392002	77	40	0.93278169497767	0.991009341482123
HROV-vOTU29348	Age	Age	0.010990829482544	0.129642380737331	77	10	0.932676437684475	0.991009341482123
HROV-vOTU41365	Smoking_Status	Never_Smoker	-0.0670692601062241	0.801864593683188	77	70	0.93357674897573	0.991033646427646
HROV-vOTU39947	diagnosis	RA	-0.047930270904617	0.572511409537089	77	75	0.933515189657435	0.991033646427646
HROV-vOTU33881	diagnosis	RA	-0.0954240105316057	1.14544583993682	77	49	0.933841622003546	0.991033646427646
HROV-vOTU39035	diagnosis	RA	-0.0696278797273452	0.825538725508336	77	52	0.933021604638535	0.991033646427646
HROV-vOTU29337	diagnosis	RA	-0.0183638918574887	0.22050390772585	77	76	0.933862085742915	0.991033646427646
HROV-vOTU05768	diagnosis	RA	-0.0507294774147085	0.60776984902167	77	35	0.933714122152294	0.991033646427646
HROV-vOTU42045	diagnosis	RA	-0.0545368476695245	0.651190419608745	77	38	0.933491315875402	0.991033646427646
HROV-vOTU17933	Smoking_Status	Never_Smoker	0.0747007524765725	0.88442798316208	77	35	0.932926644027558	0.991033646427646
HROV-vOTU43228	diagnosis	RA	0.0370001592145124	0.444734739251887	77	27	0.933929797152375	0.991033646427646
HROV-vOTU47867	Age	Age	0.0293258888145332	0.350340495186167	77	61	0.933525099734205	0.991033646427646
HROV-vOTU17977	Smoking_Status	Former_Smoker	-0.0668303390148391	0.802473740249216	77	8	0.933862936814589	0.991033646427646
HROV-vOTU38578	Smoking_Status	Former_Smoker	0.0696996194298131	0.830136684981925	77	12	0.933323235426116	0.991033646427646
HROV-vOTU51369	Smoking_Status	Former_Smoker	0.0509970597980884	0.610847688555727	77	10	0.933700269370133	0.991033646427646
HROV-vOTU28339	diagnosis	RA	-0.042190949527592	0.50214675075136594	77	43	0.933276068648759	0.991033646427646
HROV-vOTU18688	Smoking_Status	Never_Smoker	0.0733163262316481	0.874102722921234	77	22	0.933390987989732	0.991033646427646
HROV-vOTU01236	Sex	M	0.0805032859085439	0.963917242951565	77	65	0.933675644501265	0.991033646427646
HROV-vOTU62209	Age	Age	-0.0296772255558781	0.353808351082848	77	34	0.933388387396792	0.991033646427646
HROV-vOTU02943	Sex	M	-0.0715976201158483	0.85847983300842	77	43	0.933767813343091	0.991033646427646
HROV-vOTU05157	Smoking_Status	Never_Smoker	0.111332835670018	1.33235422846136	77	47	0.933640637509236	0.991033646427646
HROV-vOTU62711	Age	Age	0.0172162561593836	0.203972994584157	77	23	0.932972303781974	0.991033646427646
HROV-vOTU14451	Age	Age	-0.00993377002768403	0.118768410057524	77	11	0.933578170846933	0.991033646427646
HROV-vOTU45907	Age	Age	-0.00914854514873606	0.108428337494755	77	9	0.932996442372938	0.991033646427646
HROV-vOTU58282	Smoking_Status	Former_Smoker	0.0834271106976526	0.990150135804304	77	14	0.933089199552229	0.991033646427646
HROV-vOTU54197	diagnosis	RA	-0.0302149885689522	0.360720243715907	77	9	0.933480637318173	0.991033646427646
HROV-vOTU07677	diagnosis	RA	0.0482772351196177	0.579999803020461	77	24	0.933897611896208	0.991033646427646
HROV-vOTU72562	Smoking_Status	Former_Smoker	-0.044155847346749	0.528900158321965	77	8	0.933699915538879	0.991033646427646
HROV-vOTU48854	Sex	M	0.0503865691551631	0.606093845154371	77	13	0.933979504230666	0.991040729009963
HROV-vOTU36004	Smoking_Status	Former_Smoker	-0.106746725441843	1.285071572341	77	26	0.934032211843047	0.991050994643878
HROV-vOTU48740	Smoking_Status	Former_Smoker	0.0465492984934135	0.561453839159087	77	8	0.934157594600441	0.991138367439793
HROV-vOTU04409	Smoking_Status	Former_Smoker	0.0651806035770535	0.786800373785809	77	8	0.934209797250104	0.991148091890629
HROV-vOTU15477	Smoking_Status	Never_Smoker	-0.0413129331420534	0.50140973362007	77	76	0.934565601360407	0.991342904487595
HROV-vOTU72935	Smoking_Status	Former_Smoker	0.112406648820478	1.36277955337425	77	56	0.934494441867302	0.991342904487595
HROV-vOTU74504	diagnosis	RA	0.015423084084415	0.18707784917305	77	8	0.934527169355155	0.991342904487595
HROV-vOTU11572	diagnosis	RA	-0.0240792984544605	0.291767157155126	77	19	0.934458159664878	0.991342904487595
HROV-vOTU29861	Smoking_Status	Never_Smoker	-0.0860861919175932	1.05138849579304	77	28	0.934973657736629	0.991370555193187
HROV-vOTU08559	Smoking_Status	Former_Smoker	-0.0545816511913275	0.666536790072361	77	76	0.934965848997911	0.991370555193187
HROV-vOTU58320	Smoking_Status	Former_Smoker	0.0983277530569159	1.20019528148946	77	73	0.934935713133134	0.991370555193187
HROV-vOTU03083	diagnosis	RA	-0.0637946466347912	0.780811558631248	77	52	0.935112781475023	0.991370555193187
HROV-vOTU67791	Sex	M	-0.0528577388607424	0.644536080565194	77	55	0.934870337223832	0.991370555193187
HROV-vOTU56271	diagnosis	RA	0.0415003676373485	0.509088925933903	77	40	0.935258664627573	0.991370555193187
HROV-vOTU48486	Smoking_Status	Former_Smoker	-0.122904798511796	1.49488802985769	77	71	0.934705717314149	0.991370555193187
HROV-vOTU37732	Smoking_Status	Former_Smoker	-0.0553281933043793	0.680305337469773	77	10	0.935409559893528	0.991370555193187
HROV-vOTU02979	Age	Age	-0.0234879762446438	0.286859566445997	77	24	0.934972763622576	0.991370555193187
HROV-vOTU12294	diagnosis	RA	0.0359809569406178	0.440941566865825	77	20	0.935194173448281	0.991370555193187
HROV-vOTU36381	diagnosis	RA	0.0253150762577743	0.310308578899463	77	17	0.935209984790071	0.991370555193187
HROV-vOTU32445	Smoking_Status	Former_Smoker	0.0840568122904193	1.03199824233205	77	29	0.935312832540995	0.991370555193187
HROV-vOTU40926	Sex	M	-0.0615689838976802	0.756759756393681	77	43	0.935385612754321	0.991370555193187
HROV-vOTU33152	diagnosis	RA	-0.0194155699942699	0.23806958911931	77	8	0.935230706521473	0.991370555193187
HROV-vOTU73719	Age	Age	-0.0105427197168479	0.129616273948834	77	11	0.935402063040978	0.991370555193187
HROV-vOTU48924	diagnosis	RA	-0.0343452183222461	0.419980950927903	77	9	0.935053321580569	0.991370555193187
HROV-vOTU74611	Age	Age	-0.0196638488363181	0.239006670457081	77	13	0.934660951776648	0.991370555193187
HROV-vOTU09011	Smoking_Status	Former_Smoker	0.15318797214174	1.87573445977531	77	27	0.935140308035865	0.991370555193187
HROV-vOTU27327	Age	Age	-0.017546879349778	0.213551701045326	77	12	0.93474520407322	0.991370555193187
HROV-vOTU39862	Smoking_Status	Former_Smoker	-0.113503263935661	1.39874208730266	77	37	0.935553623089138	0.991386368183999
HROV-vOTU35657	Smoking_Status	Former_Smoker	0.121435589188427	1.49528789881393	77	35	0.935501712329495	0.991386368183999
HROV-vOTU41394	Age	Age	-0.0151578632128544	0.186726170019866	77	10	0.93552961957786	0.991386368183999
HROV-vOTU53905	diagnosis	RA	0.0376151266923441	0.464535850593174	77	73	0.935690793675038	0.991417283827593
HROV-vOTU07848	Smoking_Status	Former_Smoker	-0.121026645759093	1.49437028934253	77	50	0.935679049474225	0.991417283827593
HROV-vOTU01539	Sex	M	-0.0365263717682134	0.451238782760688	77	20	0.935711944475752	0.991417283827593
HROV-vOTU68647	Sex	M	0.033467263310025	0.415629844539647	77	11	0.936048802179432	0.99168102317117
HROV-vOTU53334	diagnosis	RA	-0.0487771570418704	0.606642658018315	77	72	0.936141292672857	0.99168102317117
HROV-vOTU58731	Smoking_Status	Never_Smoker	0.0650680720540343	0.809721110276788	77	14	0.936178117562279	0.99168102317117
HROV-vOTU54421	diagnosis	RA	-0.0400480883186529	0.497340167714404	77	23	0.936046630845856	0.99168102317117
HROV-vOTU46976	Smoking_Status	Never_Smoker	0.0414888226199644	0.515919547493186	77	13	0.936131668749548	0.99168102317117
HROV-vOTU23074	Smoking_Status	Former_Smoker	-0.0701894347449798	0.874016663480275	77	12	0.9362192273464	0.99168102317117
HROV-vOTU19642	Age	Age	-0.00806234939285484	0.100637987748597	77	8	0.936373255801371	0.991752947070712
HROV-vOTU55568	Age	Age	0.0085877327084292	0.107174222576846	77	10	0.936360315897498	0.991752947070712
HROV-vOTU31292	Smoking_Status	Never_Smoker	0.0552848030609622	0.691270938074551	77	69	0.936481665184164	0.99179427723217
HROV-vOTU58430	Age	Age	-0.0120487236983947	0.150737581715846	77	17	0.936516384634433	0.99179427723217
HROV-vOTU23111	Smoking_Status	Former_Smoker	-0.0608965051868563	0.762157821046465	77	8	0.93654147403248	0.99179427723217
HROV-vOTU55589	diagnosis	RA	-0.0414869000454511	0.52051445306195	77	72	0.936697186490659	0.991869942147764
HROV-vOTU09438	diagnosis	RA	-0.0190708430085252	0.239605745438297	77	8	0.936785198074512	0.991869942147764
HROV-vOTU72645	Age	Age	-0.025331843463984	0.318085028838605	77	43	0.936748744879269	0.991869942147764
HROV-vOTU27507	Smoking_Status	Never_Smoker	0.0475094714909602	0.59677859958574	77	17	0.936771500641759	0.991869942147764
HROV-vOTU60948	Age	Age	0.0264176742314387	0.335020226773923	77	41	0.93737059973952	0.991924482904289
HROV-vOTU01582	Sex	M	0.087590657164605	1.11104920227546	77	61	0.937384853418008	0.991924482904289
HROV-vOTU20399	Age	Age	0.0109298160174222	0.138806971950425	77	76	0.93746004329034	0.991924482904289
HROV-vOTU21781	Smoking_Status	Former_Smoker	0.0722572209575934	0.911969990930713	77	45	0.93707097187465	0.991924482904289
HROV-vOTU33454	diagnosis	RA	0.0419927588404628	0.529644128248844	77	63	0.937029092876207	0.991924482904289
HROV-vOTU48328	Smoking_Status	Never_Smoker	0.0939822443323429	1.1968608535774	77	57	0.937632166341702	0.991924482904289
HROV-vOTU46316	diagnosis	RA	-0.0180672446730169	0.228739708537815	77	75	0.937265919838268	0.991924482904289
HROV-vOTU18875	Sex	M	0.064788811264047	0.819045710585824	77	62	0.937173380879091	0.991924482904289
HROV-vOTU50392	Sex	M	-0.0661419783508878	0.833196775176946	77	23	0.936951006549571	0.991924482904289
HROV-vOTU12887	Smoking_Status	Former_Smoker	-0.0835050191820249	1.06382501769769	77	28	0.937655058307701	0.991924482904289
HROV-vOTU29576	Smoking_Status	Former_Smoker	0.0928297166231305	1.17946357397239	77	12	0.937488644889372	0.991924482904289
HROV-vOTU06429	Smoking_Status	Never_Smoker	0.041063954567872	0.517558286221097	77	23	0.936984041416216	0.991924482904289
HROV-vOTU12747	diagnosis	RA	-0.0199330665537702	0.253407658482649	77	9	0.937524272594835	0.991924482904289
HROV-vOTU45464	Smoking_Status	Never_Smoker	-0.0523069305360889	0.666009001917769	77	17	0.937621132511626	0.991924482904289
HROV-vOTU69811	Sex	M	0.0270508483857265	0.343915815197012	77	8	0.937527952973471	0.991924482904289
HROV-vOTU13371	Smoking_Status	Never_Smoker	-0.0500293187061766	0.636951221994873	77	24	0.937615502518621	0.991924482904289
HROV-vOTU48645	diagnosis	RA	0.0335771786846141	0.424233458166847	77	19	0.93713765470706	0.991924482904289
HROV-vOTU21744	Smoking_Status	Never_Smoker	0.058879678010312	0.747155786701165	77	19	0.93740934046045	0.991924482904289
HROV-vOTU32933	Age	Age	0.0129650428417498	0.163762416975994	77	10	0.937120257141385	0.991924482904289
HROV-vOTU04247	Sex	M	-0.0719661585804783	0.918867063169511	77	66	0.937793396913532	0.992025259791404
HROV-vOTU31478	Age	Age	-0.0173601646699111	0.22211276501872	77	25	0.937921241595599	0.992048902794142
HROV-vOTU10491	diagnosis	RA	-0.0540969957999728	0.693218014873173	77	38	0.938017740689565	0.992048902794142
HROV-vOTU30252	Smoking_Status	Former_Smoker	0.0742013968638109	0.950259478758453	77	44	0.937979763603987	0.992048902794142
HROV-vOTU34583	Sex	M	0.0721425640419803	0.924660445655324	77	37	0.938031129276823	0.992048902794142
HROV-vOTU35711	Age	Age	-0.0189412601848223	0.242353965028557	77	22	0.937924320039325	0.992048902794142
HROV-vOTU32840	Smoking_Status	Former_Smoker	0.0556829085479758	0.714231863103436	77	10	0.938077618509027	0.992052512020154
HROV-vOTU43676	Sex	M	-0.0739033893045394	0.953193550296276	77	63	0.93841809508243	0.992108112587484
HROV-vOTU59503	Smoking_Status	Never_Smoker	-0.0765313853301847	0.988609427573023	77	76	0.938512612658811	0.992108112587484
HROV-vOTU75400	Smoking_Status	Never_Smoker	-0.116545432863427	1.50584497592935	77	21	0.938526716676355	0.992108112587484
HROV-vOTU28078	diagnosis	RA	-0.0208572532103432	0.269970489824117	77	73	0.938635980786643	0.992108112587484
HROV-vOTU50724	Sex	M	-0.0480756164528557	0.617918265124742	77	30	0.938203965179184	0.992108112587484
HROV-vOTU04595	Smoking_Status	Former_Smoker	0.0934599901775137	1.20514663033808	77	38	0.938403577431614	0.992108112587484
HROV-vOTU01535	Age	Age	0.0122735052321213	0.158996577087761	77	8	0.938686721294615	0.992108112587484
HROV-vOTU15595	Smoking_Status	Never_Smoker	0.0726106683961807	0.938964519496364	77	38	0.938578077938282	0.992108112587484
HROV-vOTU07693	Sex	M	0.0566233884507243	0.730427093018172	77	23	0.938427190651405	0.992108112587484
HROV-vOTU12337	Smoking_Status	Never_Smoker	0.06214094173456	0.799793895698832	77	18	0.938288267550532	0.992108112587484
HROV-vOTU56119	Age	Age	0.0237448594651935	0.306337268455863	77	42	0.938434153367641	0.992108112587484
HROV-vOTU58016	Sex	M	-0.0400261656040942	0.514813712491203	77	15	0.938246542991931	0.992108112587484
HROV-vOTU19339	Smoking_Status	Former_Smoker	0.106328372140676	1.37750493221207	77	32	0.938690220290112	0.992108112587484
HROV-vOTU27058	diagnosis	RA	0.02312855468054	0.300039591822152	77	76	0.938772735114816	0.992149790725263
HROV-vOTU10459	diagnosis	RA	-0.0301267066027943	0.393690243100531	77	54	0.939217541998389	0.992201688369768
HROV-vOTU12648	diagnosis	RA	0.0616823009659327	0.808706846734811	77	52	0.939416618142943	0.992201688369768
HROV-vOTU71115	diagnosis	RA	0.0571501563518958	0.748595069745148	77	39	0.939360761577345	0.992201688369768
HROV-vOTU01273	Smoking_Status	Never_Smoker	-0.0868797479362659	1.14085055891192	77	37	0.939511168835412	0.992201688369768
HROV-vOTU74263	diagnosis	RA	-0.028558156168344	0.372180062142136	77	15	0.939052489299991	0.992201688369768
HROV-vOTU01091	Sex	M	-0.066751170668742	0.870650585422835	77	51	0.939103178980996	0.992201688369768
HROV-vOTU74953	Age	Age	-0.0167587868455683	0.218702560777528	77	21	0.939134836977658	0.992201688369768
HROV-vOTU43848	Age	Age	-0.01092575576447	0.143129285653127	77	9	0.939367377113754	0.992201688369768
HROV-vOTU28637	Smoking_Status	Never_Smoker	-0.081050540231048	1.06376274006742	77	34	0.939480392095061	0.992201688369768
HROV-vOTU03842	diagnosis	RA	-0.0365751640287783	0.476661686582292	77	9	0.93905263257353	0.992201688369768
HROV-vOTU70480	Age	Age	0.0186200535013802	0.242809263518561	77	22	0.939089087666944	0.992201688369768
HROV-vOTU64692	Smoking_Status	Former_Smoker	0.0726231166189453	0.953309879241712	77	28	0.93949017553329	0.992201688369768
HROV-vOTU45180	Smoking_Status	Former_Smoker	-0.0662402816270563	0.869025905417924	77	14	0.939455588273131	0.992201688369768
HROV-vOTU65053	diagnosis	RA	0.0350302214506037	0.459648741003337	77	18	0.939465694134774	0.992201688369768
HROV-vOTU61935	Sex	M	-0.0223084119544938	0.290208034525458	77	11	0.938942843084047	0.992201688369768
HROV-vOTU11412	Smoking_Status	Never_Smoker	0.0673685014356639	0.882102903804308	77	9	0.939337460952454	0.992201688369768
HROV-vOTU15935	Smoking_Status	Former_Smoker	-0.0837532041691844	1.1193095162655	77	75	0.94056375877879	0.992232351554941
HROV-vOTU52091	Smoking_Status	Former_Smoker	0.13136445305955	1.74348520871682	77	68	0.940151403830572	0.992232351554941
HROV-vOTU11598	Sex	M	-0.0650679118240647	0.866404327067018	77	67	0.940345483342546	0.992232351554941
HROV-vOTU22887	Smoking_Status	Former_Smoker	-0.0474466767251702	0.624656855865163	77	75	0.939667421490979	0.992232351554941
HROV-vOTU50753	Age	Age	0.0140521324732455	0.186836539322912	77	11	0.940258477622925	0.992232351554941
HROV-vOTU73091	Smoking_Status	Never_Smoker	0.0991877025159395	1.32388127372708	77	44	0.940487548885915	0.992232351554941
HROV-vOTU11091	Age	Age	0.0234936204972355	0.314261327558167	77	65	0.940617312164458	0.992232351554941
HROV-vOTU66091	diagnosis	RA	-0.0440583935988539	0.585253096704555	77	70	0.94020291284869	0.992232351554941
HROV-vOTU10300	Smoking_Status	Former_Smoker	0.108023011612238	1.42310147517877	77	61	0.939706768142797	0.992232351554941
HROV-vOTU69314	Sex	M	0.0436896838816321	0.57903190179452	77	60	0.940066505665297	0.992232351554941
HROV-vOTU41921	Smoking_Status	Former_Smoker	0.104236840465167	1.37474590546539	77	35	0.939773463040493	0.992232351554941
HROV-vOTU53381	diagnosis	RA	-0.0189217771043896	0.249668936622558	77	8	0.93980133096157	0.992232351554941
HROV-vOTU51250	Smoking_Status	Former_Smoker	0.112221688101609	1.48603453088883	77	22	0.940015316734353	0.992232351554941
HROV-vOTU26067	Smoking_Status	Never_Smoker	-0.0849115782658362	1.13391960158717	77	45	0.940518197421849	0.992232351554941
HROV-vOTU49726	Smoking_Status	Former_Smoker	0.0468381553833642	0.624593282326137	77	13	0.940433679621499	0.992232351554941
HROV-vOTU18567	diagnosis	RA	-0.0550673928039565	0.735035395946151	77	49	0.940490630276227	0.992232351554941
HROV-vOTU45109	Sex	M	-0.0425028157141079	0.56245249801484	77	16	0.939976159600473	0.992232351554941
HROV-vOTU05395	Sex	M	0.051774972391243	0.692543413132762	77	20	0.940615419947397	0.992232351554941
HROV-vOTU23782	Smoking_Status	Never_Smoker	-0.0519968110363795	0.689495114158249	77	28	0.940098299871686	0.992232351554941
HROV-vOTU25647	Sex	M	-0.0412738372132652	0.545368180055981	77	11	0.939885987573989	0.992232351554941
HROV-vOTU60167	Sex	M	0.043609383383641	0.574718154190975	77	8	0.939728294059685	0.992232351554941
HROV-vOTU33744	diagnosis	RA	0.0441972742153408	0.585376614630538	77	19	0.940027416177129	0.992232351554941
HROV-vOTU46029	diagnosis	RA	-0.0283988728792793	0.374102745807597	77	11	0.939702639495689	0.992232351554941
HROV-vOTU21294	Age	Age	0.0177322480128427	0.235602772135281	77	10	0.940216864916054	0.992232351554941
HROV-vOTU14043	Smoking_Status	Former_Smoker	-0.0794836694517654	1.06231108537089	77	9	0.94056717905621	0.992232351554941
HROV-vOTU01210	Smoking_Status	Never_Smoker	0.105515521142436	1.4134826476525	77	55	0.940703657907369	0.992232538316694
HROV-vOTU69811	Smoking_Status	Never_Smoker	0.033247733837008	0.445101275983294	77	8	0.940665850193169	0.992232538316694
HROV-vOTU43757	Smoking_Status	Former_Smoker	0.0882470976064624	1.1883063179747	77	20	0.941010015664672	0.992241398001395
HROV-vOTU57119	Age	Age	-0.0311326773918804	0.420479035682994	77	38	0.941185989550173	0.992241398001395
HROV-vOTU17770	Smoking_Status	Never_Smoker	0.0562386606927493	0.757261894402509	77	26	0.941007732305182	0.992241398001395
HROV-vOTU14994	diagnosis	RA	-0.0447762692069709	0.602898416857269	77	68	0.941005712703458	0.992241398001395
HROV-vOTU11240	diagnosis	RA	-0.0636941539535267	0.859849501474035	77	52	0.94115827171135	0.992241398001395
HROV-vOTU70759	Age	Age	0.0226359413296105	0.304721363679521	77	41	0.940993251707495	0.992241398001395
HROV-vOTU38578	Sex	M	0.0337262336260516	0.454372942825718	77	12	0.941039379968982	0.992241398001395
HROV-vOTU49726	Age	Age	0.00983786494157841	0.132523015570161	77	13	0.941032039766327	0.992241398001395
HROV-vOTU60668	Smoking_Status	Former_Smoker	-0.0868578823496313	1.17106770527415	77	25	0.941083830602288	0.992241398001395
HROV-vOTU48740	Age	Age	-0.00886010395097326	0.119126410696737	77	8	0.940920639161801	0.992241398001395
HROV-vOTU59948	Smoking_Status	Never_Smoker	0.028469380751312	0.384009641069062	77	9	0.941109733723652	0.992241398001395
HROV-vOTU29735	Sex	M	0.0671821859869297	0.908851673043758	77	65	0.94128202025335	0.992246367129764
HROV-vOTU09307	Smoking_Status	Never_Smoker	0.0443935444820978	0.601299537756273	77	9	0.941353794561374	0.992246367129764
HROV-vOTU34659	Sex	M	-0.0665053523364767	0.899303065621052	77	34	0.941256453835747	0.992246367129764
HROV-vOTU31335	Smoking_Status	Never_Smoker	0.0493418257801545	0.668920793007912	77	20	0.941406127737097	0.992246367129764
HROV-vOTU52072	Age	Age	0.0197872672566257	0.26823451644561	77	16	0.941402001607614	0.992246367129764
HROV-vOTU29735	Age	Age	-0.0259665006539182	0.35230933953044	77	65	0.941453411280334	0.992250792265164
HROV-vOTU00780	diagnosis	RA	-0.0378718877331819	0.515483645374466	77	32	0.941639779427573	0.992310978320537
HROV-vOTU25472	Smoking_Status	Former_Smoker	0.0950046427618852	1.29218980945538	77	33	0.941597316493546	0.992310978320537
HROV-vOTU46029	Age	Age	0.0140703417423816	0.191399320057421	77	11	0.941604599763978	0.992310978320537
HROV-vOTU19773	diagnosis	RA	-0.0323791924968608	0.441649132398861	77	23	0.941762173742447	0.992349142628502
HROV-vOTU16938	Sex	M	0.0389948968184683	0.531601669681503	77	14	0.94173100324796	0.992349142628502
HROV-vOTU04917	Sex	M	0.0767938918906217	1.05168739372172	77	69	0.941995765971973	0.992532118180016
HROV-vOTU66910	Smoking_Status	Never_Smoker	-0.0757979783876124	1.03916047802009	77	51	0.942057727472965	0.992532118180016
HROV-vOTU18475	diagnosis	RA	0.00949285007174753	0.130256935433163	77	10	0.942108211177384	0.992532118180016
HROV-vOTU01895	diagnosis	RA	0.0387471507520504	0.531408158170275	77	24	0.942079490772684	0.992532118180016
HROV-vOTU20502	Sex	M	-0.0928692239909213	1.27880128816729	77	56	0.942311043268951	0.992609583610846
HROV-vOTU55368	Age	Age	0.0322782768908928	0.444115483867738	77	24	0.942265189444472	0.992609583610846
HROV-vOTU64497	Sex	M	-0.0395739897387157	0.544740077409962	77	21	0.942290917223103	0.992609583610846
HROV-vOTU08812	Age	Age	0.021257015064856902	0.293866195155445	77	25	0.942538146717487	0.992670001776542
HROV-vOTU08876	Age	Age	-0.0120584868818004	0.167338255859793	77	11	0.94275632995469	0.992670001776542
HROV-vOTU17977	Age	Age	0.0123044811080192	0.170264783472587	77	8	0.942592824019067	0.992670001776542
HROV-vOTU24172	Sex	M	-0.0448192971497298	0.620697265241407	77	20	0.942639418906463	0.992670001776542
HROV-vOTU74409	Age	Age	-0.0117766194528027	0.16327839486517	77	10	0.942704420074737	0.992670001776542
HROV-vOTU67860	Age	Age	-0.0140830576506892	0.194909294618647	77	18	0.942602596328238	0.992670001776542
HROV-vOTU46129	Smoking_Status	Former_Smoker	-0.101062252549358	1.40231421514835	77	33	0.942750269154813	0.992670001776542
HROV-vOTU74463	Smoking_Status	Never_Smoker	0.0513669186688482	0.712306557525433	77	15	0.942714342144135	0.992670001776542
HROV-vOTU73731	Smoking_Status	Former_Smoker	0.0529438756772374	0.732730803660783	77	9	0.942601689545944	0.992670001776542
HROV-vOTU63483	Age	Age	0.00966920983717775	0.134296852333879	77	8	0.942805311802405	0.992676191231627
HROV-vOTU27480	Smoking_Status	Former_Smoker	0.0785705995326925	1.09359256528873	77	39	0.942926215400523	0.992713649803835
HROV-vOTU46641	Age	Age	0.0192586376487255	0.268057386651371	77	12	0.942927098977806	0.992713649803835
HROV-vOTU01835	Sex	M	0.0325136448428714	0.454847059807162	77	68	0.943214658297384	0.992828359592275
HROV-vOTU24371	Age	Age	-0.0162504206944835	0.227009376697689	77	71	0.943133602369727	0.992828359592275
HROV-vOTU74196	Smoking_Status	Never_Smoker	0.0884490961602791	1.23879002770621	77	57	0.943280480080887	0.992828359592275
HROV-vOTU01747	diagnosis	RA	-0.0489410024986344	0.686147117018623	77	51	0.943337827381597	0.992828359592275
HROV-vOTU13583	Smoking_Status	Former_Smoker	-0.064896200559291	0.909608047074574	77	12	0.943323582085592	0.992828359592275
HROV-vOTU38116	Sex	M	0.0556909229673063	0.778393934622166	77	33	0.943164421413688	0.992828359592275
HROV-vOTU74254	diagnosis	RA	0.0333832300751106	0.466700844471337	77	18	0.943176857676111	0.992828359592275
HROV-vOTU10784	Age	Age	-0.0150749489163719	0.211737676331874	77	12	0.943441656691716	0.992875179191616
HROV-vOTU56066	Sex	M	-0.0611026717826874	0.859292863316038	77	33	0.943511649874447	0.992875179191616
HROV-vOTU52324	Age	Age	0.0119841684020713	0.168513343477899	77	10	0.943504558249879	0.992875179191616
HROV-vOTU49348	Age	Age	0.0194834641651558	0.27479607235762	77	66	0.94367545371808	0.993002179435592
HROV-vOTU55776	Smoking_Status	Former_Smoker	0.048661451590882	0.689578139873555	77	11	0.943940774692287	0.993157163867329
HROV-vOTU33246	Sex	M	-0.0398536181817169	0.564877369356319	77	18	0.943952112891531	0.993157163867329
HROV-vOTU34831	Smoking_Status	Former_Smoker	0.107854050890464	1.52712287682028	77	33	0.943894247929597	0.993157163867329
HROV-vOTU59792	Smoking_Status	Former_Smoker	0.163367179247539	2.32250235823049	77	53	0.944119986829571	0.993235302621049
HROV-vOTU67068	diagnosis	RA	0.0360968678797848	0.513279436299431	77	20	0.944131930730068	0.993235302621049
HROV-vOTU04039	Smoking_Status	Former_Smoker	0.108639959512451	1.5454663722114	77	24	0.944155764002605	0.993235302621049
HROV-vOTU75645	diagnosis	RA	-0.0319703075586769	0.45529066759439	77	75	0.944216318676201	0.993253634454525
HROV-vOTU34831	Smoking_Status	Never_Smoker	-0.0758795512108606	1.0817914142522	77	33	0.944277432119203	0.99327255237532
HROV-vOTU21802	Smoking_Status	Former_Smoker	0.118948136279082	1.711311568666	77	70	0.944781454376838	0.9933095881111
HROV-vOTU65540	Age	Age	-0.0221769446215123	0.317138205858833	77	53	0.944447290465731	0.9933095881111
HROV-vOTU56207	Smoking_Status	Former_Smoker	0.102915113892827	1.48257258094137	77	32	0.944853173580205	0.9933095881111
HROV-vOTU48273	Sex	M	-0.0383536077844905	0.551367785585762	77	28	0.944738751383641	0.9933095881111
HROV-vOTU11316	Smoking_Status	Former_Smoker	-0.115991598593201	1.67156198394932	77	23	0.944873345495001	0.9933095881111
HROV-vOTU65612	diagnosis	RA	-0.0420211945759288	0.60150377260352	77	20	0.944501296714085	0.9933095881111
HROV-vOTU25340	Smoking_Status	Former_Smoker	-0.064380467137473	0.925900782794108	77	9	0.944760998775198	0.9933095881111
HROV-vOTU26869	Age	Age	-0.018571154809954	0.267226208200965	77	11	0.944790173627349	0.9933095881111
HROV-vOTU27110	Sex	M	0.0259261984305935	0.372186620863093	77	10	0.944660792093483	0.9933095881111
HROV-vOTU19905	Age	Age	-0.0129336248828803	0.186159548721883	77	8	0.944806025646855	0.9933095881111
HROV-vOTU10989	Smoking_Status	Former_Smoker	-0.0767881917375185	1.10556386682031	77	12	0.944821799721578	0.9933095881111
HROV-vOTU55021	Sex	M	-0.0214552471708145	0.308120862149306	77	11	0.944681863142223	0.9933095881111
HROV-vOTU30403	Age	Age	-0.0125486821817279	0.179239937921613	77	9	0.944382099518756	0.9933095881111
HROV-vOTU45767	Smoking_Status	Former_Smoker	0.0904466520301039	1.30659746392634	77	64	0.945006674512002	0.99340324081187
HROV-vOTU23984	Smoking_Status	Former_Smoker	0.0776782728960055	1.12300435349038	77	17	0.945048701821418	0.99340324081187
HROV-vOTU67940	Age	Age	-0.0150883505044228	0.218527432423921	77	13	0.94514744027269	0.993416345647394
HROV-vOTU43426	diagnosis	RA	-0.0309372923197718	0.447938782588993	77	48	0.945131318086143	0.993416345647394
HROV-vOTU22252	Smoking_Status	Former_Smoker	0.0857272413319154	1.25221418067139	77	74	0.945611481436231	0.993551936382531
HROV-vOTU37802	Age	Age	-0.0295598931026568	0.43192987767005	77	41	0.945630310850147	0.993551936382531
HROV-vOTU74323	Sex	M	-0.0558329950861232	0.812324113965888	77	35	0.945395825892101	0.993551936382531
HROV-vOTU03889	Smoking_Status	Former_Smoker	0.0855748661582935	1.24781286784426	77	29	0.945516804994826	0.993551936382531
HROV-vOTU18411	Smoking_Status	Never_Smoker	-0.0741064163572447	1.07885966490269	77	72	0.945429799428673	0.993551936382531
HROV-vOTU06476	Smoking_Status	Former_Smoker	0.107041379045245	1.55863546666903	77	33	0.945440300578658	0.993551936382531
HROV-vOTU64574	Sex	M	-0.0669150539160785	0.976251646003849	77	50	0.945546195890086	0.993551936382531
HROV-vOTU65281	Smoking_Status	Former_Smoker	0.0407153768973878	0.5943805846086	77	8	0.94557976140079	0.993551936382531
HROV-vOTU37691	Sex	M	0.0176302618150137	0.257777201993531	77	10	0.945664717564268	0.993551936382531
HROV-vOTU31896	Smoking_Status	Never_Smoker	0.0754774680644544	1.10460815590444	77	57	0.945715306548169	0.993559760494701
HROV-vOTU70799	Smoking_Status	Former_Smoker	-0.110643320214923	1.62111753539783	77	69	0.945777468030867	0.993560406703912
HROV-vOTU08820	Smoking_Status	Never_Smoker	-0.091768702304376	1.34518615001518	77	63	0.945802205652187	0.993560406703912
HROV-vOTU32051	Smoking_Status	Former_Smoker	0.112996887732583	1.73638610299539	77	62	0.948296453511714	0.993663378510494
HROV-vOTU43365	Smoking_Status	Former_Smoker	0.0805487641412166	1.23571701545296	77	75	0.948210826961628	0.993663378510494
HROV-vOTU00606	Sex	M	0.0515486953457621	0.785342149210631	77	70	0.947850094030243	0.993663378510494
HROV-vOTU06705	Smoking_Status	Never_Smoker	-0.0510489067846026	0.817988675840614	77	50	0.950413408158421	0.993663378510494
HROV-vOTU27744	Sex	M	0.0463615585721727	0.742944392357107	77	62	0.950417676717691	0.993663378510494
HROV-vOTU01838	diagnosis	RA	0.0427253253292429	0.680545648474277	77	57	0.950117318096021	0.993663378510494
HROV-vOTU21560	Smoking_Status	Former_Smoker	-0.117366878468342	1.74904517486047	77	41	0.94668799434052	0.993663378510494
HROV-vOTU55642	Sex	M	0.0623221278169392	0.936826028015571	77	40	0.947147018612426	0.993663378510494
HROV-vOTU71430	diagnosis	RA	-0.0407124622134108	0.607642283316877	77	69	0.94676945829567	0.993663378510494
HROV-vOTU12570	Sex	M	-0.0659251920601807	1.0557731276914	77	38	0.950385846419963	0.993663378510494
HROV-vOTU03095	Sex	M	-0.0466469969666997	0.737343382581883	77	14	0.949734371342545	0.993663378510494
HROV-vOTU69775	Smoking_Status	Never_Smoker	0.0607263537208813	0.946979344441841	77	16	0.949049804908099	0.993663378510494
HROV-vOTU63440	diagnosis	RA	0.0417297723111555	0.622020505522206	77	66	0.946700643669766	0.993663378510494
HROV-vOTU04385	diagnosis	RA	-0.0440473588257506	0.693720257107736	77	60	0.949551231978446	0.993663378510494
HROV-vOTU04385	Age	Age	0.0235955970478392	0.354922777254268	77	60	0.947181788236455	0.993663378510494
HROV-vOTU71745	Age	Age	-0.0259320079379224	0.407033338220654	77	65	0.949380340037762	0.993663378510494
HROV-vOTU71745	Smoking_Status	Former_Smoker	-0.122100184030321	1.9183859319954	77	65	0.949429880464427	0.993663378510494
HROV-vOTU17285	Sex	M	0.0648827078376924	1.00477230543495	77	38	0.948694227405546	0.993663378510494
HROV-vOTU16592	Sex	M	0.0492643343651723	0.776055522898986	77	52	0.949562328979394	0.993663378510494
HROV-vOTU75058	Sex	M	-0.0377040363783801	0.573524210528799	77	30	0.947768817190095	0.993663378510494
HROV-vOTU04131	diagnosis	RA	0.0446131335876921	0.712840890314788	77	58	0.950272845863585	0.993663378510494
HROV-vOTU08745	Smoking_Status	Former_Smoker	0.0780016431275241	1.22558861672973	77	74	0.949432357781558	0.993663378510494
HROV-vOTU29751	Smoking_Status	Former_Smoker	-0.108177818620488	1.70798953120361	77	55	0.949676648730794	0.993663378510494
HROV-vOTU09776	Sex	M	-0.0831665228027852	1.31725246223261	77	31	0.949835334551211	0.993663378510494
HROV-vOTU13101	Smoking_Status	Former_Smoker	-0.0671013204189252	1.05285226239182	77	60	0.949362008105391	0.993663378510494
HROV-vOTU36848	Smoking_Status	Never_Smoker	-0.0466705480396914	0.707561376391556	77	72	0.947595275748637	0.993663378510494
HROV-vOTU09591	diagnosis	RA	0.029523146803757	0.442510229085165	77	26	0.946994173015484	0.993663378510494
HROV-vOTU43885	Smoking_Status	Former_Smoker	-0.0897534187269822	1.34453145053376	77	44	0.946964831224156	0.993663378510494
HROV-vOTU05852	Age	Age	0.0104874359589944	0.162352551564933	77	16	0.948676659589623	0.993663378510494
HROV-vOTU24078	Smoking_Status	Former_Smoker	-0.0726840400148492	1.0936677449334	77	38	0.947199204853799	0.993663378510494
HROV-vOTU49019	Smoking_Status	Never_Smoker	-0.0496104451272673	0.788775825100056	77	20	0.950026455450836	0.993663378510494
HROV-vOTU44598	Smoking_Status	Former_Smoker	-0.143102564348494	2.1290643665904	77	63	0.946600396667729	0.993663378510494
HROV-vOTU47619	diagnosis	RA	0.0508305689895119	0.772950739751575	77	34	0.947752354432029	0.993663378510494
HROV-vOTU23522	Smoking_Status	Never_Smoker	-0.0421468293031014	0.675579743837574	77	18	0.950430607982161	0.993663378510494
HROV-vOTU08671	diagnosis	RA	0.0461706762069243	0.724229968154806	77	54	0.949347321726397	0.993663378510494
HROV-vOTU22418	Sex	M	0.0519261021914453	0.815389116656301	77	59	0.949401909599488	0.993663378510494
HROV-vOTU17004	Smoking_Status	Former_Smoker	-0.0540558544478215	0.853430904296232	77	10	0.949674177445752	0.993663378510494
HROV-vOTU23304	Smoking_Status	Never_Smoker	-0.0410405211501655	0.607797896275023	77	13	0.946354904613168	0.993663378510494
HROV-vOTU54797	Sex	M	0.0553047125909495	0.877522641330119	77	23	0.94992473605758	0.993663378510494
HROV-vOTU59484	Smoking_Status	Former_Smoker	0.0749042109633786	1.18063091056245	77	59	0.949591053570751	0.993663378510494
HROV-vOTU66623	Smoking_Status	Never_Smoker	0.0306504974582927	0.484048925231953	77	10	0.949688768370124	0.993663378510494
HROV-vOTU71476	Smoking_Status	Former_Smoker	0.103546862702303	1.64932943824074	77	61	0.950117155500497	0.993663378510494
HROV-vOTU73653	diagnosis	RA	-0.036264144024364	0.577359298912919	77	45	0.950094010220794	0.993663378510494
HROV-vOTU04086	diagnosis	RA	0.0202603648600219	0.298964701485335	77	13	0.946160469701918	0.993663378510494
HROV-vOTU66687	Smoking_Status	Never_Smoker	0.0551977063873996	0.878585062221077	77	23	0.950081849847995	0.993663378510494
HROV-vOTU07395	diagnosis	RA	0.0574703133178497	0.865227530587691	77	41	0.94722838304661106	0.993663378510494
HROV-vOTU03705	Smoking_Status	Former_Smoker	0.119037356379108	1.81159316451841	77	24	0.947794449177127	0.993663378510494
HROV-vOTU72708	Age	Age	0.0138827787666282	0.206863227546275	77	17	0.946682039731256	0.993663378510494
HROV-vOTU35590	Smoking_Status	Never_Smoker	-0.0550587513107762	0.818297936792559	77	25	0.946544350514593	0.993663378510494
HROV-vOTU66953	diagnosis	RA	0.0331730060227881	0.517070424183633	77	58	0.949026552535993	0.993663378510494
HROV-vOTU31814	diagnosis	RA	-0.0220667114738277	0.336895797354819	77	11	0.947959901145545	0.993663378510494
HROV-vOTU37715	Smoking_Status	Former_Smoker	-0.0836238679410922	1.29748038635419	77	21	0.948792268025306	0.993663378510494
HROV-vOTU00780	Sex	M	-0.0454489535295367	0.680351333994807	77	32	0.946926943425227	0.993663378510494
HROV-vOTU54319	Smoking_Status	Never_Smoker	0.0309225977375106	0.467726906265563	77	8	0.94747406469669	0.993663378510494
HROV-vOTU34299	Smoking_Status	Former_Smoker	0.0833316156051694	1.24199685290256	77	23	0.946694762265678	0.993663378510494
HROV-vOTU58254	Sex	M	0.0417810726649982	0.629809798473725	77	15	0.947294231842745	0.993663378510494
HROV-vOTU32394	Sex	M	0.0481500487871107	0.763813480697175	77	52	0.949912574578889	0.993663378510494
HROV-vOTU26399	diagnosis	RA	-0.0250303568669674	0.380936116704003	77	28	0.947795374464001	0.993663378510494
HROV-vOTU27152	Smoking_Status	Never_Smoker	0.046873077000861	0.741031156229335	77	27	0.949742104181061	0.993663378510494
HROV-vOTU05029	diagnosis	RA	-0.0450274096705829	0.690748585843625	77	26	0.948208790145232	0.993663378510494
HROV-vOTU51707	diagnosis	RA	0.031830454042538	0.479231535777837	77	8	0.947230298871462	0.993663378510494
HROV-vOTU25110	Sex	M	0.0498623644825035	0.756276354900057	77	25	0.947617734431971	0.993663378510494
HROV-vOTU13478	Smoking_Status	Former_Smoker	-0.108575883639227	1.59782056880762	77	58	0.946014460315062	0.993663378510494
HROV-vOTU64638	Smoking_Status	Never_Smoker	0.0545324094895749	0.860218051671776	77	23	0.949631137654763	0.993663378510494
HROV-vOTU61841	diagnosis	RA	0.0277991790905972	0.43819390965181	77	8	0.949594119354094	0.993663378510494
HROV-vOTU49646	diagnosis	RA	0.0217274983533352	0.32065578575627	77	8	0.946167487741715	0.993663378510494
HROV-vOTU55301	Smoking_Status	Former_Smoker	-0.140573352252905	2.09861873036431	77	34	0.946782909388167	0.993663378510494
HROV-vOTU42883	diagnosis	RA	-0.0251033128763411	0.396997970097008	77	21	0.949758771111836	0.993663378510494
HROV-vOTU66410	Age	Age	0.0254690691959156	0.390869735459203	77	52	0.948229736188547	0.993663378510494
HROV-vOTU10710	Age	Age	0.00773859352398489	0.122025866013754	77	8	0.949612139204305	0.993663378510494
HROV-vOTU47351	diagnosis	RA	0.0252090297703281	0.381753807123762	77	14	0.947535723891928	0.993663378510494
HROV-vOTU35711	Sex	M	-0.0425071318752445	0.625200021318087	77	22	0.945984981401709	0.993663378510494
HROV-vOTU03059	diagnosis	RA	-0.0394329101278689	0.621547223803464	77	19	0.949591909708442	0.993663378510494
HROV-vOTU55238	Smoking_Status	Never_Smoker	0.0280065912974539	0.436742495994307	77	9	0.949050027116089	0.993663378510494
HROV-vOTU53949	Age	Age	-0.0102812009449403	0.161277813529983	77	21	0.949349712030643	0.993663378510494
HROV-vOTU09655	Sex	M	0.0454835035159283	0.694940304832271	77	23	0.948000042876895	0.993663378510494
HROV-vOTU06874	Smoking_Status	Never_Smoker	-0.0350820392921469	0.519831602253587	77	9	0.946383451137839	0.993663378510494
HROV-vOTU01715	Sex	M	0.0790114339250395	1.26520282323833	77	28	0.950380256665869	0.993663378510494
HROV-vOTU14912	Smoking_Status	Never_Smoker	-0.0321387053177331	0.512063420136095	77	9	0.95013148138102	0.993663378510494
HROV-vOTU61220	diagnosis	RA	0.0173695309992304	0.276291617937219	77	13	0.950049335421888	0.993663378510494
HROV-vOTU11730	diagnosis	RA	-0.0336436364414034	0.521871627366788	77	9	0.948779338618083	0.993663378510494
HROV-vOTU03694	diagnosis	RA	0.0158308822251515	0.250477462281995	77	8	0.949782597770732	0.993663378510494
HROV-vOTU42651	Sex	M	-0.0171914505943882	0.272192797648015	77	8	0.949817293686707	0.993663378510494
HROV-vOTU33743	Sex	M	0.025770612014719	0.411863856346277	77	11	0.95028417361936	0.993663378510494
HROV-vOTU21507	Age	Age	0.0124340847466874	0.189882474501587	77	19	0.94797343010505	0.993663378510494
HROV-vOTU38448	Age	Age	-0.017018112837285	0.267927832458977	77	15	0.949532891574836	0.993663378510494
HROV-vOTU51304	Smoking_Status	Never_Smoker	-0.054464799112552	0.81868410566119	77	10	0.94714504722797	0.993663378510494
HROV-vOTU71269	Age	Age	0.0166167404656979	0.260884763470556	77	18	0.949393030647844	0.993663378510494
HROV-vOTU26728	Smoking_Status	Former_Smoker	0.032914954542123	0.50283317716065	77	11	0.947992518967099	0.993663378510494
HROV-vOTU47545	Sex	M	-0.0182459236313555	0.269058589150621	77	8	0.946124358508409	0.993663378510494
HROV-vOTU55684	Sex	M	-0.0261529380317734	0.391742158787829	77	13	0.946959936805079	0.993663378510494
HROV-vOTU35132	Smoking_Status	Former_Smoker	0.0503023852938377	0.788521613108838	77	10	0.949314089074083	0.993663378510494
HROV-vOTU43081	Sex	M	-0.038443754040432	0.57287299056199	77	12	0.946685185514627	0.993663378510494
HROV-vOTU29297	Smoking_Status	Former_Smoker	-0.0521453309364966	0.812780174595058	77	11	0.949025709093369	0.993663378510494
HROV-vOTU70637	Smoking_Status	Former_Smoker	0.0380633016995747	0.600232144356029	77	9	0.949614795835635	0.993663378510494
HROV-vOTU36754	Age	Age	0.00993035773064312	0.157324735101552	77	8	0.949848210935158	0.993663378510494
HROV-vOTU30403	diagnosis	RA	0.0236216742568057	0.350336421857414	77	9	0.946432336977586	0.993663378510494
HROV-vOTU10545	Smoking_Status	Former_Smoker	0.0576374406235843	0.906573976969486	77	13	0.949485537456913	0.993663378510494
HROV-vOTU17592	Age	Age	-0.0128221628066221	0.193616980275408	77	13	0.94738531970971	0.993663378510494
HROV-vOTU73512	Smoking_Status	Former_Smoker	0.101577274337	1.53126102320856	77	10	0.947297000186032	0.993663378510494
HROV-vOTU31001	Age	Age	0.0126458896501138	0.186359419764902	77	10	0.946089784669909	0.993663378510494
HROV-vOTU73856	Age	Age	0.00840527352515536	0.13134080188042	77	8	0.949153324092509	0.993663378510494
HROV-vOTU42808	diagnosis	RA	-0.0250730250827536	0.38570191458514	77	13	0.948351732461535	0.993663378510494
HROV-vOTU64565	Sex	M	-0.0207292912118656	0.320415833703062	77	9	0.948598681058922	0.993663378510494
HROV-vOTU08856	Sex	M	0.0228595041998129	0.34318956713248	77	9	0.947080214707567	0.993663378510494
HROV-vOTU20688	Age	Age	-0.0229530390465201	0.368769586807847	77	33	0.950544827822319	0.993737681453902
HROV-vOTU01728	Smoking_Status	Never_Smoker	0.0532100942592298	0.868444601781963	77	75	0.951315879131797	0.993790658726337
HROV-vOTU44304	Smoking_Status	Former_Smoker	-0.0861836396171121	1.42324976881499	77	25	0.951884441002625	0.993790658726337
HROV-vOTU31336	Sex	M	-0.0547112972630031	0.899565587139123	77	71	0.95167368932874	0.993790658726337
HROV-vOTU41452	diagnosis	RA	0.0216500724537789	0.353823319044378	77	74	0.951380660000983	0.993790658726337
HROV-vOTU00473	Smoking_Status	Former_Smoker	-0.0942435612537799	1.52288017888252	77	45	0.950828231733186	0.993790658726337
HROV-vOTU48056	diagnosis	RA	-0.0234439211248298	0.382451201269316	77	73	0.951293223387622	0.993790658726337
HROV-vOTU16744	Sex	M	-0.0610370442079773	0.994258578642703	77	56	0.951221493296645	0.993790658726337
HROV-vOTU07359	Sex	M	-0.0465625651620971	0.749664056802591	77	68	0.950648765207444	0.993790658726337
HROV-vOTU11195	diagnosis	RA	0.059559090741385	0.975795280845996	77	55	0.951501660451664	0.993790658726337
HROV-vOTU37143	diagnosis	RA	-0.0507873910606693	0.835977228709529	77	66	0.951727307762368	0.993790658726337
HROV-vOTU25750	diagnosis	RA	-0.0357777947638615	0.590909083564329	77	63	0.951890062563798	0.993790658726337
HROV-vOTU09691	diagnosis	RA	-0.0437086409029977	0.718118935018955	77	61	0.951637362452339	0.993790658726337
HROV-vOTU33056	diagnosis	RA	-0.0240974530842416	0.394736358061545	77	33	0.951493331943303	0.993790658726337
HROV-vOTU03985	Sex	M	-0.0544119181939708	0.893505623653765	77	42	0.951612240112196	0.993790658726337
HROV-vOTU44615	Smoking_Status	Former_Smoker	-0.0685930863811959	1.10926279436994	77	28	0.950866668881927	0.993790658726337
HROV-vOTU10512	diagnosis	RA	0.0181543098023686	0.297613577660937	77	10	0.951530911111626	0.993790658726337
HROV-vOTU72107	diagnosis	RA	-0.0266556158638603	0.435299845292545	77	25	0.951344050613577	0.993790658726337
HROV-vOTU05395	Smoking_Status	Former_Smoker	-0.0775432450176572	1.26527272862859	77	20	0.951303795716256	0.993790658726337
HROV-vOTU69490	Sex	M	-0.0302015360737513	0.486696595119422	77	25	0.950694080922294	0.993790658726337
HROV-vOTU64708	Sex	M	0.050343130785778	0.816084120084997	77	23	0.950984104036063	0.993790658726337
HROV-vOTU33355	Smoking_Status	Former_Smoker	0.0915445433214516	1.49582082600973	77	56	0.951371716176691	0.993790658726337
HROV-vOTU62984	Sex	M	-0.0449875983539482	0.730038944645573	77	39	0.951035759578557	0.993790658726337
HROV-vOTU17341	Smoking_Status	Former_Smoker	0.0535070330446822	0.86773054552691	77	21	0.951004311231036	0.993790658726337
HROV-vOTU48924	Smoking_Status	Former_Smoker	0.062677387439197	1.01270997240567	77	9	0.950823726097183	0.993790658726337
HROV-vOTU32710	Age	Age	-0.0110880988546852	0.182816972208311	77	10	0.951807268813748	0.993790658726337
HROV-vOTU54685	Smoking_Status	Former_Smoker	-0.0737986908611311	1.19097585109795	77	12	0.950764897242082	0.993790658726337
HROV-vOTU24665	Smoking_Status	Never_Smoker	0.0263371516347326	0.434248138597355	77	9	0.951808348129781	0.993790658726337
HROV-vOTU12405	Smoking_Status	Former_Smoker	0.0567531073906398	0.937288269772312	77	19	0.951887455686606	0.993790658726337
HROV-vOTU67290	Sex	M	-0.0210800695293801	0.343382135041698	77	9	0.951221471421595	0.993790658726337
HROV-vOTU02375	Smoking_Status	Never_Smoker	0.0185466442155346	0.300414811625817	77	8	0.950945910839652	0.993790658726337
HROV-vOTU35881	diagnosis	RA	-0.0465684560950769	0.777107413478011	77	63	0.952383423029293	0.994031598796575
HROV-vOTU52161	Sex	M	-0.0603554205689013	1.00681275625504	77	20	0.952366250874212	0.994031598796575
HROV-vOTU33392	Smoking_Status	Never_Smoker	0.0459685405771215	0.767734953196315	77	14	0.952422981287243	0.994031598796575
HROV-vOTU75708	diagnosis	RA	-0.0300458326288006	0.499643003774603	77	18	0.952217378322185	0.994031598796575
HROV-vOTU03100	Sex	M	-0.0387608855670421	0.644479245766272	77	36	0.95221074919277	0.994031598796575
HROV-vOTU02418	diagnosis	RA	0.0244183941227647	0.407775188067277	77	8	0.952417849325033	0.994031598796575
HROV-vOTU02418	Smoking_Status	Former_Smoker	-0.0589007806592538	0.983277928541621	77	8	0.952401600950205	0.994031598796575
HROV-vOTU07994	diagnosis	RA	-0.0399354355914451	0.667834720388222	77	18	0.952484212500531	0.994050456060508
HROV-vOTU15752	Sex	M	0.0214573334450568	0.359296078818026	77	18	0.952546040492049	0.994069934408732
HROV-vOTU16409	Smoking_Status	Former_Smoker	-0.0977284027173384	1.6416832911211101	77	21	0.952697697924385	0.994183152077511
HROV-vOTU53512	Smoking_Status	Former_Smoker	0.0874066360157588	1.47222110687388	77	31	0.952823729389638	0.994269618842019
HROV-vOTU66954	Sex	M	0.0359923538371755	0.60922148132903	77	15	0.953054949258342	0.99435582698635006
HROV-vOTU48102	Smoking_Status	Never_Smoker	0.0547539461557489	0.931452123841925	77	32	0.953289747304869	0.99435582698635006
HROV-vOTU55589	Sex	M	0.040623639326985	0.686991150314809	77	72	0.953012537396072	0.99435582698635006
HROV-vOTU17724	Smoking_Status	Never_Smoker	0.0615562104178652	1.0448973796706	77	58	0.953188294815766	0.99435582698635006
HROV-vOTU03026	Sex	M	0.0459333412869768	0.781781627904955	77	24	0.953312549884173	0.99435582698635006
HROV-vOTU12196	Sex	M	0.0662356605701983	1.12794362947478	77	64	0.953338109416353	0.99435582698635006
HROV-vOTU22361	Smoking_Status	Never_Smoker	-0.0386284550971856	0.656486574868212	77	16	0.953243895445552	0.99435582698635006
HROV-vOTU70158	Age	Age	0.00698447155257323	0.118905014121811	77	9	0.953324273266206	0.99435582698635006
HROV-vOTU62918	Smoking_Status	Former_Smoker	0.0414643655264856	0.705270764891938	77	19	0.953282843919732	0.99435582698635006
HROV-vOTU53278	Age	Age	0.0101226229529748	0.171657572246302	77	11	0.953141777152082	0.99435582698635006
HROV-vOTU48328	Age	Age	-0.0210236946479259	0.358482629112353	77	57	0.953398549495496	0.994373832475037
HROV-vOTU31171	Sex	M	-0.045387280285152	0.777586648243745	77	62	0.953618343775591	0.994467961291064
HROV-vOTU08968	Smoking_Status	Never_Smoker	0.0481189421002437	0.824076124535298	77	24	0.95360091259617	0.994467961291064
HROV-vOTU43428	Age	Age	-0.0116678098171086	0.199876641426216	77	9	0.953613870305446	0.994467961291064
HROV-vOTU51519	Smoking_Status	Former_Smoker	0.0921050362495782	1.58302355548406	77	48	0.95376631788287	0.994577237982454
HROV-vOTU49200	Smoking_Status	Never_Smoker	-0.0467579584009713	0.807222495333492	77	75	0.953971484530247	0.994628730969522
HROV-vOTU44842	Smoking_Status	Never_Smoker	0.0673594177200158	1.16346205890483	77	29	0.953994365165835	0.994628730969522
HROV-vOTU37886	Smoking_Status	Former_Smoker	-0.0893305323842232	1.54087753438891	77	31	0.953932349462728	0.994628730969522
HROV-vOTU24527	Age	Age	-0.00676082444650763	0.116483823132741	77	13	0.953879103922905	0.994628730969522
HROV-vOTU70020	Age	Age	-0.00685287178732441	0.118461962622216	77	8	0.954031639909542	0.994628730969522
HROV-vOTU01077	Sex	M	-0.0350820242327164	0.608116907286613	77	8	0.954157927627722	0.994715362512626
HROV-vOTU02205	diagnosis	RA	-0.0154965589916795	0.268917412924598	77	16	0.954208637472528	0.994723199393098
HROV-vOTU25654	Smoking_Status	Never_Smoker	-0.0397203563436678	0.690405188117758	77	15	0.954283065780697	0.994726667236458
HROV-vOTU48140	diagnosis	RA	0.0214632712376963	0.373191891894145	77	21	0.954298349367013	0.994726667236458
HROV-vOTU53011	Smoking_Status	Former_Smoker	0.076076639894334	1.3276458364744	77	74	0.954465661465175	0.994765994639226
HROV-vOTU07697	Sex	M	-0.0212694760064673	0.371021227824171	77	15	0.954445868619146	0.994765994639226
HROV-vOTU60071	Age	Age	0.0265990727095711	0.464044139196374	77	42	0.954451193834401	0.994765994639226
HROV-vOTU26724	Smoking_Status	Former_Smoker	0.0910298759066035	1.60040390142991	77	62	0.954801103009835	0.994881280653012
HROV-vOTU07037	diagnosis	RA	0.0415291810506269	0.731102710965692	77	33	0.954861295287719	0.994881280653012
HROV-vOTU01828	diagnosis	RA	-0.0358253292681902	0.629222136084437	77	47	0.95475618553423	0.994881280653012
HROV-vOTU48984	diagnosis	RA	0.0199099953564274	0.350698005619203	77	10	0.954885905924376	0.994881280653012
HROV-vOTU42481	Smoking_Status	Former_Smoker	0.0505466025226733	0.89095857454681	77	21	0.954917378016001	0.994881280653012
HROV-vOTU61239	Smoking_Status	Former_Smoker	0.040981563399131	0.722432713935181	77	10	0.954921871855616	0.994881280653012
HROV-vOTU31491	Age	Age	0.00982959799108636	0.172387736708042	77	12	0.954689203343446	0.994881280653012
HROV-vOTU70637	Sex	M	0.0187203070406989	0.328535349351027	77	9	0.954720304305859	0.994881280653012
HROV-vOTU70820	Age	Age	0.0192562147853197	0.340086348234767	77	61	0.955005714828027	0.994886779922688
HROV-vOTU37593	diagnosis	RA	0.0416623715237513	0.735932486881906	77	23	0.955013549446411	0.994886779922688
HROV-vOTU62466	Sex	M	0.0453398282548958	0.801884214016843	77	69	0.955069163489838	0.994899712102903
HROV-vOTU48984	Smoking_Status	Never_Smoker	-0.0337912941655114	0.599043468570166	77	10	0.955174629668938	0.994919571292431
HROV-vOTU66534	Age	Age	-0.0117530682502349	0.208224458053805	77	20	0.955146470560332	0.994919571292431
HROV-vOTU11494	Age	Age	-0.0218328489447103	0.387492275850217	77	53	0.955226061876847	0.994926452040119
HROV-vOTU27190	Smoking_Status	Never_Smoker	-0.0326109277647602	0.579321561858783	77	21	0.955267638189801	0.994926452040119
HROV-vOTU16260	Sex	M	-0.029315529517773	0.523231635366411	77	9	0.955477013319477	0.994987973764777
HROV-vOTU34352	Smoking_Status	Never_Smoker	0.0694965649047313	1.23817011869543	77	25	0.955397137363737	0.994987973764777
HROV-vOTU06556	Smoking_Status	Former_Smoker	-0.0816794506688129	1.45857552447911	77	20	0.955499523568468	0.994987973764777
HROV-vOTU53240	Sex	M	0.0184355337973277	0.329061147795464	77	10	0.955479536623458	0.994987973764777
HROV-vOTU52333	Age	Age	0.0225031045134536	0.404698315367603	77	56	0.955812945999437	0.994999549177735
HROV-vOTU71437	Smoking_Status	Never_Smoker	0.0826723469785112	1.481143766528	77	45	0.955644719874552	0.994999549177735
HROV-vOTU57517	Smoking_Status	Never_Smoker	0.0518396412991193	0.931190757620155	77	50	0.955760847126618	0.994999549177735
HROV-vOTU74655	Age	Age	0.0158197087270005	0.283700753112484	77	13	0.955688064917398	0.994999549177735
HROV-vOTU38723	Sex	M	0.0265754440058048	0.475292015444513	77	10	0.955567424550545	0.994999549177735
HROV-vOTU16624	diagnosis	RA	0.0238090592900177	0.428185963335025	77	21	0.955813071057709	0.994999549177735
HROV-vOTU28815	Smoking_Status	Former_Smoker	-0.0471352126683295	0.847667355746945	77	10	0.95581203411848	0.994999549177735
HROV-vOTU26732	Sex	M	-0.0556360114770925	1.00192180761558	77	26	0.955872758458937	0.995010001218357
HROV-vOTU58024	Sex	M	0.0357205734351997	0.644443474842739	77	22	0.955952726311653	0.995010001218357
HROV-vOTU72437	Sex	M	-0.0472316422413727	0.851404218733318	77	66	0.955915866180948	0.995010001218357
HROV-vOTU44071	Smoking_Status	Never_Smoker	0.0549928082215458	0.994343252694724	77	14	0.956050290740148	0.995066579099996
HROV-vOTU31942	Sex	M	0.065755744618354	1.20449202515851	77	49	0.956616761869102	0.995111073198702
HROV-vOTU74328	Smoking_Status	Former_Smoker	-0.0471556359759157	0.865202091233962	77	34	0.956687928334224	0.995111073198702
HROV-vOTU02349	Sex	M	-0.045505751300088	0.832767927824642	77	45	0.956575575076481	0.995111073198702
HROV-vOTU50707	Sex	M	-0.0381468264286118	0.695714285598535	77	52	0.95642696948167	0.995111073198702
HROV-vOTU43253	Smoking_Status	Never_Smoker	-0.0799685465546564	1.46351757735894	77	38	0.956577676474859	0.995111073198702
HROV-vOTU47224	diagnosis	RA	-0.0300890275440716	0.549214036988425	77	61	0.956463133928232	0.995111073198702
HROV-vOTU35084	Sex	M	-0.0483674676700006	0.883173190520848	77	67	0.956479059240525	0.995111073198702
HROV-vOTU62383	Age	Age	0.0119660956961047	0.217066533758739	77	16	0.956192598531447	0.995111073198702
HROV-vOTU56910	Smoking_Status	Former_Smoker	0.0659279184016612	1.19951058716455	77	52	0.956322829556313	0.995111073198702
HROV-vOTU48561	Age	Age	0.0179195094193907	0.327711665390227	77	58	0.956546406447293	0.995111073198702
HROV-vOTU46797	diagnosis	RA	-0.0193413579580946	0.351801940448468	77	26	0.956310424655498	0.995111073198702
HROV-vOTU00408	Sex	M	-0.0192247398906427	0.352813535322275	77	10	0.956697970981002	0.995111073198702
HROV-vOTU55466	Age	Age	0.00917666730645763	0.168100247789156	77	12	0.956618072912734	0.995111073198702
HROV-vOTU72140	Smoking_Status	Former_Smoker	-0.025101103982033	0.4556230273201	77	9	0.95622004312874	0.995111073198702
HROV-vOTU75686	Smoking_Status	Former_Smoker	-0.0544467171156534	1.00206990597712	77	31	0.95682146197837	0.995194574535357
HROV-vOTU73731	diagnosis	RA	-0.0164909511388123	0.303870790335568	77	9	0.956872774585316	0.995202998631614
HROV-vOTU60005	Sex	M	-0.0404273691668937	0.746601170377464	77	17	0.95696889027261	0.99521307486919
HROV-vOTU71269	Smoking_Status	Former_Smoker	0.0665879745773449	1.22957412358825	77	18	0.956963517419226	0.99521307486919
HROV-vOTU54041	Sex	M	0.0318150993604944	0.58818386596684	77	27	0.957015055483831	0.995216144125018
HROV-vOTU24406	diagnosis	RA	-0.0245025416276213	0.45356948788276	77	23	0.957069688048188	0.995223088246161
HROV-vOTU57623	Sex	M	-0.0542497742122123	1.00602663915209	77	40	0.957146533284007	0.995223088246161
HROV-vOTU71569	Smoking_Status	Former_Smoker	0.0842200591398011	1.56356112814458	77	45	0.957194589867671	0.995223088246161
HROV-vOTU56795	Sex	M	0.0475754553511668	0.883106260507435	77	59	0.957187764327304	0.995223088246161
HROV-vOTU56948	diagnosis	RA	-0.0391106778930012	0.743434163701491	77	41	0.958191881137531	0.995226582897999
HROV-vOTU09376	Smoking_Status	Former_Smoker	0.0314438190574092	0.590983613442666	77	10	0.957717271292774	0.995226582897999
HROV-vOTU41054	Age	Age	-0.0284663919717534	0.540838584416652	77	28	0.958171493542842	0.995226582897999
HROV-vOTU21463	Smoking_Status	Never_Smoker	0.0470123058794688	0.880811546415019	77	57	0.957583932841889	0.995226582897999
HROV-vOTU68750	Sex	M	0.0270984158918494	0.5131903938284	77	72	0.958036503246628	0.995226582897999
HROV-vOTU11679	Smoking_Status	Former_Smoker	0.0475906557842548	0.903391902139226	77	27	0.958134841542215	0.995226582897999
HROV-vOTU41963	Age	Age	0.0143565085939064	0.271027857008035	77	49	0.95790409075203	0.995226582897999
HROV-vOTU19045	Smoking_Status	Former_Smoker	0.106387172876883	1.99666102435414	77	21	0.957656428488003	0.995226582897999
HROV-vOTU74953	Smoking_Status	Former_Smoker	-0.0543429686782591	1.03076548402906	77	21	0.958102277273533	0.995226582897999
HROV-vOTU41035	Smoking_Status	Former_Smoker	0.0286705546788975	0.533876866601857	77	10	0.957322963552309	0.995226582897999
HROV-vOTU25170	Sex	M	0.0481719119403881	0.9060346522609	77	57	0.957747488361194	0.995226582897999
HROV-vOTU55544	Smoking_Status	Never_Smoker	-0.0554820077792451	1.03137105600509	77	21	0.957250034703665	0.995226582897999
HROV-vOTU13136	Smoking_Status	Former_Smoker	0.0673902898603369	1.26215287887166	77	38	0.957568629916768	0.995226582897999
HROV-vOTU64915	Age	Age	0.0108660120304685	0.20304342364174	77	64	0.957471311979226	0.995226582897999
HROV-vOTU50399	diagnosis	RA	0.0157244353224592	0.295209723051045	77	14	0.957670114430244	0.995226582897999
HROV-vOTU25654	diagnosis	RA	-0.0213420767112398	0.404183895235457	77	15	0.958037247879749	0.995226582897999
HROV-vOTU32311	Smoking_Status	Former_Smoker	0.0267193178966983	0.505367126565255	77	10	0.957983086955526	0.995226582897999
HROV-vOTU56648	diagnosis	RA	-0.0260593307928563	0.487394303820722	77	16	0.957510274424704	0.995226582897999
HROV-vOTU13318	Smoking_Status	Former_Smoker	0.0370205894439555	0.699199352364433	77	10	0.957922736769836	0.995226582897999
HROV-vOTU05499	Sex	M	-0.0174258427482111	0.328351124844676	77	13	0.95782457250418	0.995226582897999
HROV-vOTU00408	Smoking_Status	Former_Smoker	0.0340568427848407	0.644588246843576	77	10	0.958011723846617	0.995226582897999
HROV-vOTU06834	diagnosis	RA	-0.0161172295783232	0.304726527265689	77	10	0.957967449828234	0.995226582897999
HROV-vOTU06556	Sex	M	0.0424072601833758	0.798347146175774	77	20	0.957786411309464	0.995226582897999
HROV-vOTU05029	Age	Age	-0.0185575214598873	0.353402403865516	77	26	0.958268978128294	0.995261773531822
HROV-vOTU51612	diagnosis	RA	-0.0242753393097101	0.467840720587369	77	39	0.958763612837232	0.99555101689172
HROV-vOTU55559	Smoking_Status	Former_Smoker	-0.0344973890935444	0.662998649686077	77	15	0.958649020427769	0.99555101689172
HROV-vOTU31815	Sex	M	-0.0380843756610654	0.73332804412093	77	54	0.958727429423413	0.99555101689172
HROV-vOTU36564	Smoking_Status	Former_Smoker	-0.0595154232159035	1.14655786106825	77	19	0.958747837677293	0.99555101689172
HROV-vOTU12546	Smoking_Status	Former_Smoker	0.0395092433288244	0.760219437167809	77	14	0.958697871714526	0.99555101689172
HROV-vOTU28376	Age	Age	-0.0107217200700892	0.207975270609805	77	11	0.95902974854208	0.995597080057485
HROV-vOTU15235	diagnosis	RA	-0.0171481412789244	0.332559468258687	77	74	0.959020796410954	0.995597080057485
HROV-vOTU03409	Sex	M	0.0449814961564239	0.874327341366975	77	51	0.95911382334964	0.995597080057485
HROV-vOTU13976	Sex	M	-0.0343086031431905	0.663957149190993	77	41	0.958934422104274	0.995597080057485
HROV-vOTU04808	diagnosis	RA	0.0256429662376362	0.498599617273285	77	49	0.959127320325114	0.995597080057485
HROV-vOTU54319	Sex	M	-0.0186259954341523	0.361397931072062	77	8	0.959040957054638	0.995597080057485
HROV-vOTU52217	Age	Age	0.00868661546316462	0.169011464946173	77	9	0.959153817422294	0.995597080057485
HROV-vOTU49719	Age	Age	-0.00936253810143252	0.182047186309659	77	12	0.959127949616245	0.995597080057485
HROV-vOTU66328	Smoking_Status	Never_Smoker	-0.046612137814209	0.908629838933581	77	70	0.959231023989056	0.995632345523164
HROV-vOTU60533	Sex	M	-0.0522710047299974	1.02192251151009	77	55	0.959349884540025	0.995693294541789
HROV-vOTU30358	Smoking_Status	Former_Smoker	0.0723026252335618	1.4159753083532	77	13	0.959419448509633	0.995693294541789
HROV-vOTU59186	diagnosis	RA	-0.0091353318468889	0.178832704613938	77	8	0.959402734287211	0.995693294541789
HROV-vOTU13420	Sex	M	0.0442505290314043	0.870002570114171	77	34	0.959577889719368	0.995812851488692
HROV-vOTU27969	Sex	M	0.0496795133776985	0.993220967792061	77	68	0.960248021233683	0.995872715374417
HROV-vOTU10880	Smoking_Status	Former_Smoker	0.0565482015296091	1.12681606285175	77	75	0.960116629846493	0.995872715374417
HROV-vOTU03660	Smoking_Status	Former_Smoker	-0.0570065470947991	1.12984159622897	77	74	0.959901211198057	0.995872715374417
HROV-vOTU10969	Sex	M	-0.0246269244398395	0.492911891023907	77	20	0.960292861121772	0.995872715374417
HROV-vOTU37732	Sex	M	0.0186173506877364	0.372363182832854	77	10	0.960264507897004	0.995872715374417
HROV-vOTU74913	Sex	M	0.0359214384772688	0.719600866360797	77	26	0.960327453887758	0.995872715374417
HROV-vOTU18057	Age	Age	-0.0120888433163851	0.238345851099291	77	14	0.959691255875962	0.995872715374417
HROV-vOTU08460	Age	Age	0.0135837048016534	0.271176768547418	77	8	0.960189969098274	0.995872715374417
HROV-vOTU30687	Smoking_Status	Former_Smoker	-0.065543005616352	1.29921834429874	77	22	0.959907019640453	0.995872715374417
HROV-vOTU22540	diagnosis	RA	0.0462782458238001	0.918904358875076	77	49	0.95997499982519	0.995872715374417
HROV-vOTU19720	Sex	M	0.0421310037804484	0.841301375222153	77	17	0.960200550371916	0.995872715374417
HROV-vOTU25949	Age	Age	-0.00981708085226753	0.195788596218006	77	26	0.960150638068318	0.995872715374417
HROV-vOTU23382	Smoking_Status	Former_Smoker	-0.0293416717265934	0.583698284833203	77	10	0.960049529790014	0.995872715374417
HROV-vOTU25593	Smoking_Status	Former_Smoker	-0.0825776275678379	1.63664012911903	77	25	0.959901023995208	0.995872715374417
HROV-vOTU15109	Sex	M	0.0160815202006642	0.320892570519357	77	8	0.960171492876048	0.995872715374417
HROV-vOTU35852	diagnosis	RA	-0.012215255028455	0.242230390956028	77	8	0.959922724777532	0.995872715374417
HROV-vOTU47688	diagnosis	RA	-0.0229849274104545	0.461150249790038	77	38	0.960387771482199	0.995890421776534
HROV-vOTU09667	Sex	M	-0.0541493417424523	1.08993243531708	77	54	0.960515797602856	0.995933493259816
HROV-vOTU58716	diagnosis	RA	0.0108615425893778	0.218508632805238	77	9	0.960494962056659	0.995933493259816
HROV-vOTU04428	diagnosis	RA	0.020813793764324	0.421485517501766	77	73	0.960753536241033	0.995942171504749
HROV-vOTU25354	diagnosis	RA	0.033436096780083	0.678323849851037	77	41	0.960824813073869	0.995942171504749
HROV-vOTU25462	Smoking_Status	Never_Smoker	-0.043149595844195	0.875029668276564	77	59	0.960808994968906	0.995942171504749
HROV-vOTU30335	Smoking_Status	Former_Smoker	0.0762018809127359	1.53695620475111	77	29	0.960596508684005	0.995942171504749
HROV-vOTU54197	Sex	M	-0.0234662860670092	0.476089787160502	77	9	0.960826885214612	0.995942171504749
HROV-vOTU30498	Sex	M	-0.0378255102447337	0.763339911575843	77	18	0.96061802183613	0.995942171504749
HROV-vOTU71573	Smoking_Status	Former_Smoker	0.0360556370465202	0.730420394021761	77	9	0.960768730458654	0.995942171504749
HROV-vOTU74797	diagnosis	RA	-0.0160736497520638	0.326722049193201	77	12	0.96090066800158	0.995973823487844
HROV-vOTU08351	Smoking_Status	Former_Smoker	-0.0450551475187047	0.921853236563554	77	9	0.961156511122326	0.996161323820578
HROV-vOTU67235	Sex	M	-0.0138064986484573	0.282572792262232	77	8	0.961168075406733	0.996161323820578
HROV-vOTU07994	Age	Age	0.0166400783517155	0.341679158534654	77	18	0.961294407414748	0.996202592033553
HROV-vOTU38477	Sex	M	0.0285735545843308	0.58622513622674	77	13	0.961262072141437	0.996202592033553
HROV-vOTU01559	Age	Age	-0.0152886855833594	0.320037294056621	77	27	0.962032414378736	0.9962053283787
HROV-vOTU66996	Smoking_Status	Never_Smoker	0.0609062833491905	1.26641177058888	77	69	0.961776687905906	0.9962053283787
HROV-vOTU04874	Age	Age	0.00589568066720628	0.122656669586866	77	77	0.961798173205268	0.9962053283787
HROV-vOTU23563	diagnosis	RA	-0.0155149103647264	0.323573112341156	77	77	0.961891748572507	0.9962053283787
HROV-vOTU32214	diagnosis	RA	0.0329631488023876	0.687366229728833	77	44	0.961886166944619	0.9962053283787
HROV-vOTU32954	Smoking_Status	Former_Smoker	-0.0371405288154625	0.770941307991348	77	10	0.961711588932818	0.9962053283787
HROV-vOTU31698	Sex	M	-0.0279094357753596	0.583974798705247	77	21	0.962016041046797	0.9962053283787
HROV-vOTU02863	Age	Age	-0.00703248086034382	0.144869409331321	77	10	0.961419323838306	0.9962053283787
HROV-vOTU20031	diagnosis	RA	0.0277709755610862	0.577223959148182	77	50	0.961762647172607	0.9962053283787
HROV-vOTU12202	Smoking_Status	Former_Smoker	0.0813084612895443	1.68512684870778	77	33	0.96165195836967	0.9962053283787
HROV-vOTU69242	Smoking_Status	Never_Smoker	-0.0176894014337053	0.364041331541753	77	9	0.961381085221072	0.9962053283787
HROV-vOTU47271	Age	Age	-0.0169703126741774	0.354278161445055	77	61	0.961929553172651	0.9962053283787
HROV-vOTU18266	Smoking_Status	Former_Smoker	0.0775077796769595	1.61963521465767	77	31	0.961966094707346	0.9962053283787
HROV-vOTU55238	Age	Age	0.00627594996264819	0.13081269868687	77	9	0.961869583605971	0.9962053283787
HROV-vOTU51691	Smoking_Status	Former_Smoker	0.0886994534805764	1.83389986654429	77	48	0.961559896432118	0.9962053283787
HROV-vOTU49084	diagnosis	RA	0.020060820892491	0.413862928870975	77	15	0.961476064458735	0.9962053283787
HROV-vOTU04255	Age	Age	-0.00968907584742825	0.200223089031015	77	10	0.961540180110762	0.9962053283787
HROV-vOTU55589	Age	Age	0.0126924001907915	0.266306819483639	77	72	0.962120375419877	0.996206826990368
HROV-vOTU68286	Sex	M	0.0238077335764838	0.499305557958753	77	12	0.962103796447825	0.996206826990368
HROV-vOTU44304	Smoking_Status	Never_Smoker	0.047134467141889	1.00820923031832	77	25	0.962843188881804	0.99628335534654
HROV-vOTU72030	diagnosis	RA	0.0198621388091925	0.424632787678479	77	72	0.962823985903133	0.99628335534654
HROV-vOTU47188	diagnosis	RA	-0.0245860607759912	0.521564594904779	77	25	0.962534746574138	0.99628335534654
HROV-vOTU63038	Smoking_Status	Never_Smoker	0.0385403918156775	0.824115797999196	77	72	0.962831221840218	0.99628335534654
HROV-vOTU44598	Smoking_Status	Never_Smoker	0.0708615006865413	1.50819792377378	77	63	0.962657713831787	0.99628335534654
HROV-vOTU25966	Smoking_Status	Former_Smoker	-0.0371368278662311	0.792989262292172	77	15	0.962779050677058	0.99628335534654
HROV-vOTU52432	Smoking_Status	Never_Smoker	-0.0434972631895278	0.925876819532565	77	21	0.962661432733702	0.99628335534654
HROV-vOTU23118	Smoking_Status	Former_Smoker	0.0331750785858231	0.708562968907142	77	10	0.962787955329447	0.99628335534654
HROV-vOTU03762	diagnosis	RA	-0.0186306485695605	0.39818251357741	77	22	0.962812581806262	0.99628335534654
HROV-vOTU01659	Sex	M	0.0102007146918634	0.215745452837961	77	9	0.962421815789844	0.99628335534654
HROV-vOTU27507	Smoking_Status	Former_Smoker	-0.0398469072212801	0.842449144832729	77	17	0.962407808554025	0.99628335534654
HROV-vOTU41784	Sex	M	-0.0472955109782945	0.997277051126944	77	41	0.962307934133823	0.99628335534654
HROV-vOTU55100	Sex	M	-0.0212834174409034	0.454604162359529	77	20	0.962790143175945	0.99628335534654
HROV-vOTU63882	diagnosis	RA	0.00660397171959384	0.140758113802325	77	8	0.962710966737874	0.99628335534654
HROV-vOTU38840	Age	Age	-0.00552095776065277	0.116832290911495	77	9	0.962442337722464	0.99628335534654
HROV-vOTU04196	Sex	M	0.0154546729955916	0.333404310213857	77	76	0.963158116785196	0.996295878079548
HROV-vOTU39462	Sex	M	0.0471278553253609	1.014337203673	77	68	0.963072679105224	0.996295878079548
HROV-vOTU75427	Sex	M	-0.0452533906660334	0.973910002623586	77	56	0.963069537197074	0.996295878079548
HROV-vOTU24682	Smoking_Status	Never_Smoker	0.0443950942331262	0.951750118072517	77	44	0.962926527680795	0.996295878079548
HROV-vOTU64574	Smoking_Status	Former_Smoker	0.0829424361651446	1.78360599573076	77	50	0.963040161662677	0.996295878079548
HROV-vOTU41752	Smoking_Status	Former_Smoker	0.0471201221087182	1.01562527124778	77	8	0.963125525439314	0.996295878079548
HROV-vOTU51012	Smoking_Status	Former_Smoker	0.0458652966013287	0.988185664544984	77	8	0.963110865716418	0.996295878079548
HROV-vOTU51134	Smoking_Status	Never_Smoker	0.0601394580251217	1.30397569714725	77	30	0.963344021908542	0.996353923948162
HROV-vOTU14451	Sex	M	-0.0141371576239551	0.306386621283997	77	11	0.96332695621296	0.996353923948162
HROV-vOTU19710	Smoking_Status	Never_Smoker	0.0480167305795018	1.03921323878165	77	26	0.963276662806932	0.996353923948162
HROV-vOTU06429	Sex	M	-0.0183968279297057	0.39990107762436	77	23	0.963436651667452	0.996404979697388
HROV-vOTU43434	diagnosis	RA	-0.0173722801610388	0.378712824576759	77	75	0.96354112301462	0.99641845323454
HROV-vOTU57537	Smoking_Status	Former_Smoker	-0.0831636254054547	1.82213988380865	77	71	0.96372480738207	0.99641845323454
HROV-vOTU41480	Age	Age	-0.0105504433033517	0.23136646213578901	77	32	0.963756627857273	0.99641845323454
HROV-vOTU50963	Smoking_Status	Never_Smoker	0.0358709568730634	0.7921104448773	77	28	0.964007035289812	0.99641845323454
HROV-vOTU02985	Smoking_Status	Never_Smoker	0.0352244515889424	0.779505508113969	77	43	0.964084154445119	0.99641845323454
HROV-vOTU48450	Sex	M	0.040936054013914	0.906060165224585	77	67	0.964090443967799	0.99641845323454
HROV-vOTU19336	diagnosis	RA	-0.0303816380660768	0.667120871806411	77	50	0.963803602488211	0.99641845323454
HROV-vOTU13816	Smoking_Status	Former_Smoker	0.0471383472659562	1.02648355328593	77	70	0.963501207860481	0.99641845323454
HROV-vOTU07055	diagnosis	RA	0.0244411370137406	0.537135665527284	77	41	0.963834342454493	0.99641845323454
HROV-vOTU50270	diagnosis	RA	-0.0265615110968288	0.580455980592035	77	43	0.963630216357261	0.99641845323454
HROV-vOTU11401	Smoking_Status	Never_Smoker	-0.015569675392604	0.344247515437517	77	8	0.964052431321984	0.99641845323454
HROV-vOTU18362	Age	Age	0.0202009558409397	0.441618372432794	77	54	0.963643494952156	0.99641845323454
HROV-vOTU72529	Age	Age	0.00912664157053954	0.20223974802459	77	18	0.964132102265501	0.99641845323454
HROV-vOTU40432	diagnosis	RA	-0.0197726806379747	0.438268495404406	77	15	0.964141937120213	0.99641845323454
HROV-vOTU73146	Smoking_Status	Former_Smoker	0.0271556627926835	0.601151263787808	77	9	0.964096417224744	0.99641845323454
HROV-vOTU22702	Smoking_Status	Former_Smoker	0.0247296121891827	0.54440285697936	77	9	0.963895912121719	0.99641845323454
HROV-vOTU01728	Smoking_Status	Former_Smoker	0.0547068429753115	1.22594947709867	77	75	0.964532233403548	0.996419384348616
HROV-vOTU10958	Smoking_Status	Former_Smoker	-0.0717694775117325	1.60343822293614	77	61	0.964424466318495	0.996419384348616
HROV-vOTU38220	Smoking_Status	Never_Smoker	-0.0425715883442172	0.95086087929592	77	65	0.964415024802347	0.996419384348616
HROV-vOTU01212	Sex	M	-0.0232017158491484	0.515658756591043	77	26	0.964238145404554	0.996419384348616
HROV-vOTU68200	Sex	M	-0.0197599373131068	0.441483544334971	77	13	0.964425817839806	0.996419384348616
HROV-vOTU16567	Sex	M	-0.0267976598575694	0.599195776168209	77	10	0.964453876815804	0.996419384348616
HROV-vOTU17055	Smoking_Status	Former_Smoker	0.0456233324448799	1.02047563343249	77	14	0.964465633565175	0.996419384348616
HROV-vOTU64126	Sex	M	-0.0165202905146549	0.370183908537527	77	10	0.96452969816257	0.996419384348616
HROV-vOTU30930	Sex	M	0.0164582735135763	0.367680955837214	77	10	0.964422371698854	0.996419384348616
HROV-vOTU74409	Smoking_Status	Never_Smoker	-0.0242783958448136	0.545135253925589	77	10	0.96460181018439	0.996446563584216
HROV-vOTU06240	diagnosis	RA	-0.0244853712138845	0.551339331896011	77	23	0.96470169330628	0.996460351491013
HROV-vOTU14061	Age	Age	-0.00609880461026708	0.137261519431504	77	8	0.964684778518562	0.996460351491013
HROV-vOTU55792	Sex	M	-0.0316415811857337	0.741628558212657	77	71	0.966088340510781	0.996516344480912
HROV-vOTU32240	Smoking_Status	Never_Smoker	0.0445290933717763	1.02321239135752	77	28	0.96541004704033	0.996516344480912
HROV-vOTU55610	diagnosis	RA	-0.017820182192349	0.412808773897969	77	71	0.965688685107999	0.996516344480912
HROV-vOTU28315	Sex	M	-0.0122569152000274	0.282216277054612	77	76	0.965479935868494	0.996516344480912
HROV-vOTU75522	Smoking_Status	Never_Smoker	-0.0542281565720479	1.26761141102405	77	43	0.965997152205583	0.996516344480912
HROV-vOTU13420	Smoking_Status	Former_Smoker	-0.0685956416752575	1.58948956112766	77	34	0.965698503938784	0.996516344480912
HROV-vOTU09923	Age	Age	-0.0179879918695438	0.418928528734575	77	30	0.965871410433509	0.996516344480912
HROV-vOTU50724	diagnosis	RA	0.020606765341999	0.46817981230327	77	30	0.965016289719683	0.996516344480912
HROV-vOTU63683	Smoking_Status	Former_Smoker	-0.0549429012282629	1.24470110042413	77	58	0.964915570428594	0.996516344480912
HROV-vOTU56464	Smoking_Status	Former_Smoker	0.0507787480411365	1.16423099820902	77	59	0.965333170755329	0.996516344480912
HROV-vOTU29916	diagnosis	RA	0.0285515996881863	0.669162064103184	77	53	0.966086202168678	0.996516344480912
HROV-vOTU56685	Age	Age	0.0205086885988105	0.48132050429156	77	37	0.966132652269664	0.996516344480912
HROV-vOTU33361	Smoking_Status	Former_Smoker	0.0616209331943592	1.40528963533807	77	43	0.965147637751764	0.996516344480912
HROV-vOTU75484	Sex	M	-0.0403390535496912	0.929184129376444	77	38	0.965493850184499	0.996516344480912
HROV-vOTU05205	Smoking_Status	Never_Smoker	-0.0249821085483641	0.565538817708056	77	54	0.964889714133227	0.996516344480912
HROV-vOTU31655	diagnosis	RA	0.0216881508588396	0.4997034607134	77	49	0.965502881285153	0.996516344480912
HROV-vOTU43584	diagnosis	RA	-0.036707063733069	0.831842290153575	77	30	0.964926698719854	0.996516344480912
HROV-vOTU18958	Smoking_Status	Never_Smoker	0.0480081513652314	1.11519858172079	77	31	0.965783335660942	0.996516344480912
HROV-vOTU24121	Smoking_Status	Never_Smoker	-0.0161337582095992	0.376182318948127	77	14	0.965911093213564	0.996516344480912
HROV-vOTU57826	Sex	M	-0.0281576446483034	0.660489323068618	77	27	0.966114956933187	0.996516344480912
HROV-vOTU08743	diagnosis	RA	0.0226445152282759	0.519429087210503	77	33	0.965349605374521	0.996516344480912
HROV-vOTU03762	Sex	M	-0.0225735414738886	0.52553365507649	77	22	0.965859123801285	0.996516344480912
HROV-vOTU03367	Sex	M	-0.0197941355867052	0.46465905347095	77	10	0.966140553172809	0.996516344480912
HROV-vOTU59862	diagnosis	RA	0.00785712381146781	0.179629900447719	77	11	0.965233941438643	0.996516344480912
HROV-vOTU19975	Smoking_Status	Never_Smoker	0.0335664549775785	0.781031084523093	77	13	0.965840421236413	0.996516344480912
HROV-vOTU57308	diagnosis	RA	-0.0251476343264135	0.574653137808676	77	28	0.965217426582049	0.996516344480912
HROV-vOTU32776	Age	Age	0.0099077432891658	0.23211286333384	77	11	0.966072432677735	0.996516344480912
HROV-vOTU17808	Smoking_Status	Former_Smoker	0.0459908276209173	1.07664855496772	77	21	0.96604730521784	0.996516344480912
HROV-vOTU48283	Age	Age	-0.00641031000975391	0.14607967762536	77	12	0.965121418807633	0.996516344480912
HROV-vOTU26728	Age	Age	0.00459252955281909	0.106688577753962	77	11	0.965785598549418	0.996516344480912
HROV-vOTU35469	Smoking_Status	Former_Smoker	0.0440089378439636	1.0246282444706	77	8	0.96586105656578	0.996516344480912
HROV-vOTU15925	Sex	M	-0.0181596541520643	0.422282466225808	77	9	0.965819398154094	0.996516344480912
HROV-vOTU56546	Sex	M	0.0382479693175223	0.902339323077403	77	40	0.966308717758789	0.996645159657168
HROV-vOTU22511	Age	Age	0.0154804001546298	0.366955778350136	77	51	0.966468827160514	0.996649858959257
HROV-vOTU16021	Sex	M	-0.0284261807252881	0.674182668012796	77	30	0.966486378642514	0.996649858959257
HROV-vOTU61514	Sex	M	-0.0157879411750499	0.373406155184803	77	21	0.966393465420285	0.996649858959257
HROV-vOTU61652	Smoking_Status	Former_Smoker	0.0295271019648818	0.700045692758311	77	14	0.966474537881613	0.996649858959257
HROV-vOTU01119	diagnosis	RA	-0.0184599865736887	0.438964222687108	77	28	0.966574080157624	0.996695668757503
HROV-vOTU70773	Age	Age	-0.00523075692590959	0.126826789530262	77	77	0.96721768615147	0.996749288458721
HROV-vOTU52333	Smoking_Status	Never_Smoker	0.0558632609216037	1.35116050775336	77	56	0.967137182874976	0.996749288458721
HROV-vOTU35660	diagnosis	RA	0.0269003665386171	0.652718665760752	77	46	0.967241921911381	0.996749288458721
HROV-vOTU61820	diagnosis	RA	-0.0276497621262718	0.686273644057358	77	42	0.967975242588593	0.996749288458721
HROV-vOTU20840	Sex	M	0.0199394550265433	0.494253378496266	77	9	0.96793323903844	0.996749288458721
HROV-vOTU16329	Sex	M	-0.0329361832969831	0.814226360436503	77	69	0.96784719052703	0.996749288458721
HROV-vOTU57119	diagnosis	RA	0.0331952711129289	0.821854339693302	77	38	0.967895010004187	0.996749288458721
HROV-vOTU02585	Sex	M	-0.029603224071182	0.732826919161126	77	53	0.967890855170053	0.996749288458721
HROV-vOTU02921	diagnosis	RA	-0.0228555765640096	0.55940142604977	77	24	0.967524413539105	0.996749288458721
HROV-vOTU70820	Smoking_Status	Former_Smoker	-0.06692252896434	1.6028585495461	77	61	0.966813602393066	0.996749288458721
HROV-vOTU24576	diagnosis	RA	-0.0189119418401419	0.4705616696179	77	41	0.968054334995927	0.996749288458721
HROV-vOTU17122	Smoking_Status	Former_Smoker	0.0663934760363661	1.62659020797671	77	60	0.967555888822335	0.996749288458721
HROV-vOTU36921	Age	Age	-0.00971609562769611	0.237762108448305	77	30	0.967518394904195	0.996749288458721
HROV-vOTU20675	Smoking_Status	Former_Smoker	0.040851516979500103	0.996798205419173	77	10	0.967424688515178	0.996749288458721
HROV-vOTU42430	Smoking_Status	Former_Smoker	-0.0542181580292516	1.32943277459015	77	23	0.967583418592327	0.996749288458721
HROV-vOTU08600	Sex	M	-0.0390720885415306	0.957317814949512	77	58	0.967558633901906	0.996749288458721
HROV-vOTU29016	diagnosis	RA	-0.0281007686017156	0.673902754153917	77	25	0.966856050348416	0.996749288458721
HROV-vOTU45964	Smoking_Status	Former_Smoker	-0.0436136033268517	1.05080429762999	77	27	0.967009826161396	0.996749288458721
HROV-vOTU04553	diagnosis	RA	-0.0260566077717647	0.630012290557175	77	23	0.967125873873565	0.996749288458721
HROV-vOTU24063	diagnosis	RA	-0.0192942164940989	0.471007555116097	77	19	0.967439802943488	0.996749288458721
HROV-vOTU32311	diagnosis	RA	0.00852005224451366	0.209580800195337	77	10	0.967686769664843	0.996749288458721
HROV-vOTU73192	Sex	M	-0.0335174490463141	0.822901765036606	77	34	0.967624826014328	0.996749288458721
HROV-vOTU62186	Age	Age	-0.00631101429465208	0.150816941336257	77	14	0.966739296778727	0.996749288458721
HROV-vOTU70339	Age	Age	-0.00615147135314085	0.152158050892582	77	22	0.96786524309324	0.996749288458721
HROV-vOTU47842	Smoking_Status	Former_Smoker	-0.0277005049052339	0.67102499661317	77	11	0.967187839816211	0.996749288458721
HROV-vOTU58363	diagnosis	RA	-0.0220490901746139	0.534424763525185	77	21	0.967206325834434	0.996749288458721
HROV-vOTU13053	Smoking_Status	Former_Smoker	0.0614293232004213	1.4723000332183	77	29	0.966836332688997	0.996749288458721
HROV-vOTU18294	Smoking_Status	Never_Smoker	-0.0217372327249471	0.525230427907357	77	12	0.967104266441561	0.996749288458721
HROV-vOTU30563	Smoking_Status	Former_Smoker	-0.0619542679182394	1.50346945412895	77	22	0.96724610888443	0.996749288458721
HROV-vOTU17592	Sex	M	-0.0204258046640779	0.499473322755273	77	13	0.967494635340025	0.996749288458721
HROV-vOTU38840	Smoking_Status	Former_Smoker	0.0224341377909182	0.550641439512518	77	9	0.967616068498571	0.996749288458721
HROV-vOTU65595	diagnosis	RA	0.0144408156896789	0.356638511484792	77	11	0.967814959487303	0.996749288458721
HROV-vOTU32933	diagnosis	RA	-0.0128686699590516	0.320084574137611	77	10	0.968043353825667	0.996749288458721
HROV-vOTU26724	Sex	M	0.0329778662866376	0.875976503096355	77	62	0.970074805596246	0.996808238983327
HROV-vOTU36307	Sex	M	0.0354998410635908	0.938564157616649	77	70	0.969934505580412	0.996808238983327
HROV-vOTU56605	diagnosis	RA	-0.0200393353010228	0.537689102350753	77	74	0.970374817244707	0.996808238983327
HROV-vOTU19280	Sex	M	0.038944844561547	1.07884189749903	77	64	0.971304920373827	0.996808238983327
HROV-vOTU44575	diagnosis	RA	-0.0302812479205633	0.842794492369869	77	35	0.971439340083094	0.996808238983327
HROV-vOTU10459	Age	Age	0.00716314189345335	0.201420721144443	77	54	0.971730541587307	0.996808238983327
HROV-vOTU60443	Age	Age	-0.0128851666071766	0.332006814244703	77	62	0.969150835933378	0.996808238983327
HROV-vOTU08930	Age	Age	-0.00845261256855361	0.225638467142041	77	73	0.970222671438647	0.996808238983327
HROV-vOTU24955	Sex	M	-0.0238884972579594	0.600040880000166	77	24	0.96835518418352	0.996808238983327
HROV-vOTU07618	Sex	M	-0.0420028038438649	1.10259414100982	77	38	0.969719224132125	0.996808238983327
HROV-vOTU06013	diagnosis	RA	0.0204523010132537	0.551420844853526	77	59	0.970517185829273	0.996808238983327
HROV-vOTU02986	diagnosis	RA	-0.0257219294019128	0.685544284823171	77	57	0.970175332554498	0.996808238983327
HROV-vOTU02846	Sex	M	0.0199863781628921	0.542695160720951	77	72	0.970725498244899	0.996808238983327
HROV-vOTU67068	Smoking_Status	Former_Smoker	-0.0463609340660021	1.23768281066735	77	20	0.970225070279661	0.996808238983327
HROV-vOTU08559	Smoking_Status	Never_Smoker	-0.0177106060282394	0.472164871424657	77	76	0.970184136399043	0.996808238983327
HROV-vOTU60665	Sex	M	0.0223148553900678	0.633642376340607	77	75	0.972005691628539	0.996808238983327
HROV-vOTU55299	Smoking_Status	Former_Smoker	-0.0550734634688811	1.50163624940516	77	71	0.970846558586183	0.996808238983327
HROV-vOTU30121	Age	Age	-0.0121402980307072	0.303624089672314	77	63	0.968217599986386	0.996808238983327
HROV-vOTU64653	Smoking_Status	Never_Smoker	0.0228115439281989	0.631987573819704	77	11	0.971307960187472	0.996808238983327
HROV-vOTU65887	Smoking_Status	Former_Smoker	0.0801028014903523	2.23388777005865	77	34	0.97149619163171	0.996808238983327
HROV-vOTU23520	diagnosis	RA	-0.0203449488328332	0.580290612434284	77	39	0.97213033517902	0.996808238983327
HROV-vOTU16592	diagnosis	RA	-0.0209284475745879	0.587996098439354	77	52	0.971706902540906	0.996808238983327
HROV-vOTU32243	Smoking_Status	Never_Smoker	0.0396417297577686	1.12977195478688	77	33	0.972107827040416	0.996808238983327
HROV-vOTU44933	Sex	M	0.0206374933991887	0.567962788641277	77	66	0.971116416959185	0.996808238983327
HROV-vOTU56010	diagnosis	RA	0.0135218616592572	0.373046454800167	77	53	0.971187028665349	0.996808238983327
HROV-vOTU45051	Sex	M	0.0361204097607956	1.02683564087992	77	54	0.972037768808032	0.996808238983327
HROV-vOTU07120	Age	Age	0.0035124250342723	0.0999114357341894	77	8	0.97205448865635	0.996808238983327
HROV-vOTU34282	Smoking_Status	Never_Smoker	0.049909345365	1.37681442620683	77	50	0.97118484720164	0.996808238983327
HROV-vOTU31882	Smoking_Status	Never_Smoker	0.041371435176284	1.03882044612466	77	56	0.968344104950705	0.996808238983327
HROV-vOTU10328	Smoking_Status	Never_Smoker	-0.0347561857765395	0.910988501925595	77	11	0.969673430327424	0.996808238983327
HROV-vOTU43884	Smoking_Status	Never_Smoker	0.0197241651848265	0.551321929900262	77	73	0.971561261448701	0.996808238983327
HROV-vOTU69003	Sex	M	0.0135949697714656	0.385678352459045	77	9	0.97197970563591	0.996808238983327
HROV-vOTU31047	Smoking_Status	Former_Smoker	-0.0344513435511441	0.86782556193056	77	18	0.968444943262687	0.996808238983327
HROV-vOTU71496	diagnosis	RA	-0.0229459409944399	0.648275382357913	77	31	0.971863809442814	0.996808238983327
HROV-vOTU71516	Sex	M	0.0247360036433791	0.685033086507866	77	18	0.971296609706449	0.996808238983327
HROV-vOTU74285	Sex	M	0.0304164311358524	0.784270412787071	77	59	0.969172171347647	0.996808238983327
HROV-vOTU59733	Sex	M	-0.0259712450452171	0.704887092102359	77	38	0.970712352869143	0.996808238983327
HROV-vOTU04018	Age	Age	0.0103182012612399	0.276434104573565	77	25	0.970329762508313	0.996808238983327
HROV-vOTU14813	Age	Age	0.0179302035274883	0.458250057311299	77	47	0.968898507241684	0.996808238983327
HROV-vOTU56218	Smoking_Status	Former_Smoker	-0.0637598702778766	1.60145703597674	77	45	0.968353426003627	0.996808238983327
HROV-vOTU26471	Smoking_Status	Never_Smoker	0.0322372753978326	0.805651693651293	77	15	0.968194340893987	0.996808238983327
HROV-vOTU36975	Sex	M	0.0326600570481871	0.893473964024334	77	33	0.970943194012182	0.996808238983327
HROV-vOTU59579	Age	Age	0.00803655466302881	0.224957838928094	77	31	0.971602114295527	0.996808238983327
HROV-vOTU68953	Smoking_Status	Former_Smoker	0.031628866181762	0.862464001180589	77	20	0.970848906835456	0.996808238983327
HROV-vOTU30252	Sex	M	0.018788044283288	0.520121810808677	77	44	0.97128613543765	0.996808238983327
HROV-vOTU72046	Smoking_Status	Former_Smoker	-0.0632340914671732	1.62466965045751	77	53	0.969062448444058	0.996808238983327
HROV-vOTU22458	diagnosis	RA	-0.0184652346717425	0.484054506013628	77	25	0.96967752355517	0.996808238983327
HROV-vOTU07891	diagnosis	RA	0.0179599714959025	0.458565096720105	77	16	0.968868290335541	0.996808238983327
HROV-vOTU24358	Smoking_Status	Former_Smoker	-0.0504433581064553	1.36490045457467	77	13	0.970622578698509	0.996808238983327
HROV-vOTU18241	Age	Age	-0.0061823052612033	0.163363811597985	77	23	0.969918438122584	0.996808238983327
HROV-vOTU31463	Sex	M	-0.0273333359629194	0.727952899116431	77	39	0.970153267790906	0.996808238983327
HROV-vOTU46619	diagnosis	RA	0.0146785320665299	0.396394740187968	77	27	0.970564934393217	0.996808238983327
HROV-vOTU47690	diagnosis	RA	-0.021770095546427	0.616201183384016	77	38	0.971916120366969	0.996808238983327
HROV-vOTU58731	diagnosis	RA	-0.0187347026810812	0.474035013117875	77	14	0.968585319147756	0.996808238983327
HROV-vOTU42746	Sex	M	0.0354751444485546	0.921393321393173	77	37	0.96939578663844	0.996808238983327
HROV-vOTU23614	diagnosis	RA	-0.022813176068374	0.594963075888412	77	30	0.969521138749524	0.996808238983327
HROV-vOTU71984	Sex	M	0.03627706630489	0.971752615153625	77	63	0.97032538721191	0.996808238983327
HROV-vOTU42183	diagnosis	RA	0.0174229319454318	0.493511084005788	77	26	0.971936375731211	0.996808238983327
HROV-vOTU56972	Smoking_Status	Former_Smoker	0.0360175232608401	1.01818407123262	77	8	0.971880563686884	0.996808238983327
HROV-vOTU67701	Smoking_Status	Former_Smoker	-0.050789363223594	1.37205844430503	77	22	0.970575405008078	0.996808238983327
HROV-vOTU00058	Smoking_Status	Former_Smoker	-0.0531243205132155	1.4027155537943	77	20	0.969895639194689	0.996808238983327
HROV-vOTU75092	diagnosis	RA	-0.0152326863139778	0.414883320161526	77	24	0.97081481226741	0.996808238983327
HROV-vOTU10321	Age	Age	-0.0111546071214676	0.28352313160266	77	34	0.96872746521267	0.996808238983327
HROV-vOTU01895	Sex	M	0.0260640528928496	0.701369000842367	77	24	0.970460378235929	0.996808238983327
HROV-vOTU46602	diagnosis	RA	0.0234898856517317	0.657102676346271	77	19	0.971583879786208	0.996808238983327
HROV-vOTU63466	diagnosis	RA	-0.0111148678993871	0.280328216727038	77	12	0.968483860324184	0.996808238983327
HROV-vOTU08434	diagnosis	RA	0.0112071556977206	0.319732560656465	77	8	0.972136910445746	0.996808238983327
HROV-vOTU49969	diagnosis	RA	-0.0147630252641141	0.404685310304207	77	28	0.971001792424872	0.996808238983327
HROV-vOTU58571	Age	Age	0.00773728921167048	0.209579726509691	77	28	0.970653897215025	0.996808238983327
HROV-vOTU72239	Smoking_Status	Former_Smoker	0.059117351663429	1.59217628039228	77	50	0.970485628278356	0.996808238983327
HROV-vOTU60828	Smoking_Status	Former_Smoker	0.0467889054094988	1.24794515447947	77	25	0.970197333619075	0.996808238983327
HROV-vOTU34692	Age	Age	-0.0120440465007635	0.325589727783128	77	27	0.970595607986391	0.996808238983327
HROV-vOTU69880	Sex	M	-0.0218296479723798	0.600473149920392	77	22	0.97110204932049	0.996808238983327
HROV-vOTU13371	Sex	M	0.0180796412735305	0.492152259660836	77	24	0.970798700149234	0.996808238983327
HROV-vOTU70105	Smoking_Status	Former_Smoker	-0.0222983678013718	0.576883721891553	77	9	0.969275413918019	0.996808238983327
HROV-vOTU45592	Age	Age	0.00723337176001327	0.204226295101032	77	15	0.971845490742625	0.996808238983327
HROV-vOTU51025	Smoking_Status	Never_Smoker	0.0216027022982025	0.547900229096795	77	10	0.968659681302873	0.996808238983327
HROV-vOTU22312	Sex	M	-0.0305234506954978	0.781328484979939	77	13	0.968947335793761	0.996808238983327
HROV-vOTU24834	Age	Age	-0.00438204338167482	0.114242977546665	77	9	0.969510515469745	0.996808238983327
HROV-vOTU31817	Smoking_Status	Former_Smoker	-0.0681606734303627	1.71419650528582	77	23	0.968394101996542	0.996808238983327
HROV-vOTU56248	Sex	M	-0.0201736197709886	0.547574290415997	77	8	0.970714538781408	0.996808238983327
HROV-vOTU22674	Smoking_Status	Former_Smoker	0.0502017485999437	1.31799694842239	77	12	0.969723277161164	0.996808238983327
HROV-vOTU50805	Smoking_Status	Never_Smoker	-0.0213795869194655	0.571259257499548	77	12	0.970250877207072	0.996808238983327
HROV-vOTU18575	Sex	M	-0.0209990277855068	0.58819087837247	77	26	0.971620923270676	0.996808238983327
HROV-vOTU35469	Sex	M	0.0198874423541612	0.560827342249779	77	8	0.971811733527047	0.996808238983327
HROV-vOTU43081	Smoking_Status	Former_Smoker	0.0395425764261429	1.04663557284753	77	12	0.969968597414902	0.996808238983327
HROV-vOTU15752	Smoking_Status	Former_Smoker	-0.0255747970242492	0.656431815552461	77	18	0.969031364204351	0.996808238983327
HROV-vOTU21986	Smoking_Status	Former_Smoker	-0.0278367974616819	0.737521549176237	77	11	0.969997951778042	0.996808238983327
HROV-vOTU21098	Smoking_Status	Former_Smoker	-0.0361397466573948	1.00800068298048	77	11	0.971500263856667	0.996808238983327
HROV-vOTU15527	Smoking_Status	Former_Smoker	-0.0217245444975992	0.597040277818586	77	8	0.971075838453801	0.996808238983327
HROV-vOTU06488	Smoking_Status	Former_Smoker	0.0490939242176422	1.26935426301168	77	8	0.969257015844224	0.996808238983327
HROV-vOTU03678	Smoking_Status	Former_Smoker	0.0377272966056573	0.960601403069507	77	12	0.968781634131219	0.996808238983327
HROV-vOTU60236	Smoking_Status	Former_Smoker	-0.0140024678936716	0.380988937480871	77	8	0.970785128126853	0.996808238983327
HROV-vOTU27780	Smoking_Status	Former_Smoker	0.0601170393448518	1.72339351157039	77	61	0.972270966799458	0.996856930166126
HROV-vOTU40040	Smoking_Status	Former_Smoker	-0.0283955748088845	0.813734107650234	77	12	0.972261071702902	0.996856930166126
HROV-vOTU69656	Smoking_Status	Never_Smoker	-0.0380177409402503	1.12043045277539	77	47	0.97302708986301	0.99692205176373
HROV-vOTU33936	diagnosis	RA	-0.0158916902942187	0.465159398815073	77	12	0.972842265860716	0.99692205176373
HROV-vOTU02808	Sex	M	-0.0273825133826983	0.80519842188581	77	75	0.972966864678891	0.99692205176373
HROV-vOTU16763	diagnosis	RA	0.0101496337329737	0.295675117993916	77	75	0.972712734757632	0.99692205176373
HROV-vOTU45175	diagnosis	RA	-0.0207775620205919	0.600917059394919	77	58	0.972514527102222	0.99692205176373
HROV-vOTU09913	Age	Age	0.0105078035154594	0.306088151849794	77	64	0.972710861010373	0.99692205176373
HROV-vOTU46243	Smoking_Status	Never_Smoker	0.02417250952871	0.707989779042988	77	15	0.972859359014274	0.99692205176373
HROV-vOTU15717	Smoking_Status	Never_Smoker	0.02409664852801	0.699218993914405	77	11	0.972605261191266	0.99692205176373
HROV-vOTU60666	Smoking_Status	Former_Smoker	0.0384715743456406	1.12202311570933	77	56	0.972743959018498	0.99692205176373
HROV-vOTU10296	Smoking_Status	Never_Smoker	0.0457371816756035	1.33379283046628	77	27	0.972741269680298	0.99692205176373
HROV-vOTU63838	diagnosis	RA	0.00854086553024857	0.250008742514343	77	11	0.972843616231446	0.99692205176373
HROV-vOTU17233	Sex	M	0.0107212769540988	0.315677078960591	77	15	0.973002116946753	0.99692205176373
HROV-vOTU30549	Smoking_Status	Former_Smoker	-0.0466766817794356	1.35050828070447	77	23	0.972525743123216	0.99692205176373
HROV-vOTU12643	Smoking_Status	Former_Smoker	0.0359625937981611	1.04948359551644	77	10	0.97276044074348	0.99692205176373
HROV-vOTU72389	Age	Age	-0.00642841126823416	0.188968695512142	77	10	0.972957940912972	0.99692205176373
HROV-vOTU54782	Age	Age	0.00342355677154215	0.0996355141283602	77	10	0.972685854515858	0.99692205176373
HROV-vOTU09006	Smoking_Status	Never_Smoker	0.0279720616036001	0.829220049389767	77	27	0.973184736447606	0.996924482939956
HROV-vOTU22687	Sex	M	0.0165955522339311	0.491361848242629	77	11	0.97315165884986	0.996924482939956
HROV-vOTU62711	Sex	M	0.0177734182831044	0.526188711405249	77	23	0.973149238830495	0.996924482939956
HROV-vOTU49990	Smoking_Status	Former_Smoker	-0.0237240175686494	0.703757962864409	77	8	0.973202615087108	0.996924482939956
HROV-vOTU04606	Sex	M	0.0212735500433957	0.63672094106779	77	73	0.973440505211187	0.997035127196514
HROV-vOTU66454	Sex	M	-0.0215960280053667	0.645818197505945	77	31	0.973417707218587	0.997035127196514
HROV-vOTU72529	Smoking_Status	Former_Smoker	0.0319250553691001	0.953174718308565	77	18	0.973375116608526	0.997035127196514
HROV-vOTU37086	Age	Age	0.00626175223393268	0.188561917122614	77	15	0.973601949114581	0.997156136623179
HROV-vOTU62066	Sex	M	0.0350686597781651	1.06530041451093	77	49	0.973831523324634	0.99732092910075
HROV-vOTU56818	Sex	M	0.0276427178969586	0.840294558941739	77	38	0.973849459557867	0.99732092910075
HROV-vOTU07508	diagnosis	RA	0.00500467862028116	0.153823613603091	77	75	0.974136553469312	0.997570582346848
HROV-vOTU45294	diagnosis	RA	0.0156814499803767	0.487830347902232	77	36	0.974446377957382	0.997626289043628
HROV-vOTU31711	Smoking_Status	Never_Smoker	-0.0127045326826809	0.398348106450715	77	71	0.974646834735862	0.997626289043628
HROV-vOTU02040	diagnosis	RA	-0.0192709507568049	0.626374887669588	77	67	0.975542602785612	0.997626289043628
HROV-vOTU02552	Age	Age	0.0108164580101315	0.338093028429549	77	39	0.974567758659507	0.997626289043628
HROV-vOTU24409	Smoking_Status	Never_Smoker	-0.0308705577943712	0.961396291249484	77	73	0.974474323302823	0.997626289043628
HROV-vOTU40089	diagnosis	RA	0.014874744885922	0.467169886700349	77	70	0.974688890519031	0.997626289043628
HROV-vOTU45518	Sex	M	0.0160646447545436	0.516754262742436	77	11	0.975286911124289	0.997626289043628
HROV-vOTU01314	Smoking_Status	Former_Smoker	0.0438405047278725	1.41827329050867	77	67	0.975427100942369	0.997626289043628
HROV-vOTU22926	Smoking_Status	Never_Smoker	0.0226264573312866	0.713710463090257	77	64	0.974798195632713	0.997626289043628
HROV-vOTU05711	Age	Age	-0.00810156956649103	0.263837123182184	77	64	0.975589596253107	0.997626289043628
HROV-vOTU00623	Sex	M	-0.0303886222924524	0.95843862491646	77	41	0.974795166972853	0.997626289043628
HROV-vOTU14674	Smoking_Status	Former_Smoker	0.0285156014257345	0.904288696129681	77	13	0.974932365379119	0.997626289043628
HROV-vOTU58106	Smoking_Status	Former_Smoker	0.0571930439288906	1.87783554991938	77	35	0.97578812204931	0.997626289043628
HROV-vOTU43815	Sex	M	0.0138808901278165	0.455029719734989	77	18	0.975749530131918	0.997626289043628
HROV-vOTU26869	Smoking_Status	Former_Smoker	0.0383504023362352	1.25946194165378	77	11	0.975793738037202	0.997626289043628
HROV-vOTU16409	Age	Age	0.0112315993086586	0.348323983793527	77	21	0.974367390750009	0.997626289043628
HROV-vOTU06429	Age	Age	-0.00473427403266316	0.155018567621173	77	23	0.975722043889536	0.997626289043628
HROV-vOTU69573	Age	Age	-0.00647905293504882	0.20638292014781	77	15	0.975043921348702	0.997626289043628
HROV-vOTU74409	Smoking_Status	Former_Smoker	0.0243217920285414	0.769546241783096	77	10	0.974875441476	0.997626289043628
HROV-vOTU26399	Sex	M	0.0156461794754316	0.50277132454532	77	28	0.975261256761413	0.997626289043628
HROV-vOTU54203	Age	Age	0.00887877232043022	0.29036195889397	77	31	0.975691650079663	0.997626289043628
HROV-vOTU60366	Sex	M	-0.015026882916914	0.484485878359148	77	11	0.975343690212249	0.997626289043628
HROV-vOTU39986	Sex	M	-0.0160354506383606	0.516292849007525	77	12	0.975309768426987	0.997626289043628
HROV-vOTU23013	Smoking_Status	Never_Smoker	-0.0453516469504154	1.4315572281826	77	32	0.974816180792591	0.997626289043628
HROV-vOTU45998	diagnosis	RA	0.0132906651427592	0.42474971652554	77	29	0.975125597254668	0.997626289043628
HROV-vOTU33570	Sex	M	-0.0185141742993316	0.583638295686657	77	21	0.974782756290823	0.997626289043628
HROV-vOTU02205	Sex	M	-0.0112193625158656	0.354925558277945	77	16	0.974871389569538	0.997626289043628
HROV-vOTU10770	Smoking_Status	Never_Smoker	-0.0201519800449715	0.64486504984376	77	8	0.975157910930448	0.997626289043628
HROV-vOTU66475	diagnosis	RA	0.0183161320941915	0.56793917822258	77	33	0.974363041124411	0.997626289043628
HROV-vOTU53756	Smoking_Status	Former_Smoker	-0.0773732535444022	2.49882803778307	77	28	0.975385272887872	0.997626289043628
HROV-vOTU32612	Age	Age	-0.00462645886344196	0.15023996503026	77	15	0.975520387545717	0.997626289043628
HROV-vOTU22441	Smoking_Status	Former_Smoker	-0.0487838225503874	1.57984858616355	77	33	0.975452838289232	0.997626289043628
HROV-vOTU39131	Sex	M	-0.0137473234974124	0.429413995879086	77	15	0.974550594665342	0.997626289043628
HROV-vOTU57667	Smoking_Status	Former_Smoker	0.0347291562674651	1.13008819062084	77	13	0.975569999005744	0.997626289043628
HROV-vOTU18238	Age	Age	-0.00496864225700681	0.16074454659623	77	9	0.975427900768989	0.997626289043628
HROV-vOTU28582	Age	Age	0.00697569939081688	0.225395905748282	77	15	0.975397324457836	0.997626289043628
HROV-vOTU70645	diagnosis	RA	-0.0090057669208977	0.280261890661674	77	14	0.974455831194136	0.997626289043628
HROV-vOTU75949	Smoking_Status	Never_Smoker	0.0234547430025474	0.771944132853999	77	74	0.975846061570482	0.997635495093364
HROV-vOTU74323	Age	Age	-0.00948412305140807	0.314891175935804	77	35	0.976056865006048	0.997639978200036
HROV-vOTU33866	Smoking_Status	Never_Smoker	0.0247212243856344	0.82040744222949	77	70	0.976045635839923	0.997639978200036
HROV-vOTU22698	Age	Age	-0.0119590874822406	0.396008313854008	77	24	0.975993010182167	0.997639978200036
HROV-vOTU74481	diagnosis	RA	-0.0107275537128779	0.355555791109468	77	18	0.976015148514027	0.997639978200036
HROV-vOTU20490	Sex	M	0.0142352538359671	0.472838931774578	77	22	0.976067042501225	0.997639978200036
HROV-vOTU15021	Age	Age	-0.00950132401321857	0.322907120179289	77	53	0.976608726518417	0.997672328761027
HROV-vOTU33245	Sex	M	0.0316284554644663	1.06377890428089	77	52	0.9763640733569	0.997672328761027
HROV-vOTU21901	Smoking_Status	Never_Smoker	0.0496408650280502	1.69405648776889	77	33	0.976705181252545	0.997672328761027
HROV-vOTU39338	Smoking_Status	Former_Smoker	0.0486719342306783	1.62623187362567	77	50	0.976207433247033	0.997672328761027
HROV-vOTU19387	Age	Age	-0.010166272474798	0.341348757478357	77	61	0.976323951476647	0.997672328761027
HROV-vOTU54452	Sex	M	-0.0218833828632535	0.739384205230588	77	48	0.976471680869837	0.997672328761027
HROV-vOTU16798	Age	Age	0.00645981137447675	0.219997658083291	77	32	0.976657390609365	0.997672328761027
HROV-vOTU36894	Sex	M	0.0170110512345314	0.578209893598872	77	13	0.976612003978096	0.997672328761027
HROV-vOTU16249	Smoking_Status	Former_Smoker	0.0175857677398837	0.598098347406425	77	9	0.976625830831215	0.997672328761027
HROV-vOTU60277	Smoking_Status	Never_Smoker	0.0155270681820427	0.529325748024709	77	12	0.976680770830998	0.997672328761027
HROV-vOTU27008	Smoking_Status	Former_Smoker	0.0477241903770683	1.62708088114049	77	28	0.976682757543926	0.997672328761027
HROV-vOTU63062	Smoking_Status	Former_Smoker	0.0214296082191905	0.720875153849936	77	9	0.976368014113376	0.997672328761027
HROV-vOTU08922	diagnosis	RA	0.00825882567988972	0.281253455187736	77	12	0.976656388263257	0.997672328761027
HROV-vOTU12914	diagnosis	RA	-0.0110905269540961	0.378181340318908	77	11	0.976686908483963	0.997672328761027
HROV-vOTU01367	Sex	M	0.0145389090090584	0.503371191099168	77	10	0.977038876331048	0.997689513878191
HROV-vOTU56526	Sex	M	-0.0181173444317317	0.626542802723674	77	76	0.977012415975158	0.997689513878191
HROV-vOTU11108	Age	Age	0.00848217258103876	0.293625377745965	77	41	0.977035173332763	0.997689513878191
HROV-vOTU29144	Sex	M	-0.0326514286313806	1.12914716466945	77	64	0.977012000874808	0.997689513878191
HROV-vOTU09021	diagnosis	RA	0.016509744118023	0.572843254902466	77	38	0.977088449609491	0.997689513878191
HROV-vOTU03041	Smoking_Status	Former_Smoker	0.0373383218567025	1.29932583943019	77	44	0.977155218195244	0.997689513878191
HROV-vOTU59392	Sex	M	-0.0160346319603253	0.552849055363298	77	12	0.976943064342866	0.997689513878191
HROV-vOTU18475	Smoking_Status	Never_Smoker	0.0063947449330168	0.222497890369894	77	10	0.977152030695303	0.997689513878191
HROV-vOTU29204	Sex	M	0.0165219509762123	0.570104643205447	77	36	0.97696140381261	0.997689513878191
HROV-vOTU16913	Sex	M	-0.0178057919786609	0.615530419571446	77	22	0.977003525481914	0.997689513878191
HROV-vOTU51937	Smoking_Status	Never_Smoker	0.0237546631526008	0.829902334465523	77	22	0.977245218923207	0.997692942273316
HROV-vOTU53291	Smoking_Status	Former_Smoker	0.0252288413300146	0.880200230665177	77	13	0.977214087042865	0.997692942273316
HROV-vOTU41534	Age	Age	0.00650631382421511	0.227781370659556	77	37	0.977292578231117	0.997697064438256
HROV-vOTU49200	Smoking_Status	Former_Smoker	-0.0281097949303564	1.13952460988967	77	75	0.980388978733065	0.997843430262904
HROV-vOTU29822	Sex	M	0.02337127578969	0.932186784787257	77	37	0.980068304312077	0.997843430262904
HROV-vOTU12864	Sex	M	0.0181057880143082	0.731017152991762	77	72	0.980309545383572	0.997843430262904
HROV-vOTU08696	Sex	M	0.0239371130117203	0.956329134632679	77	70	0.980101089234285	0.997843430262904
HROV-vOTU16714	Sex	M	0.0105143107187405	0.414737291144467	77	75	0.979845526729993	0.997843430262904
HROV-vOTU47188	Smoking_Status	Never_Smoker	0.0236943312883513	0.890908585189981	77	25	0.978856820265056	0.997843430262904
HROV-vOTU07005	Sex	M	-0.0193089852951663	0.762360085026219	77	42	0.979864467342718	0.997843430262904
HROV-vOTU52240	diagnosis	RA	-0.0250914034903681	0.956476097085318	77	58	0.979144950354261	0.997843430262904
HROV-vOTU75309	Smoking_Status	Former_Smoker	0.0417878957539739	1.68233862780701	77	62	0.980252928159806	0.997843430262904
HROV-vOTU15056	diagnosis	RA	-0.0213712053803182	0.83234986976614	77	58	0.979587997131389	0.997843430262904
HROV-vOTU68141	Age	Age	-0.00508474674002605	0.198155605992405	77	13	0.979600217374843	0.997843430262904
HROV-vOTU46856	Sex	M	-0.0170241740918076	0.623712406497093	77	36	0.978301091289952	0.997843430262904
HROV-vOTU55610	Age	Age	0.00523229546360029	0.211202188498357	77	71	0.980304831339051	0.997843430262904
HROV-vOTU55083	Sex	M	0.0210697977568176	0.836165894352014	77	67	0.979967635236379	0.997843430262904
HROV-vOTU19608	Smoking_Status	Former_Smoker	0.0296799480821585	1.11043879377172	77	66	0.978751563357976	0.997843430262904
HROV-vOTU01314	Smoking_Status	Never_Smoker	0.0275578486257683	1.0046839661849	77	67	0.978194225201224	0.997843430262904
HROV-vOTU42542	Age	Age	0.0118190334938607	0.425668233052862	77	38	0.977926812957692	0.997843430262904
HROV-vOTU08970	Sex	M	0.0229262065233782	0.831378084169131	77	38	0.97807756861389	0.997843430262904
HROV-vOTU43798	Sex	M	-0.0305658564083338	1.11469878456868	77	56	0.978201090948518	0.997843430262904
HROV-vOTU60459	Smoking_Status	Former_Smoker	0.0417020558020548	1.51958466514151	77	70	0.978183343619585	0.997843430262904
HROV-vOTU10034	Age	Age	-0.00748503238271231	0.293860788648175	77	31	0.979750452179453	0.997843430262904
HROV-vOTU63482	Age	Age	0.00528470853816218	0.207495689917172	77	47	0.97975232063697	0.997843430262904
HROV-vOTU42657	Sex	M	0.0287053916959754	1.13693486031676	77	50	0.979927936989262	0.997843430262904
HROV-vOTU42910	Age	Age	0.00505951120652822	0.189381438787999	77	11	0.978761214972236	0.997843430262904
HROV-vOTU50116	Smoking_Status	Former_Smoker	0.0254098133807951	0.916240700224463	77	70	0.977953159937982	0.997843430262904
HROV-vOTU56685	Sex	M	-0.0350721590100129	1.24166150740904	77	37	0.977545073917232	0.997843430262904
HROV-vOTU48273	Age	Age	-0.00555933560068044	0.213733468441036	77	28	0.97932185355156	0.997843430262904
HROV-vOTU03114	Age	Age	-0.00611426535261057	0.244440320137914	77	23	0.980114504275586	0.997843430262904
HROV-vOTU47530	Sex	M	0.0147535463337086	0.588568560678443	77	59	0.980071979949356	0.997843430262904
HROV-vOTU47530	Age	Age	0.00581765626555952	0.228154061912609	77	59	0.979728633031676	0.997843430262904
HROV-vOTU65967	Smoking_Status	Former_Smoker	-0.0266865744377085	0.995279225262888	77	64	0.978683984468207	0.997843430262904
HROV-vOTU03401	Sex	M	0.0168825125391985	0.656704355322129	77	57	0.979562414745824	0.997843430262904
HROV-vOTU43598	diagnosis	RA	-0.00670470458433315	0.269448535246716	77	11	0.980218041782104	0.997843430262904
HROV-vOTU70759	Smoking_Status	Never_Smoker	0.0251746964971364	1.01736888155447	77	41	0.980327853174245	0.997843430262904
HROV-vOTU08820	Age	Age	0.010872340051988401	0.402908881397199	77	63	0.978547710633788	0.997843430262904
HROV-vOTU34922	Smoking_Status	Never_Smoker	0.0225692379138112	0.919010632934261	77	24	0.980476260808155	0.997843430262904
HROV-vOTU40750	Smoking_Status	Former_Smoker	0.0305563883747141	1.22912237458875	77	36	0.980236109460907	0.997843430262904
HROV-vOTU23118	Sex	M	0.0106112292579099	0.387829916668092	77	10	0.978248943761239	0.997843430262904
HROV-vOTU22570	Age	Age	-0.00643585263824851	0.244393282180148	77	11	0.979064813531592	0.997843430262904
HROV-vOTU10515	diagnosis	RA	0.0216224753900527	0.839399652110008	77	39	0.979521467615228	0.997843430262904
HROV-vOTU41116	Smoking_Status	Former_Smoker	-0.0534676604497567	2.04164763220813	77	34	0.979180468189357	0.997843430262904
HROV-vOTU43815	diagnosis	RA	-0.00859051385469968	0.344763605158896	77	18	0.980190976608977	0.997843430262904
HROV-vOTU49726	diagnosis	RA	0.00708909195374211	0.259025079047442	77	13	0.978242713837012	0.997843430262904
HROV-vOTU61047	Sex	M	-0.00841060435527735	0.342170667755179	77	14	0.980458810953645	0.997843430262904
HROV-vOTU53637	Age	Age	-0.00423238495586368	0.164667401506614	77	21	0.97956663245163	0.997843430262904
HROV-vOTU33392	Age	Age	-0.00596355181798117	0.229951245928578	77	14	0.979382748405697	0.997843430262904
HROV-vOTU13760	Smoking_Status	Former_Smoker	0.0256883782079479	1.04108536867476	77	12	0.980383724061396	0.997843430262904
HROV-vOTU37055	Smoking_Status	Former_Smoker	-0.0248494984500398	0.915185780142467	77	17	0.978414348694461	0.997843430262904
HROV-vOTU74692	Smoking_Status	Former_Smoker	-0.0323075328936154	1.2545053909414	77	36	0.97952643415686	0.997843430262904
HROV-vOTU20111	diagnosis	RA	-0.0195326593458394	0.730949938864423	77	44	0.978756198452687	0.997843430262904
HROV-vOTU25646	diagnosis	RA	0.0113588166229718	0.45360480378740903	77	28	0.98009233500959	0.997843430262904
HROV-vOTU18422	diagnosis	RA	-0.0126023115479662	0.497171068542632	77	48	0.979848466097761	0.997843430262904
HROV-vOTU17471	Age	Age	0.00620465123539673	0.223678505889321	77	28	0.977948021974898	0.997843430262904
HROV-vOTU11476	Smoking_Status	Former_Smoker	0.026008115467461	0.918130047940749	77	17	0.977480606331122	0.997843430262904
HROV-vOTU42401	Age	Age	-0.00270626073526433	0.109607361666366	77	10	0.980371094998953	0.997843430262904
HROV-vOTU23140	Smoking_Status	Former_Smoker	-0.0380884670958247	1.4253346026453	77	27	0.978756055454806	0.997843430262904
HROV-vOTU01043	diagnosis	RA	-0.0100224036003783	0.408861962498179	77	20	0.980512237379484	0.997843430262904
HROV-vOTU47637	Smoking_Status	Never_Smoker	0.0132125256129297	0.481455616005493	77	16	0.978183493159811	0.997843430262904
HROV-vOTU19458	Sex	M	0.00999045081777051	0.359228334215088	77	12	0.97789102346647	0.997843430262904
HROV-vOTU57616	Sex	M	0.0138532760623961	0.551707111483534	77	17	0.980037793918848	0.997843430262904
HROV-vOTU10126	diagnosis	RA	-0.00578119622412479	0.229827433045114	77	11	0.980002288109477	0.997843430262904
HROV-vOTU58966	Age	Age	0.00513188041159252	0.205169124425529	77	16	0.98011482089988	0.997843430262904
HROV-vOTU70862	diagnosis	RA	0.0088289926190527	0.331811835884097	77	12	0.978846695557897	0.997843430262904
HROV-vOTU28313	Smoking_Status	Former_Smoker	0.0232547159984185	0.943490307621061	77	13	0.980405241591845	0.997843430262904
HROV-vOTU27389	Smoking_Status	Former_Smoker	-0.0181641102667715	0.657083217403939	77	11	0.9780240037323	0.997843430262904
HROV-vOTU74336	Sex	M	-0.00778064289465499	0.286707553482603	77	10	0.978425874575184	0.997843430262904
HROV-vOTU61935	diagnosis	RA	0.00585616142152992	0.219882710710293	77	11	0.978827077877592	0.997843430262904
HROV-vOTU30563	diagnosis	RA	0.0160142873804557	0.623503814755756	77	22	0.979581163620454	0.997843430262904
HROV-vOTU44958	Smoking_Status	Former_Smoker	-0.0252208521345122	0.994402104717297	77	14	0.979836709280644	0.997843430262904
HROV-vOTU05049	Smoking_Status	Former_Smoker	-0.0167329469098236	0.631014617863343	77	11	0.978918946661542	0.997843430262904
HROV-vOTU25738	Smoking_Status	Never_Smoker	0.0189445069159554	0.753145582506023	77	8	0.980002816189754	0.997843430262904
HROV-vOTU27248	Smoking_Status	Former_Smoker	0.0322850881261704	1.32914102440031	77	63	0.980689277934569	0.997893255673886
HROV-vOTU43749	diagnosis	RA	0.00513896753028956	0.210672104526254	77	14	0.980607398564736	0.997893255673886
HROV-vOTU57098	diagnosis	RA	-0.00769189339402168	0.316697989960293	77	17	0.980691187827489	0.997893255673886
HROV-vOTU70059	diagnosis	RA	0.0187937092553221	0.81031295365024	77	68	0.9815612640351	0.997965413942853
HROV-vOTU14113	Smoking_Status	Former_Smoker	-0.0342231988275037	1.47445027822446	77	54	0.981547218825317	0.997965413942853
HROV-vOTU42956	Sex	M	-0.0241135460034843	1.01841807593466	77	44	0.981176311038191	0.997965413942853
HROV-vOTU44891	Smoking_Status	Former_Smoker	0.0361030163112297	1.5145897199639	77	46	0.981049630427618	0.997965413942853
HROV-vOTU59291	Smoking_Status	Former_Smoker	0.0356703941762428	1.53165056831576	77	64	0.981485187906479	0.997965413942853
HROV-vOTU26109	diagnosis	RA	-0.0108377800190262	0.462521005885351	77	72	0.98137143180442	0.997965413942853
HROV-vOTU07890	Age	Age	-0.00315502169222073	0.13462961397543	77	12	0.981369163908402	0.997965413942853
HROV-vOTU49591	Smoking_Status	Former_Smoker	-0.022867484894526	0.978563784603245	77	16	0.981421951769643	0.997965413942853
HROV-vOTU61599	Smoking_Status	Never_Smoker	0.0221506981222215	0.945185508910231	77	15	0.981368794408606	0.997965413942853
HROV-vOTU25269	Smoking_Status	Never_Smoker	-0.0190899042146197	0.818098854851561	77	43	0.981448932525111	0.997965413942853
HROV-vOTU46503	diagnosis	RA	0.00866523960740575	0.363089147628588	77	16	0.981026982418049	0.997965413942853
HROV-vOTU52394	diagnosis	RA	0.00788979277417806	0.340624315862673	77	13	0.981585434504277	0.997965413942853
HROV-vOTU16151	Age	Age	-0.0035653307952211	0.153045211468076	77	11	0.981479566108015	0.997965413942853
HROV-vOTU65880	diagnosis	RA	0.00854193242993723	0.354307464784269	77	13	0.98083344439709	0.997965413942853
HROV-vOTU02205	Age	Age	0.00324111999464624	0.137584154519519	77	16	0.981271764401715	0.997965413942853
HROV-vOTU63283	Sex	M	0.0176497867099328	0.745169483890511	77	27	0.981169834857522	0.997965413942853
HROV-vOTU42274	diagnosis	RA	-0.00819510439092264	0.345645483088842	77	10	0.981150785806429	0.997965413942853
HROV-vOTU29143	Smoking_Status	Former_Smoker	0.0354762150307893	1.51922085642705	77	11	0.981435329451763	0.997965413942853
HROV-vOTU52066	Age	Age	0.00557732617215554	0.234478003767686	77	12	0.9810899222733	0.997965413942853
HROV-vOTU33936	Age	Age	-0.00539184160820406	0.237985937417612	77	12	0.981988119345023	0.997972858157989
HROV-vOTU03179	Smoking_Status	Never_Smoker	-0.0107184397202377	0.464054639145988	77	77	0.981637398907293	0.997972858157989
HROV-vOTU00893	Sex	M	-0.0160067284495854	0.703896150566491	77	71	0.981921310853266	0.997972858157989
HROV-vOTU42045	Sex	M	0.0194496884037277	0.859461351763369	77	38	0.982008821486387	0.997972858157989
HROV-vOTU23304	Sex	M	0.0105918816606624	0.469626397971277	77	13	0.982069426158685	0.997972858157989
HROV-vOTU75519	Age	Age	-0.00787559430325844	0.346355938210712	77	13	0.981922696299581	0.997972858157989
HROV-vOTU48052	diagnosis	RA	-0.0147994300732747	0.655987220533686	77	33	0.982064100586722	0.997972858157989
HROV-vOTU48052	Smoking_Status	Never_Smoker	0.0254753446996973	1.12052208347285	77	33	0.981925236825731	0.997972858157989
HROV-vOTU49317	Age	Age	-0.00678649081335879	0.295454935698664	77	17	0.981738931038888	0.997972858157989
HROV-vOTU03737	Smoking_Status	Never_Smoker	-0.0170624663384467	0.746545863887528	77	23	0.981829876498506	0.997972858157989
HROV-vOTU54503	diagnosis	RA	0.00814652808426039	0.35908917206093	77	9	0.981963869119816	0.997972858157989
HROV-vOTU23376	Smoking_Status	Former_Smoker	0.0149567784098718	0.664890340676854	77	9	0.982116117834693	0.997976270461216
HROV-vOTU46158	diagnosis	RA	0.0186488274039303	0.839370833610776	77	59	0.982336680292037	0.998068281957278
HROV-vOTU53817	Sex	M	0.0193904145636022	0.869285208630975	77	21	0.982266306845375	0.998068281957278
HROV-vOTU19602	Smoking_Status	Former_Smoker	-0.0295133177773044	1.32568538522138	77	24	0.982300862917772	0.998068281957278
HROV-vOTU22888	Sex	M	0.0108422578445486	0.489340183433315	77	68	0.982384956373127	0.998073299156217
HROV-vOTU74179	Smoking_Status	Former_Smoker	0.0327918758836695	1.4950377295154	77	74	0.98256227987718	0.998132464898132
HROV-vOTU36307	Smoking_Status	Never_Smoker	0.0265504936203355	1.21470454596002	77	70	0.982622880717116	0.998132464898132
HROV-vOTU18920	Sex	M	0.0145104868440465	0.667949697620372	77	27	0.982729118951769	0.998132464898132
HROV-vOTU15928	Smoking_Status	Former_Smoker	0.0191216251136199	0.872428589567196	77	20	0.982575089481455	0.998132464898132
HROV-vOTU21259	diagnosis	RA	0.00835210900280455	0.382149900202871	77	21	0.982624462469493	0.998132464898132
HROV-vOTU43428	Smoking_Status	Former_Smoker	-0.0204636856315482	0.942037177403578	77	9	0.982730010110323	0.998132464898132
HROV-vOTU31623	Smoking_Status	Former_Smoker	0.0190347499487641	0.877098187695807	77	8	0.982746575838695	0.998132464898132
HROV-vOTU44668	Smoking_Status	Former_Smoker	0.0354749084410604	1.64085456942549	77	44	0.982811903212166	0.998154794980428
HROV-vOTU19975	Sex	M	-0.0130079751915375	0.603478256795758	77	13	0.982863391453386	0.998163068535145
HROV-vOTU30941	Sex	M	-0.0187333726457415	0.8761394646111	77	72	0.98300112897983	0.998191285229955
HROV-vOTU10518	Sex	M	0.01193719274899	0.559783710475203	77	19	0.983046495794913	0.998191285229955
HROV-vOTU51845	Sex	M	-0.0055529267758628	0.260515657682505	77	8	0.983054059619608	0.998191285229955
HROV-vOTU07848	Smoking_Status	Never_Smoker	-0.0225500217275759	1.05858996238099	77	50	0.983064547993948	0.998191285229955
HROV-vOTU07672	Smoking_Status	Former_Smoker	0.0276608082483684	1.31416068304471	77	33	0.983266191906402	0.998219986757965
HROV-vOTU01454	diagnosis	RA	-0.0122853430431663	0.581942608769977	77	29	0.983216392088407	0.998219986757965
HROV-vOTU37085	Smoking_Status	Never_Smoker	0.013106056813067	0.620145594075928	77	15	0.983198173076289	0.998219986757965
HROV-vOTU51304	Sex	M	0.0133383224262785	0.632571566921036	77	10	0.983236302483078	0.998219986757965
HROV-vOTU49365	diagnosis	RA	0.00815266695954975	0.389651124000537	77	71	0.983365776131727	0.998272121872101
HROV-vOTU05763	Sex	M	-0.022096170653549	1.05851927649664	77	47	0.98340423920592	0.998272121872101
HROV-vOTU51612	Age	Age	-0.0049784185437024	0.239357761521615	77	39	0.983464282491356	0.998284306547437
HROV-vOTU26839	Age	Age	-0.00768181278785727	0.370199969461334	77	52	0.983502936658915	0.998284306547437
HROV-vOTU53866	Age	Age	0.00629874813541498	0.311781916943663	77	71	0.983938567798528	0.998348858123461
HROV-vOTU23954	diagnosis	RA	-0.0198711589194161	0.982855448115206	77	51	0.983926352103706	0.998348858123461
HROV-vOTU01981	Smoking_Status	Former_Smoker	-0.0277682003443476	1.36968170530094	77	64	0.983882086640948	0.998348858123461
HROV-vOTU13420	Age	Age	0.00684929961228314	0.337249784489258	77	34	0.983853622034428	0.998348858123461
HROV-vOTU48273	Smoking_Status	Never_Smoker	-0.014401535186517	0.71358889023385	77	28	0.983954926170077	0.998348858123461
HROV-vOTU10071	Smoking_Status	Never_Smoker	-0.0221716045719889	1.07903806794829	77	41	0.98366420501583	0.998348858123461
HROV-vOTU38300	diagnosis	RA	0.0101314708594459	0.498176124347636	77	34	0.983831484844232	0.998348858123461
HROV-vOTU04846	Age	Age	-0.00366287393764062	0.179099977094673	77	19	0.983740520180901	0.998348858123461
HROV-vOTU44999	Smoking_Status	Former_Smoker	0.0143298244587443	0.710113369419347	77	8	0.983956681792719	0.998348858123461
HROV-vOTU70483	diagnosis	RA	0.00841478015213612	0.41856946800649403	77	16	0.984017067370281	0.998366142188536
HROV-vOTU22200	Smoking_Status	Never_Smoker	0.0195444634396582	0.984025443847613	77	26	0.984209373007451	0.998379246581107
HROV-vOTU14287	Smoking_Status	Former_Smoker	-0.0291613521733453	1.46225224368955	77	45	0.984144969735718	0.998379246581107
HROV-vOTU41630	Smoking_Status	Former_Smoker	0.0276736554566536	1.38703005304551	77	30	0.98413783927181	0.998379246581107
HROV-vOTU64540	Age	Age	-0.00261147496583919	0.131907749262457	77	10	0.984260254932603	0.998379246581107
HROV-vOTU37086	Smoking_Status	Never_Smoker	-0.0125187209058429	0.629548989970254	77	15	0.984190712112914	0.998379246581107
HROV-vOTU53736	diagnosis	RA	-0.00506977209931739	0.256564763957945	77	11	0.984290090908556	0.998379246581107
HROV-vOTU06110	Sex	M	0.010553908648386	0.537065294322271	77	21	0.984376842763728	0.998379296641945
HROV-vOTU73755	Sex	M	0.012836123886035	0.65139824132135	77	21	0.984333581536037	0.998379296641945
HROV-vOTU16455	Sex	M	-0.0147865363141504	0.75831811665133	77	50	0.984497632757575	0.998413865974149
HROV-vOTU30954	Smoking_Status	Former_Smoker	0.0258276665576829	1.32448778182826	77	22	0.98449684068407906	0.998413865974149
HROV-vOTU14834	Smoking_Status	Former_Smoker	0.0115371793647681	0.595584461924272	77	76	0.984599328802807	0.998457387947119
HROV-vOTU10491	Smoking_Status	Never_Smoker	0.0228202704710817	1.18411772365726	77	38	0.98467820841226406	0.998457387947119
HROV-vOTU42245	Age	Age	0.00389648464396729	0.202657153700613	77	61	0.984713966671425	0.998457387947119
HROV-vOTU30442	Smoking_Status	Former_Smoker	0.0139650132887749	0.725804730986894	77	10	0.984703034344511	0.998457387947119
HROV-vOTU55610	Smoking_Status	Never_Smoker	0.0133925249777983	0.705137741902505	77	71	0.984900139560691	0.998470318003377
HROV-vOTU03454	Sex	M	-0.0129738592873086	0.680454808943215	77	73	0.984841573625789	0.998470318003377
HROV-vOTU67877	diagnosis	RA	-0.0079719660089837	0.417177472057784	77	12	0.984807519304488	0.998470318003377
HROV-vOTU01543	diagnosis	RA	-0.00773906352301354	0.406760297113303	77	31	0.984873648387003	0.998470318003377
HROV-vOTU19280	Smoking_Status	Never_Smoker	0.0255170881456703	1.39625421089163	77	64	0.985470421718298	0.998531531681535
HROV-vOTU43747	diagnosis	RA	0.0105418600629216	0.5761698571942	77	60	0.985453683004719	0.998531531681535
HROV-vOTU04125	Smoking_Status	Never_Smoker	0.0167518531617409	0.911775016011244	77	22	0.985392990926534	0.998531531681535
HROV-vOTU47152	Sex	M	0.00926136589429185	0.501084311788639	77	18	0.985305660532409	0.998531531681535
HROV-vOTU49134	Age	Age	-0.00698001195476613	0.385297877893987	77	46	0.985597218683894	0.998531531681535
HROV-vOTU67948	Smoking_Status	Never_Smoker	0.0140258727134188	0.776719519592606	77	19	0.985643365459087	0.998531531681535
HROV-vOTU41126	Age	Age	-0.00249466527168431	0.133916864065491	77	13	0.985189748101787	0.998531531681535
HROV-vOTU01986	Age	Age	0.00748331553291333	0.414722614656172	77	26	0.985654247056723	0.998531531681535
HROV-vOTU29456	Sex	M	0.0133257095161979	0.724761877284917	77	15	0.985382231039474	0.998531531681535
HROV-vOTU57308	Age	Age	0.00532018153382773	0.294005379746695	77	28	0.98561340408301	0.998531531681535
HROV-vOTU10108	diagnosis	RA	-0.00820499196618281	0.438368822925982	77	13	0.985119288640442	0.998531531681535
HROV-vOTU23984	Age	Age	0.00436208847793165	0.238273333438213	77	17	0.985445230373766	0.998531531681535
HROV-vOTU49322	Sex	M	0.0114618870073543	0.612557775983651	77	27	0.985123722441496	0.998531531681535
HROV-vOTU30930	Smoking_Status	Never_Smoker	-0.00868739616622236	0.47585849608036	77	10	0.985485628271097	0.998531531681535
HROV-vOTU48814	Sex	M	-0.0153341778431051	0.84208363968409	77	22	0.985522558028528	0.998531531681535
HROV-vOTU57880	Smoking_Status	Former_Smoker	-0.009901893747017	0.545055843115109	77	9	0.985556782748379	0.998531531681535
HROV-vOTU73171	diagnosis	RA	0.0091470342903982	0.511400952618649	77	32	0.985779783823293	0.998614780568771
HROV-vOTU56605	Smoking_Status	Former_Smoker	0.022364086045817	1.29654241412949	77	74	0.986286336351801	0.998660219531717
HROV-vOTU53073	Sex	M	-0.0134882602941007	0.776716028841799	77	72	0.986193536742182	0.998660219531717
HROV-vOTU00652	Sex	M	0.0129501769638663	0.746972388036617	77	72	0.986216484495858	0.998660219531717
HROV-vOTU62679	diagnosis	RA	0.00859915243075649	0.500406205335653	77	34	0.98633775114244	0.998660219531717
HROV-vOTU75400	Age	Age	0.00779530805063558	0.451029260747621	77	21	0.986259025155986	0.998660219531717
HROV-vOTU03672	Sex	M	0.0144120457677388	0.832092483957499	77	58	0.986229715275661	0.998660219531717
HROV-vOTU09198	Sex	M	0.0152717374306596	0.876578203037283	77	60	0.986148831628308	0.998660219531717
HROV-vOTU73863	Age	Age	0.00322061673652632	0.182759669661251	77	16	0.985989720689909	0.998660219531717
HROV-vOTU72129	Smoking_Status	Never_Smoker	-0.0133410791588374	0.757186768797659	77	29	0.985992002213447	0.998660219531717
HROV-vOTU32409	Sex	M	0.00912740991897463	0.53119125146324	77	24	0.986338893525903	0.998660219531717
HROV-vOTU02408	Smoking_Status	Former_Smoker	0.040546230675723	2.30538356512362	77	35	0.98601715654128	0.998660219531717
HROV-vOTU12405	Age	Age	0.00340477275415008	0.198869042436973	77	19	0.98638836359913	0.998660219531717
HROV-vOTU62838	Smoking_Status	Former_Smoker	0.00625594011262813	0.364534101270682	77	8	0.986355937208084	0.998660219531717
HROV-vOTU19194	Smoking_Status	Never_Smoker	-0.0123081722390847	0.735917059721647	77	73	0.986702957137895	0.998672267132279
HROV-vOTU08942	Sex	M	-0.0146041575618956	0.858813935720698	77	53	0.98648029835297	0.998672267132279
HROV-vOTU53580	diagnosis	RA	0.00879416998131244	0.523958710421668	77	37	0.986655938956597	0.998672267132279
HROV-vOTU21018	Sex	M	0.0186094748678268	1.11403573894789	77	62	0.986719163842431	0.998672267132279
HROV-vOTU56568	Smoking_Status	Former_Smoker	-0.0228880799184486	1.35975505971419	77	32	0.986617452699908	0.998672267132279
HROV-vOTU66093	Sex	M	0.0165955913576918	0.976985149725313	77	42	0.98649500284705	0.998672267132279
HROV-vOTU05033	Sex	M	0.0151653261602606	0.909774584285572	77	20	0.986747174928137	0.998672267132279
HROV-vOTU48727	diagnosis	RA	0.00614688143115645	0.367438978008008	77	14	0.986699744746667	0.998672267132279
HROV-vOTU37292	Sex	M	-0.0137053121716387	0.825896406654433	77	66	0.986806681438701	0.99868080679948
HROV-vOTU55046	Smoking_Status	Former_Smoker	-0.0148232624520203	0.909971667291457	77	13	0.987048879136873	0.99868080679948
HROV-vOTU54203	diagnosis	RA	-0.00921210291698496	0.567531828575559	77	31	0.98709493710783	0.99868080679948
HROV-vOTU39986	Smoking_Status	Former_Smoker	0.0153390492709613	0.943263988145029	77	12	0.987071245641481	0.99868080679948
HROV-vOTU07407	Sex	M	-0.0113549396849471	0.691380016758392	77	26	0.98694252760444	0.99868080679948
HROV-vOTU24697	diagnosis	RA	-0.00678186447035676	0.418057559695457	77	15	0.98710252736329	0.99868080679948
HROV-vOTU22787	Age	Age	0.00583431538026108	0.35465330413582	77	17	0.986920927917739	0.99868080679948
HROV-vOTU28132	Smoking_Status	Former_Smoker	0.0181846883447223	1.10301676150254	77	18	0.986892655737097	0.99868080679948
HROV-vOTU48334	Age	Age	-0.00607770049273601	0.378212384361419	77	61	0.987223982418947	0.998759810011789
HROV-vOTU51786	Sex	M	0.0102082139376827	0.638339314827686	77	20	0.987285762936968	0.998778437093713
HROV-vOTU50270	Smoking_Status	Never_Smoker	-0.0157674659840768	0.991503682355443	77	43	0.987356715372148	0.998806340816154
HROV-vOTU41109	Age	Age	-0.00412001061128754	0.276577578227327	77	69	0.98815661129235	0.998808198808827
HROV-vOTU54484	Sex	M	0.00785840008935129	0.547862129698627	77	73	0.988595961916184	0.998808198808827
HROV-vOTU48027	Smoking_Status	Never_Smoker	0.0160161621969797	1.02327775214485	77	56	0.987556061649976	0.998808198808827
HROV-vOTU39150	Smoking_Status	Never_Smoker	0.0109511559042313	0.7625819918152	77	75	0.988582548241079	0.998808198808827
HROV-vOTU10146	Age	Age	-0.00562854159323851	0.367164701465094	77	52	0.987812107517945	0.998808198808827
HROV-vOTU35103	Age	Age	0.00766929752214311	0.515040214097598	77	60	0.988161162021828	0.998808198808827
HROV-vOTU49540	Sex	M	-0.00587957350595464	0.388772217220813	77	9	0.987976117575855	0.998808198808827
HROV-vOTU34637	Age	Age	-0.0023315281487246	0.148745016103488	77	9	0.987537903439238	0.998808198808827
HROV-vOTU38801	Sex	M	0.0135157295075317	0.873304618535972	77	69	0.987695412482289	0.998808198808827
HROV-vOTU38801	Smoking_Status	Never_Smoker	0.0165342679611747	1.1302446205034	77	69	0.988369249994185	0.998808198808827
HROV-vOTU68402	Smoking_Status	Former_Smoker	0.0210173570822176	1.40273297284535	77	32	0.988087647800609	0.998808198808827
HROV-vOTU08073	diagnosis	RA	-0.00617555947562671	0.436295338268657	77	22	0.988746388034895	0.998808198808827
HROV-vOTU33468	Age	Age	-0.00274818333963934	0.19142128463086	77	69	0.988585648218155	0.998808198808827
HROV-vOTU13650	Age	Age	-0.00235845364275359	0.162128713659584	77	13	0.988434543456842	0.998808198808827
HROV-vOTU47235	diagnosis	RA	0.00495669863711793	0.334086736977656	77	13	0.988204182924147	0.998808198808827
HROV-vOTU55711	Smoking_Status	Former_Smoker	0.00938735854456964	0.660151450724852	77	8	0.988694340858293	0.998808198808827
HROV-vOTU56474	Smoking_Status	Former_Smoker	0.0147081099228514	1.0349596242285	77	12	0.988701272318616	0.998808198808827
HROV-vOTU41729	Smoking_Status	Former_Smoker	0.0268754919397174	1.8016254814133	77	56	0.988139951111738	0.998808198808827
HROV-vOTU29160	Sex	M	-0.00723615546450364	0.496312161210869	77	14	0.988408269511208	0.998808198808827
HROV-vOTU67925	Smoking_Status	Former_Smoker	-0.0204116440015305	1.31075306655701	77	45	0.987619157206716	0.998808198808827
HROV-vOTU08400	diagnosis	RA	-0.00566683250555656	0.391614824878555	77	15	0.988495260514832	0.998808198808827
HROV-vOTU20181	Smoking_Status	Former_Smoker	0.0154775800975392	1.07550241923723	77	18	0.988558383861872	0.998808198808827
HROV-vOTU19602	Sex	M	0.0110610839305059	0.725610108119964	77	24	0.987880402039885	0.998808198808827
HROV-vOTU63466	Sex	M	-0.00537681758466297	0.369985891731014	77	12	0.98844591539925	0.998808198808827
HROV-vOTU30549	Sex	M	-0.0112915829124736	0.739196849043664	77	23	0.987855252225943	0.998808198808827
HROV-vOTU37764	diagnosis	RA	-0.00694035890575328	0.454867430761452	77	20	0.987869159127158	0.998808198808827
HROV-vOTU65978	Sex	M	-0.00519800941183537	0.363662564430738	77	8	0.988635917585566	0.998808198808827
HROV-vOTU29703	Smoking_Status	Former_Smoker	-0.0111862566620246	0.750451806953847	77	16	0.988148957125246	0.998808198808827
HROV-vOTU24201	Smoking_Status	Former_Smoker	-0.0194620344932988	1.37283689877749	77	31	0.988728922165063	0.998808198808827
HROV-vOTU36754	Sex	M	-0.00627812368285102	0.405850293094082	77	8	0.987701352748228	0.998808198808827
HROV-vOTU46194	Smoking_Status	Former_Smoker	-0.00844428158625547	0.582050143520194	77	8	0.988465526826516	0.998808198808827
HROV-vOTU42090	Sex	M	0.00641249200670749	0.425953970194277	77	8	0.988030984287015	0.998808198808827
HROV-vOTU37071	Smoking_Status	Former_Smoker	-0.0239048814580528	1.7063073324139	77	39	0.988861522371003	0.998850217022589
HROV-vOTU63599	Sex	M	0.00499629640294607	0.357054101960213	77	9	0.98887472636192	0.998850217022589
HROV-vOTU31641	diagnosis	RA	-0.0107898002686685	0.786570515129073	77	28	0.989093815584553	0.998891431070843
HROV-vOTU50340	diagnosis	RA	0.00806881983853568	0.590031487000764	77	23	0.989127435080534	0.998891431070843
HROV-vOTU50051	Age	Age	-0.0047067676900521	0.342843033470037	77	44	0.989084980741697	0.998891431070843
HROV-vOTU53162	Sex	M	-0.00759103023508058	0.555346600750849	77	26	0.989132396247094	0.998891431070843
HROV-vOTU06473	Sex	M	0.00669329591204554	0.486187879989823	77	12	0.989054568381819	0.998891431070843
HROV-vOTU67489	Sex	M	-0.00610172471523666	0.449306860579657	77	13	0.989202904832524	0.99891883268846
HROV-vOTU47090	diagnosis	RA	0.00611210419333973	0.459430463356676	77	14	0.989422844829124	0.999053319730565
HROV-vOTU25193	diagnosis	RA	-0.0102847100572592	0.77305689015695	77	26	0.989422610137811	0.999053319730565
HROV-vOTU25214	Smoking_Status	Never_Smoker	-0.00606567400942463	0.46797402354169	77	76	0.989694812598456	0.999093030933213
HROV-vOTU08392	Age	Age	-0.00199659325685755	0.164410838116604	77	76	0.990344845268972	0.999093030933213
HROV-vOTU43365	Sex	M	-0.00831631716989072	0.676366177966702	77	75	0.990224275109898	0.999093030933213
HROV-vOTU73162	Sex	M	-0.00854480814957411	0.663266203511313	77	69	0.989757330219062	0.999093030933213
HROV-vOTU72030	Smoking_Status	Former_Smoker	0.0113385254600866	1.02392705607792	77	72	0.991195808788913	0.999093030933213
HROV-vOTU35103	Sex	M	0.0165844186073147	1.32864817291332	77	60	0.990075932112457	0.999093030933213
HROV-vOTU03095	Age	Age	0.00344752753924057	0.285825473869218	77	14	0.990410255435098	0.999093030933213
HROV-vOTU01314	Sex	M	0.00934854872561868	0.776287833555469	77	67	0.990425377116483	0.999093030933213
HROV-vOTU57119	Smoking_Status	Never_Smoker	-0.0182622431255137	1.4038473741533	77	38	0.989657328977267	0.999093030933213
HROV-vOTU34447	Age	Age	0.00535404941772356	0.442826246312789	77	29	0.990387215688238	0.999093030933213
HROV-vOTU04498	Sex	M	0.0147113499565688	1.25832113829034	77	52	0.990704732174897	0.999093030933213
HROV-vOTU30149	Smoking_Status	Former_Smoker	-0.0241558632635952	2.14004030473015	77	59	0.991025667339442	0.999093030933213
HROV-vOTU03897	Sex	M	-0.00664977959404694	0.54580290819279	77	13	0.99031339888693	0.999093030933213
HROV-vOTU35216	diagnosis	RA	0.00813427734292733	0.633539053180458	77	45	0.989791912346864	0.999093030933213
HROV-vOTU05852	Smoking_Status	Former_Smoker	0.00931578531382703	0.765182656308325	77	16	0.99032046754536	0.999093030933213
HROV-vOTU36921	diagnosis	RA	0.00545641195236173	0.464721910155323	77	30	0.990664989940451	0.999093030933213
HROV-vOTU13913	Smoking_Status	Former_Smoker	-0.0186704330623241	1.6428529390359	77	54	0.990964397258972	0.999093030933213
HROV-vOTU72850	Smoking_Status	Never_Smoker	-0.0139172973519895	1.12857154322357	77	29	0.990195497655191	0.999093030933213
HROV-vOTU20362	Smoking_Status	Former_Smoker	0.0155028176849334	1.2654859900185	77	32	0.99026012936376	0.999093030933213
HROV-vOTU18579	Sex	M	0.00797689265897928	0.672054225211922	77	35	0.990563085999767	0.999093030933213
HROV-vOTU42028	Smoking_Status	Never_Smoker	-0.0051532574706294	0.467758442295269	77	9	0.9912408451495	0.999093030933213
HROV-vOTU73181	Sex	M	-0.00911881892736286	0.699893277046516	77	44	0.989641300935832	0.999093030933213
HROV-vOTU07848	Age	Age	0.00351418392876299	0.317067862761159	77	50	0.99118800681767	0.999093030933213
HROV-vOTU37069	Age	Age	0.00404930184397903	0.357282889605666	77	35	0.990989074257791	0.999093030933213
HROV-vOTU60429	Age	Age	0.00195840993588914	0.157635626616219	77	12	0.990122459859454	0.999093030933213
HROV-vOTU10378	Age	Age	0.00544085994944146	0.450727326639582	77	52	0.990402593976557	0.999093030933213
HROV-vOTU44282	diagnosis	RA	-0.00467530169337264	0.409287899944681	77	15	0.990917988162597	0.999093030933213
HROV-vOTU23687	diagnosis	RA	-0.00645665273312523	0.566461667070244	77	34	0.99093770339102	0.999093030933213
HROV-vOTU12680	Smoking_Status	Former_Smoker	0.014880927588893	1.19644779445648	77	14	0.990111377421616	0.999093030933213
HROV-vOTU23466	Smoking_Status	Former_Smoker	0.00733870358045741	0.622210455867874	77	8	0.990622593629353	0.999093030933213
HROV-vOTU08031	Smoking_Status	Never_Smoker	-0.00530760272796717	0.481609738550984	77	9	0.991237961848441	0.999093030933213
HROV-vOTU40109	Sex	M	-0.00608151256350601	0.529789283544047	77	13	0.99087338620725	0.999093030933213
HROV-vOTU66829	Smoking_Status	Former_Smoker	0.0122797570735486	1.05975257363329	77	8	0.990787312366484	0.999093030933213
HROV-vOTU58363	Smoking_Status	Former_Smoker	0.015051133311176	1.28867103692854	77	21	0.990714013929149	0.999093030933213
HROV-vOTU38064	Sex	M	-0.00690050565725336	0.620168900602013	77	18	0.991153474151133	0.999093030933213
HROV-vOTU31229	diagnosis	RA	0.00453350655976529	0.363696480888101	77	9	0.990089520881792	0.999093030933213
HROV-vOTU11407	Smoking_Status	Former_Smoker	0.0181266959626325	1.40396857723501	77	18	0.989734976849329	0.999093030933213
HROV-vOTU37315	diagnosis	RA	-0.00498822169970748	0.406524823280435	77	18	0.990244297854798	0.999093030933213
HROV-vOTU12332	Sex	M	-0.00615701772122447	0.498975003084336	77	9	0.990189495435079	0.999093030933213
HROV-vOTU17592	Smoking_Status	Former_Smoker	-0.0107163798300656	0.912534812945513	77	13	0.990663170247758	0.999093030933213
HROV-vOTU05119	diagnosis	RA	0.00400960878457626	0.358091680598029	77	11	0.991097551442469	0.999093030933213
HROV-vOTU43100	Smoking_Status	Former_Smoker	0.0193650114339156	1.77545919719273	77	34	0.991328200344923	0.999093626272092
HROV-vOTU03088	Smoking_Status	Former_Smoker	0.0112776164816496	1.03006625893184	77	15	0.991295290792642	0.999093626272092
HROV-vOTU56296	diagnosis	RA	0.0060266397898261	0.555538465140054	77	27	0.991374915314866	0.999096984933545
HROV-vOTU66335	Sex	M	0.00930946881106187	0.95449581711152	77	32	0.992245482231483	0.999122684107001
HROV-vOTU73280	Smoking_Status	Former_Smoker	0.0137361106857111	1.33224630181452	77	70	0.991802482330411	0.999122684107001
HROV-vOTU06013	Smoking_Status	Former_Smoker	-0.0128646323248302	1.32965408869554	77	59	0.992307584395818	0.999122684107001
HROV-vOTU57134	Smoking_Status	Never_Smoker	0.00605925484473366	0.574262310529758	77	20	0.991610972095136	0.999122684107001
HROV-vOTU32303	Smoking_Status	Never_Smoker	-0.0109477964538129	1.12123801658056	77	51	0.992236942408825	0.999122684107001
HROV-vOTU41054	Sex	M	0.0135331534749673	1.39520017535959	77	28	0.992288009517462	0.999122684107001
HROV-vOTU24081	Sex	M	-0.0109818041477192	1.07037850689427	77	64	0.99184283036463206	0.999122684107001
HROV-vOTU70683	Smoking_Status	Former_Smoker	-0.00743290867196727	0.75104387583992	77	74	0.992131404788105	0.999122684107001
HROV-vOTU31047	Smoking_Status	Never_Smoker	0.00594637639870083	0.614754880707319	77	18	0.992309502254615	0.999122684107001
HROV-vOTU10396	diagnosis	RA	0.0034896144390293	0.350791282816497	77	14	0.99209080478414	0.999122684107001
HROV-vOTU34386	Smoking_Status	Former_Smoker	0.012772283244759	1.19461105537412	77	23	0.991499498914139	0.999122684107001
HROV-vOTU57856	diagnosis	RA	0.0040280746705111	0.411868611636974	77	35	0.992224242600833	0.999122684107001
HROV-vOTU22834	Age	Age	-0.00439959953508364	0.448327724375182	77	39	0.992197722571294	0.999122684107001
HROV-vOTU11494	Sex	M	0.0100718152629609	0.999613020953066	77	53	0.991989137063555	0.999122684107001
HROV-vOTU49646	Sex	M	-0.00429292513270971	0.423211470528717	77	8	0.991935095334471	0.999122684107001
HROV-vOTU25943	Age	Age	0.00256491622604558	0.253157075831591	77	26	0.991944611591512	0.999122684107001
HROV-vOTU05840	Smoking_Status	Former_Smoker	-0.0250754517041288	2.40887116059435	77	43	0.991723663400373	0.999122684107001
HROV-vOTU73516	Smoking_Status	Former_Smoker	0.00702788140464094	0.704448814304526	77	14	0.992068075308012	0.999122684107001
HROV-vOTU44791	Age	Age	-0.00103301293325565	0.102099575628591	77	10	0.991955756391895	0.999122684107001
HROV-vOTU65280	Smoking_Status	Former_Smoker	-0.00724055601825346	0.708432207877241	77	8	0.991873999232549	0.999122684107001
HROV-vOTU22923	diagnosis	RA	0.00375159083474908	0.387950390769303	77	9	0.992311469977396	0.999122684107001
HROV-vOTU39035	Smoking_Status	Never_Smoker	0.0124237121858382	1.41014084381331	77	52	0.992995226473353	0.999270457821117
HROV-vOTU51319	diagnosis	RA	-0.00447757672390751	0.540441947185886	77	28	0.99341281510267	0.999270457821117
HROV-vOTU41573	Sex	M	0.00721161007958608	0.806017935721231	77	70	0.992886348891367	0.999270457821117
HROV-vOTU24480	Smoking_Status	Never_Smoker	0.00692705445965861	0.786160450805027	77	43	0.992994443866466	0.999270457821117
HROV-vOTU73012	Sex	M	0.0079137472516975	0.937655615892197	77	53	0.993289660485524	0.999270457821117
HROV-vOTU72267	Smoking_Status	Never_Smoker	-0.0105426485009896	1.19092555202413	77	29	0.992961659592031	0.999270457821117
HROV-vOTU43832	diagnosis	RA	-0.0044335532729438	0.528349603770031	77	38	0.993328303483871	0.999270457821117
HROV-vOTU22265	Smoking_Status	Former_Smoker	-0.0151549379556202	1.74015835256674	77	34	0.993075782022409	0.999270457821117
HROV-vOTU17583	Smoking_Status	Former_Smoker	-0.00971066792811119	1.0663090485006	77	48	0.992759462168407	0.999270457821117
HROV-vOTU63699	Smoking_Status	Never_Smoker	0.00576155270625963	0.693192727048493	77	19	0.99339167525301	0.999270457821117
HROV-vOTU42028	Age	Age	-0.00125587110688739	0.140102565542439	77	9	0.992873045453428	0.999270457821117
HROV-vOTU41636	diagnosis	RA	-0.00469603762733102	0.559769327575422	77	49	0.993329963499604	0.999270457821117
HROV-vOTU67948	Age	Age	0.00199919929904153	0.232642294744779	77	19	0.993167605987216	0.999270457821117
HROV-vOTU66410	diagnosis	RA	-0.00712376074070805	0.7639809861629	77	52	0.992586363318917	0.999270457821117
HROV-vOTU20831	diagnosis	RA	-0.00206554664557194	0.231447832851028	77	10	0.992904435564266	0.999270457821117
HROV-vOTU25686	diagnosis	RA	0.00377921529848809	0.450661137394168	77	52	0.993332588346831	0.999270457821117
HROV-vOTU10989	Sex	M	0.00523516622295209	0.605127223909955	77	12	0.993121571991435	0.999270457821117
HROV-vOTU05229	Age	Age	0.00142999212877562	0.167849269545489	77	8	0.99322639652084	0.999270457821117
HROV-vOTU16565	Sex	M	-0.00213470675576274	0.249347867956008	77	9	0.993193276775786	0.999270457821117
HROV-vOTU12517	Sex	M	-0.00333628187429308	0.373657790071832	77	9	0.992901056012667	0.999270457821117
HROV-vOTU13271	Smoking_Status	Former_Smoker	0.0101470405140005	1.15951703451329	77	15	0.993042270409858	0.999270457821117
HROV-vOTU36038	diagnosis	RA	0.00269977695526588	0.317478103154022	77	11	0.993238863449419	0.999270457821117
HROV-vOTU00172	diagnosis	RA	0.00499775491600663	0.622495786488724	77	15	0.993616707967241	0.999361447867861
HROV-vOTU13618	diagnosis	RA	0.00367935407785264	0.462220157950658	77	24	0.993671089458147	0.999361447867861
HROV-vOTU73958	Smoking_Status	Former_Smoker	0.00794731763333625	0.999293744617782	77	18	0.993676847361101	0.999361447867861
HROV-vOTU61935	Smoking_Status	Former_Smoker	0.0042927244832592	0.530208366365004	77	11	0.99356286623939	0.999361447867861
HROV-vOTU03192	diagnosis	RA	-0.00401987867198185	0.790644217723612	77	63	0.99595758538918	0.999437104980111
HROV-vOTU34402	Sex	M	-0.00760214491002144	1.02751330485338	77	63	0.994117586118361	0.999437104980111
HROV-vOTU31942	Smoking_Status	Former_Smoker	0.0100426991588742	2.20059982144619	77	49	0.996371569932845	0.999437104980111
HROV-vOTU06241	Age	Age	-8.9642917622465e-4	0.232585415753507	77	73	0.996935615054974	0.999437104980111
HROV-vOTU67370	Sex	M	-0.00679184258638885	1.07303863665397	77	60	0.994967541323742	0.999437104980111
HROV-vOTU07890	Sex	M	-0.00164157327530834	0.347303736159493	77	12	0.996241971372109	0.999437104980111
HROV-vOTU61668	Sex	M	-0.00416998753805049	0.91534985666762	77	54	0.996377928475792	0.999437104980111
HROV-vOTU26648	diagnosis	RA	-0.0043089039065891	0.552464421676166	77	32	0.993798897143533	0.999437104980111
HROV-vOTU33245	Age	Age	-0.00199867686447462	0.412365685501214	77	52	0.996146376796722	0.999437104980111
HROV-vOTU69434	Smoking_Status	Former_Smoker	-0.00354324510588363	0.628452739020101	77	20	0.995517326111426	0.999437104980111
HROV-vOTU10841	Smoking_Status	Never_Smoker	0.00665170547308468	0.94130785920634	77	67	0.994381652888351	0.999437104980111
HROV-vOTU11625	Age	Age	0.00134780473796119	0.320716827807378	77	32	0.996658704846078	0.999437104980111
HROV-vOTU49304	Smoking_Status	Never_Smoker	0.00191160018296019	0.505399851968935	77	8	0.996992734243455	0.999437104980111
HROV-vOTU41996	Smoking_Status	Former_Smoker	-0.00304674090890701	0.71985341020145	77	17	0.996634876180077	0.999437104980111
HROV-vOTU66843	Sex	M	-0.00520293132960018	0.814893522224056	77	33	0.99492360810232	0.999437104980111
HROV-vOTU04455	diagnosis	RA	-0.00191898832226475	0.45524995483584	77	66	0.996648555572936	0.999437104980111
HROV-vOTU56685	diagnosis	RA	-0.00383341766508738	0.940773050891456	77	37	0.996760254025095	0.999437104980111
HROV-vOTU33117	Sex	M	-0.00212072282865107	0.580158942462672	77	16	0.997093657143857	0.999437104980111
HROV-vOTU05156	Age	Age	0.00201236186556382	0.332865583881976	77	45	0.995193317813764	0.999437104980111
HROV-vOTU03026	Smoking_Status	Former_Smoker	-0.00710642703187462	1.4283104203626	77	24	0.996044168489637	0.999437104980111
HROV-vOTU41621	Smoking_Status	Never_Smoker	0.00516449140592085	1.12445614916072	77	26	0.996348305872958	0.999437104980111
HROV-vOTU23600	Age	Age	0.00111096484991365	0.240232858851077	77	60	0.996323138720265	0.999437104980111
HROV-vOTU01038	Sex	M	-0.00158678444638242	0.382762103543934	77	9	0.996703913148147	0.999437104980111
HROV-vOTU59484	Sex	M	-0.00395078136623193	0.646214955835793	77	59	0.995139128344502	0.999437104980111
HROV-vOTU01633	Sex	M	0.00362267399321464	0.872422735528078	77	28	0.996698495306954	0.999437104980111
HROV-vOTU02249	Smoking_Status	Former_Smoker	0.00947126958728213	1.53477475364256	77	20	0.995093501588732	0.999437104980111
HROV-vOTU47608	Smoking_Status	Never_Smoker	0.00463660142880322	0.883262965202231	77	30	0.99582632500836	0.999437104980111
HROV-vOTU18057	Smoking_Status	Former_Smoker	0.00809411681814334	1.12334613596314	77	14	0.994271209143387	0.999437104980111
HROV-vOTU03079	Smoking_Status	Never_Smoker	-0.00783972783895388	1.18128007293097	77	10	0.994723380459896	0.999437104980111
HROV-vOTU67751	Sex	M	0.00275439804513535	0.553859414263397	77	18	0.996046003776633	0.999437104980111
HROV-vOTU20363	Sex	M	0.00201113723797948	0.532603705310895	77	15	0.99699774633651	0.999437104980111
HROV-vOTU61142	diagnosis	RA	0.00206171444744032	0.562593439184745	77	33	0.997086307129039	0.999437104980111
HROV-vOTU05939	Age	Age	0.00104926389275338	0.281355821872344	77	30	0.997034904352286	0.999437104980111
HROV-vOTU07891	Smoking_Status	Former_Smoker	-0.00708548358152997	1.10574883317825	77	16	0.994905273221982	0.999437104980111
HROV-vOTU04541	Smoking_Status	Former_Smoker	-0.00670021538887079	0.876563196044534	77	12	0.993922679373971	0.999437104980111
HROV-vOTU49753	diagnosis	RA	0.00247734336874239	0.652451113767775	77	24	0.99698110452405	0.999437104980111
HROV-vOTU10672	diagnosis	RA	0.00279641646475866	0.572114321086659	77	40	0.996113772829083	0.999437104980111
HROV-vOTU57856	Age	Age	-0.00158833703629485	0.210721180487817	77	35	0.994007042361338	0.999437104980111
HROV-vOTU09590	Smoking_Status	Former_Smoker	-0.00910627928009923	1.31609602076162	77	31	0.99449875760079	0.999437104980111
HROV-vOTU46469	Sex	M	0.00273770078026359	0.672517992442497	77	17	0.99676337964108	0.999437104980111
HROV-vOTU26281	diagnosis	RA	0.00219210394873393	0.507017627738158	77	42	0.996562461115656	0.999437104980111
HROV-vOTU16313	Age	Age	0.0011036521999833	0.30008964597141	77	39	0.997075907307489	0.999437104980111
HROV-vOTU30995	diagnosis	RA	-0.00188764785344425	0.337585817568579	77	12	0.99555424632033	0.999437104980111
HROV-vOTU55067	Age	Age	0.00184106807749816	0.330764999781469	77	46	0.995574534781668	0.999437104980111
HROV-vOTU07961	diagnosis	RA	-0.00193056355500606	0.349389163033005	77	14	0.995606776095667	0.999437104980111
HROV-vOTU35848	Age	Age	-0.00125724343638226	0.23043455957366	77	22	0.995662090523788	0.999437104980111
HROV-vOTU74691	Smoking_Status	Former_Smoker	-0.0124758108987928	1.72590291811024	77	35	0.994252757912697	0.999437104980111
HROV-vOTU42036	Smoking_Status	Former_Smoker	0.00422922449832802	1.0620103476899	77	20	0.996833775296674	0.999437104980111
HROV-vOTU22959	Sex	M	-0.00304568221966659	0.520582168218958	77	67	0.99534838573476	0.999437104980111
HROV-vOTU18853	Age	Age	0.00118873480881067	0.23209310291381	77	17	0.995927775374778	0.999437104980111
HROV-vOTU24122	Age	Age	0.00118997834388333	0.255002451208835	77	27	0.996289742852287	0.999437104980111
HROV-vOTU01885	Age	Age	6.7013974870613e-4	0.163539835221783	77	13	0.996741996877281	0.999437104980111
HROV-vOTU57826	Smoking_Status	Former_Smoker	-0.0070539528481506604	1.20671009525417	77	27	0.995352300890803	0.999437104980111
HROV-vOTU02347	diagnosis	RA	-0.0028009304877778	0.471535448172228	77	19	0.99527723538992	0.999437104980111
HROV-vOTU51039	diagnosis	RA	0.00291877621052067	0.731247921438043	77	42	0.996826446018814	0.999437104980111
HROV-vOTU41466	Sex	M	-0.00290258605836564	0.445408041230782	77	13	0.994818746508882	0.999437104980111
HROV-vOTU17471	Sex	M	0.00435909628194415	0.577022978080526	77	28	0.993993657811311	0.999437104980111
HROV-vOTU40670	Age	Age	0.00100138024128622	0.259407070147904	77	24	0.996930787052856	0.999437104980111
HROV-vOTU06941	Smoking_Status	Never_Smoker	-0.00156094118286202	0.243619903809769	77	8	0.994905733459157	0.999437104980111
HROV-vOTU73846	diagnosis	RA	-0.00251288474128442	0.355407983063127	77	20	0.994378494662461	0.999437104980111
HROV-vOTU01809	Sex	M	-0.00461944398861403	0.647377338111118	77	10	0.994326652548862	0.999437104980111
HROV-vOTU26157	Sex	M	0.00245867319535652	0.484113937229572	77	10	0.995962037944481	0.999437104980111
HROV-vOTU03725	diagnosis	RA	0.00253081904062782	0.490120566456541	77	38	0.995894489989544	0.999437104980111
HROV-vOTU26115	Smoking_Status	Former_Smoker	0.0130495830375717	2.00782434449547	77	30	0.994832520944178	0.999437104980111
HROV-vOTU05092	Smoking_Status	Never_Smoker	0.00230958837968023	0.5393299576402	77	13	0.996595215716768	0.999437104980111
HROV-vOTU51025	Smoking_Status	Former_Smoker	0.00548152952269693	0.773449449723332	77	10	0.994365218993489	0.999437104980111
HROV-vOTU53233	Smoking_Status	Former_Smoker	0.00389562496538005	0.971733211389725	77	14	0.996812576129539	0.999437104980111
HROV-vOTU70862	Smoking_Status	Never_Smoker	0.00269035691871536	0.56678312934711494	77	12	0.996225997031244	0.999437104980111
HROV-vOTU11697	Sex	M	0.00203317907968332	0.41989744805034	77	10	0.996150169734931	0.999437104980111
HROV-vOTU06473	Smoking_Status	Never_Smoker	-0.00259005639555684	0.629232027690021	77	12	0.996727285934816	0.999437104980111
HROV-vOTU26162	Smoking_Status	Former_Smoker	0.0145300760528117	1.9213111359178	77	29	0.993987198100506	0.999437104980111
HROV-vOTU32102	diagnosis	RA	0.00200054845512588	0.284165096548334	77	8	0.994402609457622	0.999437104980111
HROV-vOTU22117	Smoking_Status	Former_Smoker	-0.0030420559694936	0.553813621417212	77	12	0.995632707716448	0.999437104980111
HROV-vOTU57235	Sex	M	0.0013766215181174	0.312953324448492	77	10	0.996502606727973	0.999437104980111
HROV-vOTU74065	Smoking_Status	Never_Smoker	-0.0033962700695552	0.755566682726271	77	16	0.996426129253105	0.999437104980111
HROV-vOTU16938	diagnosis	RA	0.00301390239891927	0.402780082704542	77	14	0.99405067089798	0.999437104980111
HROV-vOTU57641	Smoking_Status	Former_Smoker	0.00423816596196465	0.75136749469	77	11	0.995515292457188	0.999437104980111
HROV-vOTU48334	Smoking_Status	Never_Smoker	0.00448902971673242	1.2627323067263	77	61	0.997173485830883	0.999473620519878
HROV-vOTU31990	Age	Age	0.00122171299049904	0.36306132609396	77	66	0.997324534980654	0.999581514518429
HROV-vOTU31636	Age	Age	-5.6189013584579e-4	0.176225190226057	77	15	0.997464908846014	0.999678700148993
HROV-vOTU39186	Smoking_Status	Former_Smoker	0.00441926733092154	1.42780475413287	77	65	0.99753911310798	0.999696935648874
HROV-vOTU07258	Age	Age	0.00116781606169419	0.396245031526477	77	26	0.997656737821019	0.999696935648874
HROV-vOTU23194	Smoking_Status	Never_Smoker	-0.00341167824764609	1.13102618454624	77	50	0.99760168819429	0.999696935648874
HROV-vOTU17571	Age	Age	-5.6600147611117e-4	0.190492788913526	77	22	0.997637622586283	0.999696935648874
HROV-vOTU49630	Age	Age	-6.8158120233141e-4	0.246810754071758	77	36	0.997804346159632	0.999714351868804
HROV-vOTU19022	Sex	M	-0.00350321962332293	1.2494835094511	77	37	0.997770809593993	0.999714351868804
HROV-vOTU04055	Sex	M	-0.0012671607785604	0.442240274303242	77	8	0.997721842556825	0.999714351868804
HROV-vOTU13759	Age	Age	4.8114725140398e-4	0.213025729436872	77	74	0.998204206150598	0.999715053651002
HROV-vOTU07537	Sex	M	0.00162791781567653	0.70493040296823	77	56	0.998163898230998	0.999715053651002
HROV-vOTU05459	Age	Age	-4.8424685832547e-4	0.214301496516554	77	34	0.998203396922421	0.999715053651002
HROV-vOTU20305	Smoking_Status	Former_Smoker	-0.00283365013687089	1.07621639958156	77	9	0.997906576863479	0.999715053651002
HROV-vOTU25790	Smoking_Status	Never_Smoker	-0.00135396355273855	0.604145248617677	77	12	0.998218129462823	0.999715053651002
HROV-vOTU40169	Age	Age	-6.4771371804445e-4	0.289250074713663	77	21	0.99821958947329	0.999715053651002
HROV-vOTU02205	Smoking_Status	Former_Smoker	0.0016089436531995	0.648446900319117	77	16	0.998027228112187	0.999715053651002
HROV-vOTU07332	Sex	M	-0.00119763886207013	0.49325199848706	77	10	0.998069510251265	0.999715053651002
HROV-vOTU68726	diagnosis	RA	-0.00127581952777968	0.576069317211469	77	10	0.998239139112395	0.999715053651002
HROV-vOTU12936	diagnosis	RA	-6.5865864764623e-4	0.2924775016697	77	15	0.998209482922187	0.999715053651002
HROV-vOTU55741	Smoking_Status	Former_Smoker	0.00304772892799707	1.50450098624097	77	22	0.998389374890705	0.999822033471015
HROV-vOTU35076	diagnosis	RA	0.00121361635008848	0.627662632389743	77	41	0.998462674692835	0.999824393781884
HROV-vOTU61935	Age	Age	2.1527064993779e-4	0.112496905713644	77	11	0.998478559817175	0.999824393781884
HROV-vOTU63750	Sex	M	-0.00160801872479761	0.90129188767228	77	50	0.998581477228144	0.999848702892177
HROV-vOTU51830	diagnosis	RA	-4.262564159563e-4	0.240303294596204	77	16	0.998589666314501	0.999848702892177
HROV-vOTU06486	Smoking_Status	Former_Smoker	0.00128527079857505	0.967457637027711	77	72	0.998943733612801	0.999899532127687
HROV-vOTU21496	Sex	M	-4.4889907349383e-4	0.474787765037855	77	71	0.999248273205329	0.999899532127687
HROV-vOTU24406	Smoking_Status	Former_Smoker	-0.00139599896478813	1.09370280376516	77	23	0.998985162381932	0.999899532127687
HROV-vOTU18437	Smoking_Status	Former_Smoker	0.0011669026239668	1.18113528628596	77	10	0.999214500692162	0.999899532127687
HROV-vOTU33368	Age	Age	-3.5690330543746e-4	0.244416536293871	77	72	0.998839003970525	0.999899532127687
HROV-vOTU49128	Smoking_Status	Former_Smoker	0.00242211740121178	2.05836477570146	77	42	0.999064414132462	0.999899532127687
HROV-vOTU41050	Age	Age	4.0355601708256e-4	0.404240906974005	77	33	0.999206267066458	0.999899532127687
HROV-vOTU21097	Smoking_Status	Never_Smoker	-0.00137123902043899	1.05257765995036	77	35	0.998964214572869	0.999899532127687
HROV-vOTU09968	Smoking_Status	Never_Smoker	8.7784185193466e-4	0.872557297684103	77	40	0.999200104673998	0.999899532127687
HROV-vOTU18924	Age	Age	-3.4654723390307e-4	0.355400397283728	77	56	0.999224725741864	0.999899532127687
HROV-vOTU43506	Smoking_Status	Former_Smoker	-0.00116054446413942	0.996134320650366	77	15	0.999073693551694	0.999899532127687
HROV-vOTU34455	Smoking_Status	Never_Smoker	9.0524254743416e-4	0.786579290058366	77	25	0.99908497436901	0.999899532127687
HROV-vOTU16374	Smoking_Status	Former_Smoker	-9.0126180665965e-4	0.900504946573615	77	16	0.999204251741424	0.999899532127687
HROV-vOTU74372	Smoking_Status	Former_Smoker	-8.6122968922799e-4	0.776052771560329	77	12	0.999117654745427	0.999899532127687
HROV-vOTU06779	Smoking_Status	Former_Smoker	9.4176781255023e-4	1.17138167093171	77	12	0.999360771282284	0.999925210176435
HROV-vOTU67860	Smoking_Status	Former_Smoker	-7.782648348289e-4	0.918625610487118	77	18	0.999326403670282	0.999925210176435
HROV-vOTU49019	Smoking_Status	Former_Smoker	-8.3018314277426e-4	1.1134841627725	77	20	0.999407210187325	0.999928232279698
HROV-vOTU47360	Smoking_Status	Never_Smoker	-7.0452295112841e-4	1.12798445790816	77	31	0.999503404354095	0.999937593495865
HROV-vOTU52056	Age	Age	-9.27521572139112e-5	0.144818527641038	77	9	0.999490773768166	0.999937593495865
HROV-vOTU05377	Age	Age	-8.61800997246804e-5	0.155099828236404	77	13	0.999558219483212	0.999948994166125
HROV-vOTU53890	Smoking_Status	Former_Smoker	3.0018503414134e-4	1.12009934775879	77	73	0.999786919654158	0.999983115371034
HROV-vOTU58162	diagnosis	RA	-5.75400072454008e-5	0.3898498289471	77	71	0.999882649898722	0.999983115371034
HROV-vOTU59942	Smoking_Status	Never_Smoker	8.4425175702924e-5	1.16637857900758	77	64	0.999942450262927	0.999983115371034
HROV-vOTU24576	Smoking_Status	Former_Smoker	8.55376699344619e-5	1.13467645235109	77	41	0.99994006282366	0.999983115371034
HROV-vOTU41050	Smoking_Status	Never_Smoker	2.86613354172543e-5	1.34963336485734	77	33	0.999983115371034	0.999983115371034
HROV-vOTU49079	diagnosis	RA	-1.6673072579224e-4	0.71288305836955	77	50	0.999814044833576	0.999983115371034
HROV-vOTU08600	diagnosis	RA	1.8183923153548e-4	0.725333592181741	77	58	0.999800675493475	0.999983115371034
HROV-vOTU37583	Sex	M	-6.70384973334232e-5	1.09682203002213	77	56	0.999951404169113	0.999983115371034
HROV-vOTU59948	Sex	M	5.80066483994507e-5	0.296712222313952	77	9	0.999844563417255	0.999983115371034
